,Mini,Mass,label,Vmag,Imag
0,0.0900000036,0.09,1,16.343,12.561
1,0.0950612798,0.095,1,15.578,12.09
2,0.1000000015,0.1,1,14.904,11.775
3,0.10129489,0.101,1,14.802,11.722
4,0.1199999973,0.12,1,13.53,11.027
5,0.1400000006,0.14,1,12.789,10.543
6,0.1599999964,0.16,1,12.292,10.181
7,0.2000000179,0.2,1,11.594,9.637
8,0.25,0.25,1,10.977,9.127
9,0.3000000417,0.3,1,10.496,8.717
10,0.349999994,0.35,1,10.09,8.345
11,0.400000006,0.4,1,9.614,7.958
12,0.4281456769,0.428,1,9.246,7.697
13,0.4500000179,0.45,1,9.026,7.52
14,0.4637063444,0.464,1,8.853,7.39
15,0.5,0.5,1,8.42,7.064
16,0.5500000715,0.55,1,7.728,6.57
17,0.6000000238,0.6,1,7.116,6.113
18,0.6487967372,0.649,1,6.583,5.698
19,0.6499999762,0.65,1,6.571,5.688
20,0.6740095019,0.674,1,6.332,5.499
21,0.6999999881,0.7,1,6.09,5.304
22,0.7065003514,0.707,1,6.033,5.258
23,0.7355475426,0.736,1,5.781,5.054
24,0.75,0.75,1,5.66,4.954
25,0.7574549913,0.757,1,5.599,4.903
26,0.7850798965,0.785,1,5.376,4.713
27,0.8000000119,0.8,1,5.257,4.61
28,0.8198856711,0.82,1,5.1,4.474
29,0.8471913338,0.847,1,4.885,4.285
30,0.8500000238,0.85,1,4.863,4.266
31,0.8759005666,0.875,1,4.658,4.086
32,0.8979279995,0.897,1,4.483,3.931
33,0.8999999762,0.899,1,4.466,3.917
34,0.9179829955,0.917,1,4.321,3.789
35,0.9361857772,0.936,1,4.171,3.656
36,0.9500000477,0.95,1,4.054,3.553
37,0.9505451918,0.95,1,4.049,3.549
38,0.967879951,0.968,1,3.899,3.418
39,0.9834076166,0.983,1,3.762,3.297
40,0.9980702996,0.998,1,3.632,3.181
41,1.0,1.0,1,3.615,3.166
42,1.0048348904,1.005,1,3.572,3.128
43,1.018332243,1.018,1,3.449,3.018
44,1.0296555758,1.029,1,3.338,2.918
45,1.0392335653,1.039,1,3.239,2.827
46,1.0448027849,1.044,1,3.179,2.773
47,1.0499999523,1.05,1,3.122,2.718
48,1.0500198603,1.05,1,3.121,2.718
49,1.0578068495,1.057,1,3.03,2.628
50,1.0652112961,1.065,1,2.938,2.535
51,1.0700429678,1.069,1,2.873,2.467
52,1.0734863281,1.073,1,2.826,2.412
53,1.079349637,1.079,2,2.745,2.316
54,1.0857077837,1.085,2,2.652,2.193
55,1.0899574757,1.089,2,2.589,2.095
56,1.0929828882,1.092,2,2.55,2.019
57,1.0947531462,1.094,2,2.535,1.974
58,1.0961254835,1.095,2,2.534,1.944
59,1.0971683264,1.096,2,2.541,1.927
60,1.098290205,1.097,2,2.561,1.917
61,1.0992581844,1.098,2,2.583,1.912
62,1.1000000238,1.099,2,2.598,1.906
63,1.1000926495,1.099,2,2.6,1.905
64,1.1008458138,1.1,2,2.607,1.891
65,1.1015534401,1.101,2,2.611,1.876
66,1.1022521257,1.102,2,2.61,1.858
67,1.1031292677,1.102,2,2.588,1.819
68,1.1041578054,1.103,2,2.539,1.753
69,1.1042835712,1.104,2,2.532,1.745
70,1.1044688225,1.104,2,2.518,1.728
71,1.1057608128,1.105,3,2.411,1.609
72,1.1068350077,1.106,3,2.31,1.499
73,1.107838273,1.107,3,2.206,1.388
74,1.1088489294,1.108,3,2.093,1.268
75,1.1097759008,1.109,3,1.981,1.149
76,1.1105694771,1.11,3,1.879,1.04
77,1.1114040613,1.111,3,1.764,0.919
78,1.1121250391,1.111,3,1.657,0.806
79,1.1128048897,1.112,3,1.548,0.69
80,1.1134113073,1.113,3,1.443,0.578
81,1.1140004396,1.113,3,1.333,0.461
82,1.1145106554,1.114,3,1.229,0.35
83,1.1150158644,1.114,3,1.119,0.232
84,1.115447402,1.115,3,1.017,0.123
85,1.1158647537,1.115,3,0.912,0.009
86,1.1162509918,1.116,3,0.807,-0.105
87,1.1165981293,1.116,3,0.705,-0.215
88,1.1169289351,1.116,3,0.601,-0.329
89,1.1172263622,1.117,3,0.5,-0.439
90,1.11751616,1.117,3,0.397,-0.553
91,1.1177750826,1.117,3,0.3,-0.66
92,1.1180313826,1.117,3,0.201,-0.768
93,1.1182876825,1.118,3,0.113,-0.865
94,1.1185417175,1.118,3,0.046,-0.94
95,1.1186238527,1.118,3,0.058,-0.926
96,1.1187862158,1.118,3,0.144,-0.828
97,1.1188551188,1.118,3,0.19,-0.777
98,1.1189495325,1.118,3,0.143,-0.829
99,1.1191453934,1.118,3,0.047,-0.936
100,1.119332552,1.119,3,-0.047,-1.041
101,1.119513154,1.119,3,-0.143,-1.147
102,1.1196746826,1.119,3,-0.233,-1.248
103,1.1198278666,1.119,3,-0.324,-1.351
104,1.1199692488,1.119,3,-0.414,-1.453
105,1.1200990677,1.119,3,-0.502,-1.553
106,1.1202187538,1.12,3,-0.59,-1.653
107,1.1203305721,1.12,3,-0.676,-1.753
108,1.1204320192,1.12,3,-0.759,-1.849
109,1.1205281019,1.12,3,-0.842,-1.946
110,1.1206163168,1.12,3,-0.925,-2.042
111,1.1206985712,1.12,3,-1.006,-2.138
112,1.1207758188,1.12,3,-1.086,-2.233
113,1.1208457947,1.12,3,-1.16,-2.323
114,1.1209133863,1.12,3,-1.236,-2.416
115,1.1209746599,1.12,3,-1.309,-2.507
116,1.1210330725,1.12,3,-1.382,-2.598
117,1.1210875511,1.12,3,-1.453,-2.688
118,1.1211496592,1.12,3,-1.537,-2.797
119,1.12119627,1.12,3,-1.605,-2.885
120,1.1212507486,1.121,3,-1.689,-2.994
121,1.1213001013,1.121,3,-1.768,-3.1
122,1.1213461161,1.121,3,-1.843,-3.204
123,1.1213815212,1.121,3,-1.903,-3.29
124,1.1214208603,1.121,3,-1.972,-3.39
125,1.1214579344,1.121,3,-2.04,-3.491
126,1.1214929819,1.121,3,-2.106,-3.592
127,1.1215257645,1.121,3,-2.171,-3.692
128,1.1215560436,1.121,3,-2.234,-3.79
129,1.1215845346,1.121,3,-2.295,-3.888
130,1.1216112375,1.121,3,-2.35,-3.981
131,1.1216357946,1.121,3,-2.397,-4.065
132,1.1216357946,1.121,4,0.366,-0.48
133,1.1218311787,1.121,4,0.341,-0.51
134,1.1220360994,1.121,4,0.329,-0.523
135,1.1222411394,1.122,4,0.321,-0.531
136,1.1224514246,1.122,4,0.315,-0.537
137,1.1226594448,1.122,4,0.31,-0.54
138,1.1228734255,1.122,4,0.306,-0.543
139,1.1230816841,1.122,4,0.301,-0.546
140,1.1232854128,1.123,4,0.297,-0.548
141,1.1234855652,1.123,4,0.293,-0.551
142,1.1237047911,1.123,4,0.287,-0.555
143,1.123919487,1.123,4,0.282,-0.559
144,1.1241266727,1.123,4,0.277,-0.563
145,1.1243298054,1.124,4,0.273,-0.567
146,1.1245366335,1.124,4,0.268,-0.571
147,1.1245633364,1.124,4,0.267,-0.571
148,1.124740839,1.124,4,0.262,-0.575
149,1.1249549389,1.124,4,0.257,-0.58
150,1.1251635551,1.124,4,0.252,-0.584
151,1.1253732443,1.125,4,0.246,-0.589
152,1.1255882978,1.125,4,0.241,-0.594
153,1.1257976294,1.125,4,0.235,-0.6
154,1.1260068417,1.125,4,0.229,-0.606
155,1.1260188818,1.125,4,0.229,-0.606
156,1.1260378361,1.125,4,0.228,-0.607
157,1.1262303591,1.126,4,0.223,-0.613
158,1.1264228821,1.126,4,0.216,-0.62
159,1.1266200542,1.126,4,0.21,-0.627
160,1.1268184185,1.126,4,0.202,-0.636
161,1.1270126104,1.126,4,0.194,-0.645
162,1.1272053719,1.126,4,0.186,-0.655
163,1.1273994446,1.127,4,0.177,-0.667
164,1.1275949478,1.127,4,0.166,-0.68
165,1.1278053522,1.127,4,0.151,-0.698
166,1.1280082464,1.127,4,0.141,-0.71
167,1.1281940937,1.127,4,0.142,-0.709
168,1.128395319,1.128,4,0.106,-0.754
169,1.1285911798,1.128,4,0.032,-0.846
170,1.1286777258,1.128,4,-0.043,-0.938
171,1.1287156343,1.128,4,-0.115,-1.026
172,1.1287329197,1.128,4,-0.194,-1.12
173,1.1287409067,1.128,4,-0.273,-1.214
174,1.1287443638,1.128,4,-0.331,-1.282
175,1.128744483,1.128,7,-0.332,-1.283
176,1.1287471056,1.128,7,-0.394,-1.356
177,1.1287513971,1.128,7,-0.487,-1.464
178,1.1287568808,1.128,7,-0.53,-1.514
179,1.1287676096,1.128,7,-0.503,-1.482
180,1.1288564205,1.127,7,-0.501,-1.48
181,1.1289346218,1.126,7,-0.561,-1.551
182,1.1289833784,1.126,7,-0.639,-1.642
183,1.129019618,1.125,7,-0.712,-1.728
184,1.1290625334,1.125,7,-0.806,-1.839
185,1.1291055679,1.124,7,-0.897,-1.947
186,1.1291445494,1.122,7,-0.983,-2.048
187,1.1291806698,1.121,7,-1.067,-2.149
188,1.1292134523,1.12,7,-1.149,-2.248
189,1.1292433739,1.118,7,-1.229,-2.347
190,1.1292632818,1.117,7,-1.271,-2.417
191,1.1292877197,1.115,7,-1.341,-2.511
192,1.1293102503,1.112,7,-1.415,-2.606
193,1.1293314695,1.109,7,-1.489,-2.701
194,1.1293516159,1.106,7,-1.563,-2.796
195,1.1293703318,1.103,7,-1.634,-2.89
196,1.1293876171,1.098,7,-1.701,-2.98
197,1.1294051409,1.093,7,-1.768,-3.071
198,1.1294226646,1.087,7,-1.834,-3.161
199,1.1294401884,1.079,7,-1.891,-3.25
200,1.1294564009,1.07,7,-1.95,-3.342
201,1.1294689178,1.061,7,-2.011,-3.439
202,1.1294776201,1.053,7,-2.066,-3.527
203,1.1294864416,1.043,7,-2.121,-3.622
204,1.1294929981,1.034,7,-2.168,-3.705
205,1.1294999123,1.022,7,-2.22,-3.798
206,1.1295050383,1.011,7,-2.271,-3.9
207,1.1295063496,1.008,7,-2.285,-3.929
208,1.129507184,1.006,7,-2.28,-3.924
209,1.1295073032,1.006,7,-2.285,-3.935
210,1.1295074224,1.005,7,-2.29,-3.947
211,1.1295078993,1.004,7,-2.305,-3.98
212,1.1295083761,1.003,7,-2.323,-4.022
213,1.1295087337,1.001,7,-2.335,-4.05
214,1.1295092106,1.0,7,-2.347,-4.078
215,1.1295096874,0.998,7,-2.358,-4.108
216,1.1295106411,0.993,7,-2.369,-4.147
217,1.1295118332,0.987,7,-2.383,-4.199
218,1.1295138597,0.973,7,-2.397,-4.261
219,1.129514575,0.968,7,-2.4,-4.281
