,Mini,Mass,label,Vmag,Imag
0,0.0900000036,0.09,1,16.617,12.784
1,0.099336043,0.099,1,15.332,11.929
2,0.1180081367,0.118,1,13.933,11.2
3,0.1366802156,0.136,1,13.136,10.714
4,0.1553523093,0.155,1,12.605,10.349
5,0.180598706,0.18,1,12.101,9.973
6,0.1926964968,0.192,1,11.887,9.812
7,0.2393767238,0.238,1,11.257,9.306
8,0.2860569358,0.285,1,10.769,8.9
9,0.3327371776,0.332,1,10.354,8.546
10,0.3794173598,0.379,1,9.945,8.183
11,0.4260976315,0.425,1,9.45,7.79
12,0.4727778435,0.472,1,8.867,7.369
13,0.5194581151,0.519,1,8.278,6.937
14,0.5661382675,0.565,1,7.643,6.485
15,0.6128184795,0.612,1,7.066,6.059
16,0.6594987512,0.659,1,6.556,5.664
17,0.6838680506,0.684,1,6.313,5.473
18,0.7075701356,0.707,1,6.092,5.296
19,0.7106506824,0.71,1,6.064,5.273
20,0.7348197699,0.734,1,5.854,5.102
21,0.7556414604,0.755,1,5.678,4.959
22,0.7655666471,0.765,1,5.597,4.891
23,0.7889168262,0.788,1,5.409,4.731
24,0.8037129641,0.803,1,5.291,4.63
25,0.8144689202,0.814,1,5.206,4.557
26,0.8369379044,0.836,1,5.03,4.403
27,0.8517842293,0.851,1,4.914,4.301
28,0.8580010533,0.857,1,4.866,4.259
29,0.874554038,0.874,1,4.736,4.145
30,0.8902786374,0.889,1,4.612,4.035
31,0.8998556733,0.899,1,4.536,3.968
32,0.9043027163,0.903,1,4.501,3.937
33,0.9178233743,0.917,1,4.393,3.841
34,0.9417016506,0.941,1,4.198,3.668
35,0.9479269981,0.947,1,4.146,3.622
36,0.9543116689,0.953,1,4.094,3.575
37,0.9714526534,0.971,1,3.948,3.446
38,0.9868075848,0.986,1,3.816,3.327
39,0.995998323,0.995,1,3.736,3.255
40,1.0012520552,1.001,1,3.691,3.215
41,1.0148535967,1.014,1,3.572,3.107
42,1.0262892246,1.025,1,3.467,3.011
43,1.0356599092,1.035,1,3.377,2.927
44,1.044069767,1.043,1,3.292,2.848
45,1.047596693,1.047,1,3.255,2.814
46,1.0525313616,1.052,1,3.201,2.762
47,1.0603688955,1.059,1,3.11,2.672
48,1.0678985119,1.067,1,3.017,2.576
49,1.0728516579,1.072,1,2.951,2.506
50,1.074998498,1.074,1,2.923,2.474
51,1.0796757936,1.078,2,2.864,2.406
52,1.0853470564,1.084,2,2.789,2.315
53,1.089676857,1.088,2,2.73,2.236
54,1.0921411514,1.091,2,2.696,2.186
55,1.094373703,1.093,2,2.665,2.142
56,1.0984556675,1.097,2,2.619,2.053
57,1.1012494564,1.1,2,2.608,1.999
58,1.1032036543,1.102,2,2.625,1.978
59,1.1046200991,1.103,2,2.655,1.975
60,1.1057151556,1.104,2,2.681,1.975
61,1.106631875,1.105,2,2.698,1.97
62,1.107311964,1.106,2,2.712,1.967
63,1.1079883575,1.107,2,2.718,1.958
64,1.1090052128,1.108,2,2.695,1.916
65,1.1099179983,1.109,2,2.658,1.864
66,1.1103056669,1.109,2,2.636,1.838
67,1.1109207869,1.11,3,2.592,1.787
68,1.1123037338,1.111,3,2.479,1.662
69,1.1134259701,1.112,3,2.374,1.549
70,1.1144920588,1.113,3,2.265,1.433
71,1.1154708862,1.114,3,2.158,1.319
72,1.1164484024,1.115,3,2.043,1.197
73,1.1173379421,1.116,3,1.93,1.078
74,1.1180952787,1.117,3,1.826,0.968
75,1.1188374758,1.118,3,1.717,0.852
76,1.1195160151,1.118,3,1.608,0.737
77,1.1201409101,1.119,3,1.5,0.622
78,1.1207069159,1.119,3,1.394,0.508
79,1.1212433577,1.12,3,1.286,0.392
80,1.1217033863,1.12,3,1.185,0.284
81,1.1221408844,1.121,3,1.083,0.173
82,1.1225341558,1.121,3,0.983,0.065
83,1.1228860617,1.122,3,0.888,-0.039
84,1.1232225895,1.122,3,0.79,-0.145
85,1.1235312223,1.122,3,0.694,-0.25
86,1.1238179207,1.123,3,0.6,-0.353
87,1.1240801811,1.123,3,0.509,-0.453
88,1.124322772,1.123,3,0.421,-0.55
89,1.1245574951,1.123,3,0.333,-0.648
90,1.1247825623,1.123,3,0.251,-0.738
91,1.1251089573,1.124,3,0.17,-0.828
92,1.1252595186,1.124,3,0.213,-0.779
93,1.1254024506,1.124,3,0.291,-0.691
94,1.1254400015,1.124,3,0.314,-0.665
95,1.1255968809,1.124,3,0.24,-0.747
96,1.1257990599,1.125,3,0.144,-0.854
97,1.1259883642,1.125,3,0.052,-0.957
98,1.1261687279,1.125,3,-0.039,-1.059
99,1.1263366938,1.125,3,-0.13,-1.162
100,1.1264902353,1.125,3,-0.219,-1.262
101,1.1266345978,1.125,3,-0.309,-1.364
102,1.1267673969,1.125,3,-0.398,-1.465
103,1.1268874407,1.126,3,-0.482,-1.562
104,1.1270020008,1.126,3,-0.567,-1.662
105,1.1271058321,1.126,3,-0.65,-1.758
106,1.1272039413,1.126,3,-0.734,-1.856
107,1.127292037,1.126,3,-0.815,-1.951
108,1.1273756027,1.126,3,-0.893,-2.044
109,1.1274510622,1.126,3,-0.968,-2.135
110,1.1275217533,1.126,3,-1.042,-2.225
111,1.1275880337,1.126,3,-1.114,-2.315
112,1.127648592,1.126,3,-1.185,-2.402
113,1.1277061701,1.126,3,-1.254,-2.49
114,1.1277588606,1.126,3,-1.319,-2.574
115,1.1278082132,1.127,3,-1.384,-2.659
116,1.1278550625,1.127,3,-1.45,-2.744
117,1.1278978586,1.127,3,-1.513,-2.826
118,1.127938509,1.127,3,-1.573,-2.907
119,1.1279853582,1.127,3,-1.645,-3.006
120,1.1280282736,1.127,3,-1.715,-3.102
121,1.1280609369,1.127,3,-1.77,-3.181
122,1.1280914545,1.127,3,-1.824,-3.258
123,1.1281261444,1.127,3,-1.883,-3.349
124,1.1281585693,1.127,3,-1.941,-3.439
125,1.1281839609,1.127,3,-1.99,-3.513
126,1.1282120943,1.127,3,-2.046,-3.6
127,1.1282385588,1.127,3,-2.099,-3.686
128,1.1282629967,1.127,3,-2.149,-3.769
129,1.1282861233,1.127,3,-2.197,-3.851
130,1.1283077002,1.127,3,-2.243,-3.93
131,1.1283277273,1.127,3,-2.281,-4.004
132,1.1283428669,1.127,3,-2.305,-4.058
133,1.1283428669,1.127,4,0.407,-0.459
134,1.1285271645,1.127,4,0.382,-0.489
135,1.1287218332,1.128,4,0.37,-0.503
136,1.1289182901,1.128,4,0.362,-0.51
137,1.1291128397,1.128,4,0.357,-0.514
138,1.129316926,1.128,4,0.354,-0.517
139,1.1295152903,1.128,4,0.35,-0.519
140,1.129714489,1.129,4,0.347,-0.52
141,1.129912734,1.129,4,0.344,-0.522
142,1.1300971508,1.129,4,0.34,-0.524
143,1.1302958727,1.129,4,0.336,-0.527
144,1.1305027008,1.129,4,0.332,-0.53
145,1.1306966543,1.129,4,0.327,-0.534
146,1.1309030056,1.13,4,0.323,-0.537
147,1.1311078072,1.13,4,0.318,-0.541
148,1.1311250925,1.13,4,0.318,-0.541
149,1.1312973499,1.13,4,0.314,-0.544
150,1.131500721,1.13,4,0.309,-0.548
151,1.1316962242,1.131,4,0.305,-0.552
152,1.1318823099,1.131,4,0.3,-0.556
153,1.1320664883,1.131,4,0.295,-0.561
154,1.1322566271,1.131,4,0.29,-0.566
155,1.1324523687,1.131,4,0.285,-0.571
156,1.1325080395,1.131,4,0.283,-0.573
157,1.132525444,1.131,4,0.283,-0.573
158,1.1327027082,1.132,4,0.277,-0.579
159,1.1328802109,1.132,4,0.271,-0.586
160,1.1330618858,1.132,4,0.265,-0.593
161,1.1332445145,1.132,4,0.258,-0.601
162,1.1334235668,1.132,4,0.25,-0.61
163,1.1336011887,1.132,4,0.242,-0.62
164,1.1337801218,1.133,4,0.233,-0.631
165,1.133960247,1.133,4,0.222,-0.644
166,1.1341542006,1.133,4,0.209,-0.66
167,1.1343412399,1.133,4,0.2,-0.67
168,1.1345125437,1.133,4,0.192,-0.681
169,1.1346980333,1.134,4,0.154,-0.728
170,1.1348786354,1.134,4,0.08,-0.82
171,1.1349585056,1.134,4,0.001,-0.916
172,1.1349933147,1.134,4,-0.079,-1.012
173,1.1350092888,1.134,4,-0.161,-1.111
174,1.1350166798,1.134,4,-0.24,-1.204
175,1.1350198984,1.134,4,-0.295,-1.269
176,1.1350200176,1.134,7,-0.296,-1.27
177,1.1350214481,1.134,7,-0.332,-1.312
178,1.1350244284,1.134,7,-0.407,-1.4
179,1.1350289583,1.134,7,-0.484,-1.49
180,1.1350477934,1.134,7,-0.464,-1.466
181,1.1351950169,1.132,7,-0.496,-1.505
182,1.1352638006,1.132,7,-0.596,-1.623
183,1.1353257895,1.131,7,-0.712,-1.761
184,1.1353770494,1.13,7,-0.813,-1.88
185,1.1354216337,1.129,7,-0.904,-1.991
186,1.1354607344,1.127,7,-0.993,-2.097
187,1.135494709,1.126,7,-1.078,-2.201
188,1.1355247498,1.124,7,-1.155,-2.3
189,1.1355515718,1.122,7,-1.216,-2.395
190,1.1355758905,1.12,7,-1.292,-2.494
191,1.1355984211,1.118,7,-1.362,-2.59
192,1.1356190443,1.115,7,-1.433,-2.684
193,1.1356383562,1.112,7,-1.504,-2.778
194,1.1356568336,1.108,7,-1.576,-2.874
195,1.1356744766,1.104,7,-1.644,-2.967
196,1.1356908083,1.099,7,-1.703,-3.051
197,1.1357073784,1.093,7,-1.76,-3.137
198,1.1357238293,1.085,7,-1.817,-3.226
199,1.1357382536,1.077,7,-1.878,-3.321
200,1.1357480288,1.07,7,-1.932,-3.411
201,1.1357549429,1.064,7,-1.978,-3.488
202,1.1357616186,1.057,7,-2.024,-3.566
203,1.1357674599,1.05,7,-2.068,-3.643
204,1.1357729435,1.042,7,-2.107,-3.72
205,1.1357784271,1.032,7,-2.15,-3.807
206,1.1357815266,1.025,7,-2.176,-3.864
207,1.1357824802,1.023,7,-2.19,-3.896
208,1.1357829571,1.022,7,-2.199,-3.92
209,1.1357839108,1.019,7,-2.215,-3.97
210,1.1357848644,1.016,7,-2.227,-4.008
211,1.1357849836,1.015,7,-2.237,-4.045
212,1.1357851028,1.015,7,-2.232,-4.023
213,1.1357852221,1.014,7,-2.24,-4.048
214,1.1357853413,1.014,7,-2.238,-4.044
215,1.1357854605,1.013,7,-2.238,-4.045
216,1.1357860565,1.011,7,-2.252,-4.091
217,1.1357864141,1.009,7,-2.26,-4.12
218,1.1357867718,1.008,7,-2.267,-4.144
219,1.1357872486,1.005,7,-2.274,-4.173
220,1.1357877254,1.003,7,-2.276,-4.196
221,1.1357883215,0.999,7,-2.277,-4.224
222,1.1357890368,0.994,7,-2.275,-4.248
223,1.1357902288,0.986,7,-2.27,-4.281
