,Mini,Mass,label,Vmag,Imag
0,0.0900000036,0.09,1,16.891,12.925
1,0.0949216634,0.095,1,16.237,12.46
2,0.0996596217,0.1,1,15.633,12.052
3,0.118978858,0.119,1,14.17,11.273
4,0.1382980943,0.138,1,13.339,10.775
5,0.1576173306,0.157,1,12.778,10.403
6,0.1962558329,0.196,1,12.017,9.848
7,0.2445539236,0.244,1,11.364,9.334
8,0.2928520441,0.292,1,10.866,8.926
9,0.3366966546,0.336,1,10.468,8.586
10,0.341150105,0.341,1,10.43,8.554
11,0.3894482255,0.389,1,9.977,8.177
12,0.437746346,0.437,1,9.494,7.762
13,0.4772737324,0.477,1,8.942,7.395
14,0.4860444069,0.485,1,8.847,7.322
15,0.4961889684,0.496,1,8.713,7.225
16,0.5343425274,0.534,1,8.233,6.877
17,0.5386317372,0.538,1,8.174,6.836
18,0.5826405883,0.582,1,7.592,6.426
19,0.6309386492,0.63,1,7.001,5.992
20,0.6535720229,0.653,1,6.751,5.802
21,0.6792368293,0.679,1,6.488,5.597
22,0.6880916357,0.688,1,6.402,5.53
23,0.7202765942,0.72,1,6.102,5.293
24,0.7282481194,0.728,1,6.03,5.236
25,0.7481059432,0.748,1,5.863,5.099
26,0.7734302878,0.773,1,5.656,4.93
27,0.7772594094,0.777,1,5.625,4.905
28,0.7781637907,0.778,1,5.618,4.899
29,0.8054005504,0.805,1,5.405,4.719
30,0.8262706995,0.825,1,5.246,4.584
31,0.8300237656,0.829,1,5.218,4.559
32,0.8559632301,0.855,1,5.024,4.391
33,0.87528193,0.874,1,4.881,4.266
34,0.8826245666,0.882,1,4.827,4.218
35,0.9008001089,0.9,1,4.693,4.1
36,0.9179148674,0.917,1,4.566,3.989
37,0.9242932796,0.923,1,4.519,3.947
38,0.9340675473,0.933,1,4.447,3.883
39,0.9484462142,0.947,1,4.339,3.788
40,0.9623920918,0.961,1,4.235,3.695
41,0.9733045101,0.972,1,4.152,3.621
42,0.9802380204,0.979,1,4.1,3.575
43,0.9998028874,0.999,1,3.95,3.442
44,1.0174026489,1.016,1,3.813,3.32
45,1.0223157406,1.021,1,3.775,3.285
46,1.0330481529,1.032,1,3.692,3.212
47,1.0477620363,1.047,1,3.578,3.109
48,1.0617043972,1.06,1,3.469,3.009
49,1.0713270903,1.07,1,3.39,2.937
50,1.078584075,1.077,1,3.329,2.881
51,1.0867530107,1.085,1,3.259,2.816
52,1.0914955139,1.09,1,3.219,2.777
53,1.0952066183,1.094,1,3.181,2.742
54,1.100936532,1.1,1,3.12,2.683
55,1.1062657833,1.105,1,3.057,2.621
56,1.1096841097,1.108,1,3.011,2.575
57,1.1126221418,1.111,2,2.981,2.543
58,1.1192162037,1.118,2,2.918,2.477
59,1.1203383207,1.119,2,2.907,2.464
60,1.1309968233,1.13,2,2.799,2.347
61,1.139274478,1.138,2,2.709,2.242
62,1.1472364664,1.146,2,2.62,2.124
63,1.1534906626,1.152,2,2.555,2.017
64,1.1574891806,1.156,2,2.536,1.951
65,1.1601630449,1.159,2,2.559,1.929
66,1.162042737,1.161,2,2.606,1.936
67,1.1634634733,1.162,2,2.643,1.941
68,1.164632082,1.163,2,2.671,1.944
69,1.1654871702,1.164,2,2.69,1.945
70,1.1663275957,1.165,2,2.707,1.944
71,1.1675733328,1.166,2,2.704,1.918
72,1.1686737537,1.167,2,2.679,1.877
73,1.1691360474,1.168,2,2.662,1.855
74,1.1693496704,1.168,2,2.65,1.841
75,1.1699153185,1.169,3,2.621,1.808
76,1.1716915369,1.17,3,2.518,1.693
77,1.1731598377,1.172,3,2.42,1.586
78,1.1746633053,1.173,3,2.311,1.469
79,1.1759330034,1.175,3,2.212,1.364
80,1.1772114038,1.176,3,2.104,1.25
81,1.178475976,1.177,3,1.99,1.129
82,1.179538846,1.178,3,1.885,1.018
83,1.1805351973,1.179,3,1.779,0.905
84,1.1815043688,1.18,3,1.668,0.787
85,1.182331562,1.181,3,1.565,0.677
86,1.1831189394,1.182,3,1.459,0.563
87,1.1837998629,1.183,3,1.36,0.457
88,1.1844518185,1.183,3,1.258,0.347
89,1.1850690842,1.184,3,1.153,0.234
90,1.1856210232,1.184,3,1.052,0.124
91,1.1861196756,1.185,3,0.955,0.018
92,1.186593771,1.185,3,0.855,-0.091
93,1.1870248318,1.186,3,0.759,-0.196
94,1.1874223948,1.186,3,0.664,-0.3
95,1.1878004074,1.187,3,0.569,-0.405
96,1.1881484985,1.187,3,0.478,-0.505
97,1.1884998083,1.187,3,0.389,-0.603
98,1.1889835596,1.188,3,0.305,-0.697
99,1.1892014742,1.188,3,0.345,-0.651
100,1.1894084215,1.188,3,0.421,-0.565
101,1.189462781,1.188,3,0.443,-0.541
102,1.1897647381,1.189,3,0.343,-0.651
103,1.1900517941,1.189,3,0.248,-0.757
104,1.1903311014,1.189,3,0.153,-0.863
105,1.1905817986,1.189,3,0.063,-0.964
106,1.1908224821,1.19,3,-0.029,-1.068
107,1.1910419464,1.19,3,-0.119,-1.17
108,1.1912484169,1.19,3,-0.21,-1.274
109,1.1914343834,1.19,3,-0.296,-1.373
110,1.191606164,1.19,3,-0.382,-1.472
111,1.1917662621,1.191,3,-0.467,-1.57
112,1.1919151545,1.191,3,-0.551,-1.669
113,1.1920547485,1.191,3,-0.636,-1.768
114,1.1921807528,1.191,3,-0.715,-1.862
115,1.1923000813,1.191,3,-0.795,-1.958
116,1.1924059391,1.191,3,-0.87,-2.049
117,1.192507863,1.191,3,-0.947,-2.143
118,1.192600131,1.191,3,-1.021,-2.234
119,1.192686677,1.191,3,-1.092,-2.324
120,1.1927695274,1.192,3,-1.164,-2.415
121,1.192843318,1.192,3,-1.231,-2.502
122,1.1929146051,1.192,3,-1.3,-2.591
123,1.1929798126,1.192,3,-1.367,-2.678
124,1.1930410862,1.192,3,-1.43,-2.764
125,1.1930994987,1.192,3,-1.494,-2.85
126,1.1931653023,1.192,3,-1.568,-2.953
127,1.1932154894,1.192,3,-1.629,-3.036
128,1.1932628155,1.192,3,-1.689,-3.12
129,1.1933162212,1.192,3,-1.755,-3.22
130,1.1933658123,1.192,3,-1.818,-3.318
131,1.1934043169,1.192,3,-1.872,-3.399
132,1.1934480667,1.192,3,-1.934,-3.496
133,1.1934882402,1.192,3,-1.99,-3.59
134,1.1935259104,1.192,3,-2.045,-3.683
135,1.1935610771,1.192,3,-2.098,-3.775
136,1.1935942173,1.192,3,-2.147,-3.866
137,1.1936248541,1.192,3,-2.187,-3.953
138,1.1936535835,1.192,3,-2.221,-4.034
139,1.1936639547,1.192,3,-2.233,-4.061
140,1.1936639547,1.193,4,0.428,-0.459
141,1.193923831,1.193,4,0.403,-0.489
142,1.194175601,1.193,4,0.39,-0.503
143,1.1944308281,1.194,4,0.383,-0.51
144,1.1946883202,1.194,4,0.379,-0.514
145,1.1949449778,1.194,4,0.375,-0.516
146,1.1951955557,1.194,4,0.372,-0.517
147,1.1954519749,1.195,4,0.369,-0.519
148,1.1957064867,1.195,4,0.365,-0.521
149,1.1959701777,1.195,4,0.362,-0.524
150,1.1962405443,1.195,4,0.358,-0.527
151,1.1964849234,1.196,4,0.354,-0.53
152,1.1967519522,1.196,4,0.349,-0.533
153,1.196993351,1.196,4,0.345,-0.536
154,1.1972441673,1.196,4,0.341,-0.54
155,1.1973017454,1.197,4,0.34,-0.541
156,1.1974850893,1.197,4,0.336,-0.544
157,1.1977334023,1.197,4,0.332,-0.547
158,1.1979908943,1.197,4,0.327,-0.552
159,1.1982355118,1.197,4,0.323,-0.556
160,1.1984784603,1.198,4,0.318,-0.56
161,1.1987183094,1.198,4,0.313,-0.565
162,1.1989651918,1.198,4,0.308,-0.571
163,1.1991001368,1.198,4,0.305,-0.574
164,1.1992206573,1.198,4,0.302,-0.577
165,1.1994713545,1.199,4,0.296,-0.583
166,1.1997227669,1.199,4,0.289,-0.591
167,1.1999862194,1.199,4,0.281,-0.6
168,1.2002389431,1.199,4,0.272,-0.61
169,1.2004939318,1.2,4,0.263,-0.621
170,1.200745225,1.2,4,0.252,-0.634
171,1.20099473,1.2,4,0.24,-0.649
172,1.2012499571,1.201,4,0.229,-0.662
173,1.2015037537,1.201,4,0.217,-0.676
174,1.2017606497,1.201,4,0.186,-0.715
175,1.2020115852,1.201,4,0.113,-0.806
176,1.2021116018,1.201,4,0.042,-0.892
177,1.20216012,1.201,4,-0.029,-0.977
178,1.2021827698,1.201,4,-0.099,-1.062
179,1.2021952868,1.201,4,-0.179,-1.156
180,1.2022019625,1.201,4,-0.256,-1.247
181,1.2022035122,1.201,7,-0.28,-1.276
182,1.202205658,1.201,7,-0.32,-1.322
183,1.2022103071,1.201,7,-0.404,-1.421
184,1.2022149563,1.201,7,-0.469,-1.499
185,1.2022278309,1.201,7,-0.476,-1.507
186,1.2022513151,1.201,7,-0.427,-1.45
187,1.2024230957,1.2,7,-0.451,-1.479
188,1.2025123835,1.2,7,-0.535,-1.577
189,1.2025671005,1.199,7,-0.602,-1.657
190,1.2026212215,1.199,7,-0.671,-1.739
191,1.202680707,1.198,7,-0.748,-1.832
192,1.2027347088,1.197,7,-0.826,-1.926
193,1.2027839422,1.197,7,-0.905,-2.021
194,1.2028290033,1.195,7,-0.985,-2.118
195,1.2028695345,1.194,7,-1.06,-2.213
196,1.202906251,1.193,7,-1.128,-2.307
197,1.2029387951,1.192,7,-1.195,-2.399
198,1.2029688358,1.19,7,-1.259,-2.491
199,1.2029970884,1.188,7,-1.327,-2.584
200,1.2030237913,1.186,7,-1.398,-2.679
201,1.2030487061,1.183,7,-1.468,-2.772
202,1.2030717134,1.18,7,-1.534,-2.863
203,1.2030949593,1.177,7,-1.6,-2.956
204,1.2031184435,1.172,7,-1.664,-3.048
205,1.2031419277,1.167,7,-1.728,-3.142
206,1.2031635046,1.16,7,-1.788,-3.238
207,1.2031797171,1.155,7,-1.848,-3.335
208,1.2031905651,1.15,7,-1.902,-3.424
209,1.2032015324,1.144,7,-1.961,-3.523
210,1.2032097578,1.138,7,-2.008,-3.61
211,1.2032183409,1.131,7,-2.057,-3.704
212,1.2032282352,1.12,7,-2.105,-3.805
213,1.2032300234,1.118,7,-2.109,-3.817
214,1.2032306194,1.117,7,-2.108,-3.817
215,1.2032312155,1.116,7,-2.119,-3.843
216,1.2032318115,1.116,7,-2.127,-3.861
217,1.2032324076,1.115,7,-2.133,-3.876
218,1.2032331228,1.114,7,-2.142,-3.903
219,1.2032345533,1.111,7,-2.166,-3.983
220,1.2032363415,1.107,7,-2.196,-4.092
221,1.2032387257,1.1,7,-2.201,-4.185
