,Mini,Mass,label,Vmag,Imag
0,0.0900000036,0.09,0,16.461,12.655
1,0.0952623263,0.095,1,15.693,12.135
2,0.1000000015,0.1,1,15.049,11.822
3,0.1037615761,0.104,1,14.745,11.668
4,0.1199999973,0.12,1,13.636,11.068
5,0.1400000006,0.14,1,12.876,10.579
6,0.1599999964,0.16,1,12.367,10.215
7,0.2000000179,0.2,1,11.663,9.672
8,0.25,0.25,1,11.047,9.168
9,0.3000000417,0.3,1,10.566,8.764
10,0.3370705843,0.337,1,10.245,8.475
11,0.3500000238,0.35,0,10.141,8.379
12,0.400000006,0.4,1,9.689,7.993
13,0.4499999881,0.45,1,9.079,7.551
14,0.5,0.5,1,8.486,7.1
15,0.5500000715,0.55,1,7.802,6.617
16,0.6000000238,0.6,1,7.185,6.162
17,0.6499999762,0.65,1,6.644,5.743
18,0.6616941094,0.662,1,6.528,5.652
19,0.7000000477,0.7,1,6.169,5.367
20,0.7335697412,0.734,1,5.883,5.137
21,0.75,0.75,1,5.75,5.03
22,0.7521033287,0.752,1,5.733,5.016
23,0.7906571031,0.791,1,5.437,4.765
24,0.8000000119,0.8,1,5.366,4.706
25,0.8186325431,0.818,1,5.228,4.587
26,0.8500000238,0.85,1,4.999,4.388
27,0.8560893536,0.856,1,4.955,4.35
28,0.8919747472,0.891,1,4.698,4.125
29,0.8999999762,0.899,1,4.64,4.075
30,0.9232767224,0.923,1,4.475,3.931
31,0.9499999881,0.95,1,4.284,3.764
32,0.9604709744,0.96,1,4.209,3.7
33,0.9874821305,0.987,1,4.014,3.531
34,1.0,1.0,1,3.922,3.451
35,1.0098491907,1.01,1,3.851,3.391
36,1.0321936607,1.032,1,3.686,3.25
37,1.0499999523,1.05,1,3.554,3.136
38,1.0590355396,1.059,1,3.488,3.081
39,1.0763815641,1.076,1,3.359,2.972
40,1.0932297707,1.092,1,3.231,2.862
41,1.1000000238,1.099,1,3.174,2.814
42,1.1068207026,1.106,1,3.126,2.77
43,1.1196639538,1.119,1,3.04,2.689
44,1.1301933527,1.129,1,2.974,2.622
45,1.1329922676,1.132,1,2.957,2.604
46,1.1409819126,1.14,1,2.876,2.537
47,1.1445091963,1.144,1,2.811,2.495
48,1.1457577944,1.145,1,2.758,2.46
49,1.1458277702,1.145,1,2.755,2.457
50,1.1499999762,1.149,2,2.705,2.401
51,1.1646022797,1.164,2,2.56,2.239
52,1.1765276194,1.176,2,2.44,2.088
53,1.1821494102,1.182,2,2.381,2.005
54,1.1859744787,1.185,2,2.339,1.939
55,1.1894763708,1.189,2,2.303,1.871
56,1.192086935,1.192,2,2.278,1.815
57,1.1942996979,1.194,2,2.26,1.765
58,1.1964339018,1.196,2,2.249,1.718
59,1.1984347105,1.198,2,2.255,1.683
60,1.2000000477,1.2,2,2.272,1.664
61,1.2024610043,1.202,2,2.339,1.675
62,1.2051233053,1.205,2,2.416,1.699
63,1.2094550133,1.209,2,2.418,1.637
64,1.2097388506,1.209,2,2.406,1.623
65,1.211768508,1.211,3,2.312,1.515
66,1.2134501934,1.213,3,2.22,1.413
67,1.2151502371,1.215,3,2.115,1.3
68,1.2167117596,1.216,3,2.009,1.188
69,1.2181544304,1.218,3,1.903,1.076
70,1.219550252,1.219,3,1.793,0.959
71,1.2208224535,1.22,3,1.685,0.844
72,1.2219415903,1.222,3,1.583,0.736
73,1.223018527,1.223,3,1.477,0.623
74,1.2239998579,1.224,3,1.372,0.512
75,1.2248872519,1.224,3,1.27,0.403
76,1.2256979942,1.225,3,1.169,0.294
77,1.22646451,1.226,3,1.065,0.183
78,1.2271568775,1.227,3,0.965,0.075
79,1.2278033495,1.227,3,0.864,-0.033
80,1.2283798456,1.228,3,0.768,-0.138
81,1.2289196253,1.229,3,0.67,-0.244
82,1.2294193506,1.229,3,0.574,-0.349
83,1.2298939228,1.23,3,0.477,-0.456
84,1.2303218842,1.23,3,0.383,-0.558
85,1.2307349443,1.23,3,0.291,-0.66
86,1.2311369181,1.231,3,0.202,-0.758
87,1.2316037416,1.231,3,0.121,-0.847
88,1.2317780256,1.231,3,0.102,-0.869
89,1.2320811749,1.232,3,0.151,-0.813
90,1.2323032618,1.232,3,0.23,-0.724
91,1.2323548794,1.232,3,0.221,-0.734
92,1.2326865196,1.232,3,0.124,-0.842
93,1.2330129147,1.233,3,0.031,-0.944
94,1.2333319187,1.233,3,-0.064,-1.05
95,1.2336229086,1.233,3,-0.156,-1.153
96,1.2338978052,1.234,3,-0.249,-1.256
97,1.2341470718,1.234,3,-0.338,-1.356
98,1.2343826294,1.234,3,-0.428,-1.459
99,1.2345989943,1.234,3,-0.517,-1.56
100,1.234796524,1.234,3,-0.604,-1.66
101,1.2349803448,1.235,3,-0.691,-1.759
102,1.2351522446,1.235,3,-0.776,-1.858
103,1.2353099585,1.235,3,-0.86,-1.955
104,1.2354553938,1.235,3,-0.942,-2.051
105,1.2355949879,1.235,3,-1.027,-2.15
106,1.2357214689,1.235,3,-1.108,-2.245
107,1.2358416319,1.235,3,-1.187,-2.34
108,1.23595047,1.236,3,-1.26,-2.431
109,1.2360540628,1.236,3,-1.336,-2.524
110,1.2361501455,1.236,3,-1.409,-2.615
111,1.2362400293,1.236,3,-1.482,-2.707
112,1.2363264561,1.236,3,-1.555,-2.799
113,1.2364234924,1.236,3,-1.64,-2.91
114,1.2365133762,1.236,3,-1.725,-3.021
115,1.2365810871,1.236,3,-1.793,-3.11
116,1.2366594076,1.236,3,-1.872,-3.218
117,1.2367310524,1.236,3,-1.947,-3.324
118,1.2367979288,1.236,3,-2.02,-3.43
119,1.2368497849,1.236,3,-2.081,-3.518
120,1.2369080782,1.237,3,-2.148,-3.62
121,1.2369631529,1.237,3,-2.214,-3.723
122,1.2370150089,1.237,3,-2.281,-3.826
123,1.2370636463,1.237,3,-2.347,-3.93
124,1.2371090651,1.237,3,-2.405,-4.028
125,1.2371356487,1.237,3,-2.437,-4.082
126,1.2371356487,1.237,4,0.324,-0.525
127,1.2374640703,1.237,4,0.3,-0.553
128,1.2377663851,1.237,4,0.289,-0.566
129,1.2380769253,1.238,4,0.281,-0.575
130,1.2383826971,1.238,4,0.274,-0.581
131,1.2387005091,1.238,4,0.269,-0.585
132,1.2390146255,1.239,4,0.264,-0.589
133,1.2393274307,1.239,4,0.259,-0.593
134,1.239669323,1.239,4,0.253,-0.597
135,1.2400114536,1.24,4,0.248,-0.601
136,1.2403298616,1.24,4,0.242,-0.605
137,1.2406623363,1.24,4,0.237,-0.61
138,1.2409909964,1.241,4,0.231,-0.615
139,1.2413053513,1.241,4,0.225,-0.62
140,1.2416297197,1.241,4,0.219,-0.625
141,1.2419611216,1.242,4,0.213,-0.63
142,1.2420610189,1.242,4,0.211,-0.632
143,1.2422132492,1.242,4,0.208,-0.634
144,1.2425507307,1.242,4,0.202,-0.64
145,1.2428742647,1.243,4,0.196,-0.645
146,1.243211627,1.243,4,0.19,-0.651
147,1.2435495853,1.243,4,0.184,-0.657
148,1.2438852787,1.244,4,0.177,-0.663
149,1.2442280054,1.244,4,0.171,-0.669
150,1.244461894,1.244,4,0.167,-0.674
151,1.2445538044,1.244,4,0.165,-0.676
152,1.2448832989,1.245,4,0.158,-0.683
153,1.2452062368,1.245,4,0.152,-0.69
154,1.245544672,1.245,4,0.144,-0.699
155,1.245885849,1.246,4,0.136,-0.708
156,1.246209383,1.246,4,0.127,-0.719
157,1.2465404272,1.246,4,0.118,-0.73
158,1.2468699217,1.247,4,0.107,-0.743
159,1.2471963167,1.247,4,0.095,-0.758
160,1.247523427,1.247,4,0.096,-0.754
161,1.2478684187,1.248,4,0.074,-0.784
162,1.2481946945,1.248,4,0.034,-0.835
163,1.2484670877,1.248,4,-0.041,-0.929
164,1.2485781908,1.248,4,-0.122,-1.027
165,1.2486195564,1.248,4,-0.203,-1.125
166,1.2486366034,1.248,4,-0.284,-1.221
167,1.2486450672,1.248,4,-0.364,-1.315
168,1.2486451864,1.248,7,-0.365,-1.317
169,1.248647809,1.248,7,-0.403,-1.36
170,1.2486535311,1.248,7,-0.484,-1.454
171,1.2486593723,1.248,7,-0.549,-1.53
172,1.2486755848,1.248,7,-0.569,-1.553
173,1.2487049103,1.248,7,-0.508,-1.482
174,1.2489197254,1.247,7,-0.56,-1.543
175,1.2490313053,1.247,7,-0.666,-1.667
176,1.2490996122,1.246,7,-0.742,-1.756
177,1.2491673231,1.246,7,-0.817,-1.844
178,1.2492415905,1.245,7,-0.901,-1.944
179,1.249309063,1.245,7,-0.986,-2.044
180,1.2493704557,1.244,7,-1.07,-2.144
181,1.2494267225,1.243,7,-1.153,-2.243
182,1.2494773865,1.241,7,-1.226,-2.34
183,1.2495231628,1.24,7,-1.294,-2.437
184,1.2495639324,1.239,7,-1.371,-2.533
185,1.2496013641,1.237,7,-1.446,-2.629
186,1.2496366501,1.235,7,-1.522,-2.725
187,1.2496700287,1.233,7,-1.597,-2.821
188,1.2497010231,1.23,7,-1.67,-2.916
189,1.2497297525,1.227,7,-1.74,-3.009
190,1.2497588396,1.223,7,-1.81,-3.103
191,1.2497880459,1.219,7,-1.879,-3.196
192,1.2498173714,1.213,7,-1.943,-3.288
193,1.2498443127,1.206,7,-2.002,-3.381
194,1.249864459,1.2,7,-2.059,-3.468
195,1.2498780489,1.196,7,-2.114,-3.552
196,1.249891758,1.189,7,-2.169,-3.643
197,1.24990201,1.184,7,-2.217,-3.721
198,1.2499127388,1.177,7,-2.268,-3.808
199,1.2499251366,1.167,7,-2.326,-3.91
200,1.2499271631,1.165,7,-2.336,-3.929
201,1.2499279976,1.164,7,-2.34,-3.936
202,1.2499287128,1.163,7,-2.343,-3.943
203,1.2499294281,1.163,7,-2.347,-3.95
204,1.2499302626,1.162,7,-2.351,-3.958
205,1.2499312162,1.161,7,-2.356,-3.968
206,1.2499328852,1.159,7,-2.37,-3.995
207,1.2499350309,1.157,7,-2.418,-4.091
208,1.2499381304,1.151,7,-2.472,-4.217
