,Mini,Mass,label,Vmag,Imag
0,0.0900000036,0.09,1,16.756,12.862
1,0.0929801688,0.093,1,16.348,12.555
2,0.0994979441,0.099,1,15.484,11.986
3,0.1184938252,0.118,1,14.051,11.237
4,0.1374897063,0.137,1,13.239,10.745
5,0.1564855874,0.156,1,12.694,10.377
6,0.1944773495,0.194,1,11.956,9.833
7,0.2419670522,0.241,1,11.32,9.328
8,0.2894567847,0.289,1,10.83,8.926
9,0.3109992743,0.31,1,10.628,8.753
10,0.3369464576,0.336,1,10.399,8.557
11,0.3844361603,0.384,1,9.967,8.186
12,0.3931560218,0.392,1,9.879,8.109
13,0.4319258928,0.431,1,9.481,7.784
14,0.4425598979,0.442,1,9.325,7.681
15,0.4794155955,0.479,1,8.869,7.355
16,0.5269052982,0.526,1,8.276,6.921
17,0.5743949413,0.574,1,7.645,6.477
18,0.6218847036,0.621,1,7.066,6.052
19,0.627348423,0.627,1,7.005,6.005
20,0.6693744659,0.669,1,6.562,5.664
21,0.6799721122,0.68,1,6.459,5.583
22,0.7179160714,0.717,1,6.11,5.306
23,0.7186207175,0.718,1,6.103,5.301
24,0.752473712,0.752,1,5.821,5.073
25,0.7664576769,0.766,1,5.71,4.983
26,0.7813430429,0.781,1,5.595,4.886
27,0.8128669858,0.812,1,5.358,4.687
28,0.8149994016,0.814,1,5.342,4.673
29,0.8369246125,0.836,1,5.181,4.535
30,0.863541007,0.862,1,4.99,4.37
31,0.8781630993,0.877,1,4.887,4.279
32,0.9001682997,0.899,1,4.731,4.144
33,0.9120826721,0.911,1,4.647,4.07
34,0.9212355614,0.92,1,4.583,4.014
35,0.9401815534,0.939,1,4.45,3.897
36,0.9580073357,0.957,1,4.324,3.787
37,0.960624218,0.96,1,4.306,3.771
38,0.9731011391,0.972,1,4.219,3.695
39,0.9998645186,0.999,1,4.03,3.53
40,1.0091658831,1.008,1,3.964,3.471
41,1.0230079889,1.022,1,3.866,3.387
42,1.0434371233,1.042,1,3.719,3.259
43,1.0577075481,1.057,1,3.616,3.17
44,1.0639613867,1.063,1,3.572,3.132
45,1.0807482004,1.079,1,3.452,3.028
46,1.0960638523,1.095,1,3.343,2.931
47,1.1062492132,1.105,1,3.269,2.865
48,1.1152080297,1.114,1,3.211,2.812
49,1.132953763,1.132,1,3.097,2.702
50,1.1475605965,1.146,1,3.003,2.608
51,1.1514520645,1.15,1,2.978,2.583
52,1.1547908783,1.153,1,2.948,2.556
53,1.1679662466,1.167,1,2.834,2.452
54,1.1727950573,1.171,1,2.763,2.4
55,1.1744902134,1.173,1,2.716,2.37
56,1.1752564907,1.174,1,2.682,2.347
57,1.1755722761,1.174,1,2.666,2.336
58,1.1814185381,1.18,2,2.594,2.234
59,1.1915025711,1.19,2,2.499,2.109
60,1.2000845671,1.199,2,2.422,1.992
61,1.2033325434,1.202,2,2.396,1.945
62,1.2074136734,1.206,2,2.371,1.887
63,1.2112146616,1.21,2,2.358,1.835
64,1.2145713568,1.213,2,2.366,1.8
65,1.2169356346,1.216,2,2.388,1.786
66,1.2199177742,1.219,2,2.434,1.779
67,1.2240642309,1.223,2,2.511,1.779
68,1.2284690142,1.227,2,2.499,1.704
69,1.2290488482,1.228,3,2.474,1.675
70,1.2313092947,1.23,3,2.363,1.548
71,1.2331216335,1.232,3,2.258,1.434
72,1.2349150181,1.234,3,2.143,1.312
73,1.2364344597,1.235,3,2.038,1.2
74,1.2379209995,1.237,3,1.929,1.083
75,1.2392799854,1.238,3,1.82,0.968
76,1.2405416965,1.239,3,1.71,0.851
77,1.2416778803,1.241,3,1.603,0.737
78,1.2427623272,1.242,3,1.492,0.619
79,1.2436827421,1.243,3,1.391,0.511
80,1.2445275784,1.243,3,1.29,0.403
81,1.2453248501,1.244,3,1.188,0.293
82,1.2460356951,1.245,3,1.09,0.187
83,1.2467166185,1.246,3,0.989,0.078
84,1.2472999096,1.246,3,0.896,-0.024
85,1.2478657961,1.247,3,0.799,-0.129
86,1.2483701706,1.247,3,0.706,-0.23
87,1.2488378286,1.248,3,0.615,-0.33
88,1.2492849827,1.248,3,0.524,-0.43
89,1.2496953011,1.249,3,0.438,-0.525
90,1.2500888109,1.249,3,0.354,-0.617
91,1.2505190372,1.249,3,0.274,-0.705
92,1.250820756,1.25,3,0.242,-0.74
93,1.2509709597,1.25,3,0.27,-0.709
94,1.2512676716,1.25,3,0.331,-0.639
95,1.2513939142,1.25,3,0.372,-0.594
96,1.2515543699,1.251,3,0.331,-0.639
97,1.2518740892,1.251,3,0.245,-0.735
98,1.252150774,1.251,3,0.176,-0.811
99,1.2524992228,1.252,3,0.086,-0.912
100,1.2528262138,1.252,3,-0.004,-1.011
101,1.2531448603,1.252,3,-0.095,-1.114
102,1.2534313202,1.252,3,-0.183,-1.213
103,1.2536996603,1.253,3,-0.271,-1.313
104,1.2539467812,1.253,3,-0.359,-1.413
105,1.2541787624,1.253,3,-0.446,-1.513
106,1.2543895245,1.253,3,-0.53,-1.61
107,1.2545874119,1.254,3,-0.614,-1.707
108,1.2547717094,1.254,3,-0.697,-1.804
109,1.2549394369,1.254,3,-0.778,-1.899
110,1.2550970316,1.254,3,-0.86,-1.995
111,1.2552415133,1.254,3,-0.937,-2.087
112,1.2553788424,1.254,3,-1.014,-2.18
113,1.2555011511,1.255,3,-1.087,-2.268
114,1.255618453,1.255,3,-1.16,-2.359
115,1.2557280064,1.255,3,-1.233,-2.449
116,1.2558287382,1.255,3,-1.301,-2.536
117,1.2559254169,1.255,3,-1.37,-2.625
118,1.2560118437,1.255,3,-1.435,-2.709
119,1.256095767,1.255,3,-1.502,-2.796
120,1.2561732531,1.255,3,-1.568,-2.881
121,1.2562452555,1.255,3,-1.628,-2.963
122,1.2563140392,1.255,3,-1.688,-3.046
123,1.2563774586,1.255,3,-1.747,-3.127
124,1.2564370632,1.255,3,-1.805,-3.207
125,1.2564940453,1.256,3,-1.861,-3.287
126,1.2565588951,1.256,3,-1.925,-3.383
127,1.256619215,1.256,3,-1.986,-3.478
128,1.2566654682,1.256,3,-2.036,-3.554
129,1.256718874,1.256,3,-2.097,-3.649
130,1.2567676306,1.256,3,-2.152,-3.738
131,1.2568136454,1.256,3,-2.204,-3.827
132,1.2568569183,1.256,3,-2.255,-3.915
133,1.2568973303,1.256,3,-2.304,-3.999
134,1.2569355965,1.256,3,-2.341,-4.075
135,1.2569355965,1.256,4,0.375,-0.497
136,1.2572790384,1.257,4,0.351,-0.526
137,1.2576354742,1.257,4,0.338,-0.54
138,1.2579975128,1.258,4,0.33,-0.549
139,1.2583250999,1.258,4,0.324,-0.553
140,1.2586871386,1.258,4,0.32,-0.557
141,1.2590185404,1.259,4,0.316,-0.56
142,1.2593851089,1.259,4,0.311,-0.563
143,1.2597328424,1.259,4,0.306,-0.566
144,1.2601041794,1.26,4,0.301,-0.57
145,1.2604452372,1.26,4,0.296,-0.574
146,1.260794282,1.26,4,0.291,-0.578
147,1.261136055,1.261,4,0.286,-0.582
148,1.2614665031,1.261,4,0.281,-0.587
149,1.2618002892,1.261,4,0.276,-0.591
150,1.2620863914,1.262,4,0.271,-0.595
151,1.2621284723,1.262,4,0.271,-0.596
152,1.2624715567,1.262,4,0.265,-0.6
153,1.2628148794,1.262,4,0.26,-0.605
154,1.2631753683,1.263,4,0.254,-0.611
155,1.2634990215,1.263,4,0.249,-0.616
156,1.2638260126,1.263,4,0.243,-0.621
157,1.2641669512,1.264,4,0.237,-0.627
158,1.2645158768,1.264,4,0.232,-0.633
159,1.2646425962,1.264,4,0.229,-0.635
160,1.2648000717,1.264,4,0.226,-0.638
161,1.265127182,1.265,4,0.22,-0.645
162,1.2653127909,1.265,4,0.217,-0.649
163,1.2656013966,1.265,4,0.211,-0.655
164,1.2659387589,1.266,4,0.203,-0.664
165,1.2662744522,1.266,4,0.194,-0.674
166,1.2666091919,1.266,4,0.184,-0.686
167,1.2669456005,1.267,4,0.173,-0.7
168,1.2672785521,1.267,4,0.16,-0.716
169,1.2676074505,1.267,4,0.148,-0.731
170,1.2679507732,1.268,4,0.123,-0.762
171,1.268280983,1.268,4,0.071,-0.828
172,1.2684973478,1.268,4,-0.001,-0.916
173,1.2685941458,1.268,4,-0.081,-1.012
174,1.268630743,1.268,4,-0.157,-1.104
175,1.2686473131,1.268,4,-0.233,-1.194
176,1.268655777,1.268,4,-0.305,-1.279
177,1.2686567307,1.268,4,-0.314,-1.289
178,1.2686568499,1.268,7,-0.315,-1.29
179,1.2686572075,1.268,7,-0.32,-1.296
180,1.268663764,1.268,7,-0.412,-1.404
181,1.2686690092,1.268,7,-0.489,-1.493
182,1.2686742544,1.268,7,-0.556,-1.572
183,1.2686798573,1.268,7,-0.611,-1.638
184,1.2686949968,1.268,7,-0.611,-1.637
185,1.2687078714,1.268,7,-0.542,-1.556
186,1.2687402964,1.268,7,-0.482,-1.486
187,1.2689278126,1.267,7,-0.509,-1.517
188,1.2690483332,1.267,7,-0.598,-1.623
189,1.269162178,1.266,7,-0.694,-1.736
190,1.2692606449,1.266,7,-0.786,-1.845
191,1.2693462372,1.265,7,-0.875,-1.951
192,1.2694200277,1.264,7,-0.961,-2.054
193,1.2694840431,1.263,7,-1.045,-2.156
194,1.2695411444,1.262,7,-1.127,-2.256
195,1.2695921659,1.261,7,-1.195,-2.352
196,1.269638896,1.26,7,-1.272,-2.451
197,1.2696708441,1.259,7,-1.32,-2.522
198,1.26971066,1.257,7,-1.396,-2.619
199,1.2697483301,1.255,7,-1.47,-2.716
200,1.2697839737,1.253,7,-1.543,-2.813
201,1.2698165178,1.25,7,-1.616,-2.91
202,1.2698477507,1.247,7,-1.685,-3.003
203,1.2698794603,1.243,7,-1.751,-3.096
204,1.2699109316,1.239,7,-1.815,-3.187
205,1.2699401379,1.233,7,-1.876,-3.28
206,1.2699620724,1.228,7,-1.936,-3.372
207,1.2699766159,1.225,7,-1.987,-3.455
208,1.2699898481,1.22,7,-2.038,-3.538
209,1.2700017691,1.215,7,-2.089,-3.621
210,1.2700127363,1.21,7,-2.14,-3.709
211,1.2700235844,1.204,7,-2.184,-3.792
212,1.2700349092,1.196,7,-2.222,-3.867
213,1.2700378895,1.193,7,-2.236,-3.895
214,1.2700382471,1.193,7,-2.225,-3.873
215,1.2700383663,1.193,7,-2.144,-3.726
216,1.2700384855,1.193,7,-2.257,-3.939
217,1.2700386047,1.193,7,-2.228,-3.88
218,1.2700387239,1.192,7,-2.197,-3.82
219,1.2700396776,1.192,7,-2.203,-3.832
220,1.2700405121,1.191,7,-2.228,-3.88
221,1.2700411081,1.191,7,-2.249,-3.922
222,1.2700419426,1.19,7,-2.275,-3.971
223,1.2700427771,1.189,7,-2.297,-4.026
224,1.2700439692,1.188,7,-2.316,-4.084
225,1.2700453997,1.186,7,-2.337,-4.151
226,1.2700477839,1.182,7,-2.36,-4.229
227,1.2700494528,1.178,7,-2.369,-4.262
