,Mini,Mass,label,Vmag,Imag
0,0.0900000036,0.09,1,17.095,13.02
1,0.0917732567,0.092,1,16.856,12.876
2,0.0999016613,0.1,1,15.855,12.152
3,0.1090927571,0.109,1,15.114,11.729
4,0.1197049841,0.12,1,14.36,11.332
5,0.1395083219,0.139,1,13.498,10.824
6,0.1593116373,0.159,1,12.916,10.444
7,0.198918283,0.199,1,12.114,9.873
8,0.2484266162,0.248,1,11.442,9.35
9,0.2979349196,0.298,1,10.936,8.937
10,0.3442085087,0.344,1,10.509,8.577
11,0.347443223,0.347,1,10.481,8.553
12,0.3969515264,0.397,1,9.999,8.167
13,0.4464598894,0.446,1,9.51,7.735
14,0.495968163,0.496,1,8.824,7.279
15,0.5405681133,0.54,1,8.246,6.866
16,0.5454764962,0.545,1,8.185,6.821
17,0.5949847698,0.595,1,7.534,6.365
18,0.6239843369,0.624,1,7.168,6.1
19,0.644493103,0.644,1,6.927,5.922
20,0.6503750086,0.65,1,6.86,5.872
21,0.6897475719,0.69,1,6.448,5.555
22,0.6940014362,0.694,1,6.406,5.522
23,0.7136692405,0.714,1,6.217,5.374
24,0.7408862114,0.741,1,5.972,5.179
25,0.7437158227,0.744,1,5.947,5.159
26,0.7658607364,0.766,1,5.762,5.008
27,0.7888976336,0.789,1,5.576,4.853
28,0.7934301496,0.793,1,5.54,4.824
29,0.7976135015,0.797,1,5.507,4.796
30,0.8214368224,0.821,1,5.321,4.638
31,0.843144536,0.843,1,5.154,4.496
32,0.8475680351,0.847,1,5.121,4.467
33,0.8704262376,0.87,1,4.95,4.317
34,0.8916996121,0.891,1,4.791,4.178
35,0.8928588629,0.892,1,4.782,4.17
36,0.9086514711,0.908,1,4.664,4.066
37,0.9245473146,0.924,1,4.545,3.96
38,0.9387646317,0.938,1,4.438,3.864
39,0.9425732493,0.942,1,4.409,3.838
40,0.952445507,0.952,1,4.334,3.772
41,0.9764911532,0.976,1,4.149,3.606
42,0.9922875762,0.992,1,4.025,3.494
43,1.0063627958,1.006,1,3.915,3.395
44,1.0217055082,1.021,1,3.795,3.287
45,1.0361921787,1.036,1,3.682,3.183
46,1.0420018435,1.041,1,3.637,3.141
47,1.0498301983,1.049,1,3.575,3.085
48,1.0612344742,1.06,1,3.48,2.996
49,1.0705769062,1.07,1,3.399,2.92
50,1.0819084644,1.081,1,3.297,2.824
51,1.0826944113,1.082,1,3.29,2.817
52,1.0909216404,1.09,1,3.211,2.74
53,1.0917162895,1.091,1,3.203,2.733
54,1.0934749842,1.093,1,3.186,2.715
55,1.0981968641,1.097,1,3.135,2.665
56,1.1011641026,1.1,1,3.099,2.628
57,1.1035892963,1.103,2,3.073,2.601
58,1.1091723442,1.108,2,3.015,2.54
59,1.1165152788,1.116,2,2.939,2.458
60,1.122568965,1.122,2,2.874,2.386
61,1.1295707226,1.129,2,2.796,2.293
62,1.1360911131,1.135,2,2.721,2.195
63,1.1408320665,1.14,2,2.671,2.118
64,1.1414306164,1.141,2,2.666,2.108
65,1.1448116302,1.144,2,2.646,2.056
66,1.1476275921,1.147,2,2.655,2.026
67,1.1497116089,1.149,2,2.686,2.02
68,1.1513979435,1.15,2,2.736,2.034
69,1.1526163816,1.152,2,2.786,2.054
70,1.1538014412,1.153,2,2.827,2.067
71,1.1555360556,1.155,2,2.833,2.039
72,1.1570465565,1.156,2,2.787,1.973
73,1.1576753855,1.157,2,2.756,1.936
74,1.1584049463,1.158,3,2.714,1.887
75,1.1600490808,1.159,3,2.605,1.767
76,1.1613872051,1.16,3,2.506,1.659
77,1.1626611948,1.162,3,2.403,1.549
78,1.1638336182,1.163,3,2.3,1.44
79,1.165006876,1.164,3,2.19,1.323
80,1.1660767794,1.165,3,2.082,1.208
81,1.1669893265,1.166,3,1.982,1.102
82,1.1678849459,1.167,3,1.876,0.99
83,1.1687049866,1.168,3,1.772,0.879
84,1.1694613695,1.169,3,1.669,0.769
85,1.1701472998,1.169,3,1.567,0.66
86,1.1707980633,1.17,3,1.463,0.548
87,1.1713567972,1.17,3,1.367,0.444
88,1.1718885899,1.171,3,1.268,0.336
89,1.1723672152,1.171,3,1.172,0.232
90,1.1727957726,1.172,3,1.08,0.133
91,1.1732057333,1.172,3,0.988,0.032
92,1.173582077,1.173,3,0.897,-0.068
93,1.1739318371,1.173,3,0.807,-0.166
94,1.174251914,1.173,3,0.72,-0.263
95,1.1745483875,1.174,3,0.635,-0.356
96,1.1748350859,1.174,3,0.551,-0.449
97,1.1751103401,1.174,3,0.477,-0.531
98,1.1755096912,1.175,3,0.401,-0.615
99,1.1757112741,1.175,3,0.439,-0.572
100,1.1759028435,1.175,3,0.522,-0.477
101,1.175953269,1.175,3,0.545,-0.452
102,1.1761578321,1.175,3,0.47,-0.535
103,1.1764217615,1.176,3,0.375,-0.641
104,1.1766688824,1.176,3,0.283,-0.745
105,1.1769044399,1.176,3,0.19,-0.85
106,1.1771236658,1.176,3,0.099,-0.953
107,1.177324295,1.176,3,0.009,-1.055
108,1.1775128841,1.177,3,-0.08,-1.157
109,1.1776863337,1.177,3,-0.168,-1.257
110,1.1778432131,1.177,3,-0.253,-1.356
111,1.1779931784,1.177,3,-0.34,-1.456
112,1.1781287193,1.177,3,-0.424,-1.554
113,1.1782569885,1.177,3,-0.506,-1.652
114,1.1783722639,1.177,3,-0.584,-1.746
115,1.1784815788,1.178,3,-0.663,-1.842
116,1.1785802841,1.178,3,-0.74,-1.935
117,1.1786726713,1.178,3,-0.817,-2.029
118,1.1787594557,1.178,3,-0.892,-2.122
119,1.1788386106,1.178,3,-0.963,-2.213
120,1.1789140701,1.178,3,-1.035,-2.305
121,1.1789829731,1.178,3,-1.105,-2.395
122,1.1790474653,1.178,3,-1.174,-2.484
123,1.1791088581,1.178,3,-1.24,-2.574
124,1.1791647673,1.178,3,-1.305,-2.661
125,1.1792179346,1.178,3,-1.369,-2.748
126,1.1792793274,1.178,3,-1.448,-2.857
127,1.179335475,1.178,3,-1.521,-2.961
128,1.1793782711,1.178,3,-1.58,-3.047
129,1.1794182062,1.179,3,-1.637,-3.132
130,1.1794635057,1.179,3,-1.704,-3.234
131,1.1795060635,1.179,3,-1.766,-3.335
132,1.1795392036,1.179,3,-1.817,-3.419
133,1.1795760393,1.179,3,-1.875,-3.517
134,1.1796107292,1.179,3,-1.932,-3.615
135,1.1796427965,1.179,3,-1.981,-3.711
136,1.1796730757,1.179,3,-2.025,-3.806
137,1.1797013283,1.179,3,-2.065,-3.899
138,1.1797274351,1.179,3,-2.097,-3.986
139,1.1797474623,1.179,3,-2.11,-4.05
140,1.1797474623,1.179,4,0.476,-0.43
141,1.1799864769,1.179,4,0.451,-0.459
142,1.1802182198,1.18,4,0.439,-0.473
143,1.1804530621,1.18,4,0.432,-0.48
144,1.1806899309,1.18,4,0.429,-0.482
145,1.1809259653,1.18,4,0.426,-0.483
146,1.1811565161,1.18,4,0.424,-0.484
147,1.1813924313,1.181,4,0.422,-0.485
148,1.1816264391,1.181,4,0.419,-0.486
149,1.18186903,1.181,4,0.416,-0.488
150,1.1821178198,1.181,4,0.413,-0.49
151,1.1823425293,1.182,4,0.409,-0.492
152,1.1825881004,1.182,4,0.406,-0.495
153,1.1828100681,1.182,4,0.402,-0.497
154,1.1830407381,1.182,4,0.399,-0.5
155,1.1830937862,1.182,4,0.398,-0.501
156,1.1832629442,1.183,4,0.395,-0.503
157,1.1834920645,1.183,4,0.391,-0.506
158,1.1837297678,1.183,4,0.387,-0.51
159,1.1839556694,1.183,4,0.383,-0.514
160,1.1841799021,1.184,4,0.378,-0.518
161,1.1844011545,1.184,4,0.374,-0.523
162,1.1846290827,1.184,4,0.369,-0.527
163,1.1847536564,1.184,4,0.366,-0.53
164,1.1848646402,1.184,4,0.364,-0.533
165,1.1850954294,1.184,4,0.358,-0.539
166,1.1853269339,1.185,4,0.351,-0.547
167,1.1855695248,1.185,4,0.343,-0.556
168,1.1858021021,1.185,4,0.335,-0.566
169,1.1860368252,1.185,4,0.325,-0.577
170,1.186267972,1.186,4,0.314,-0.59
171,1.1864974499,1.186,4,0.302,-0.605
172,1.1867322922,1.186,4,0.289,-0.62
173,1.186965704,1.186,4,0.277,-0.634
174,1.1872019768,1.187,4,0.247,-0.673
175,1.1874326468,1.187,4,0.173,-0.763
176,1.1875246763,1.187,4,0.099,-0.853
177,1.1875692606,1.187,4,0.024,-0.943
178,1.1875901222,1.187,4,-0.051,-1.033
179,1.1876014471,1.187,4,-0.135,-1.132
180,1.187607646,1.187,4,-0.215,-1.226
181,1.1876090765,1.187,4,-0.238,-1.255
182,1.1876091957,1.187,7,-0.24,-1.256
183,1.1876112223,1.187,7,-0.28,-1.304
184,1.1876155138,1.187,7,-0.364,-1.404
185,1.1876200438,1.187,7,-0.429,-1.482
186,1.1876322031,1.187,7,-0.433,-1.487
187,1.1876544952,1.187,7,-0.388,-1.434
188,1.1878172159,1.186,7,-0.4,-1.45
189,1.1879018545,1.185,7,-0.479,-1.543
190,1.1879537106,1.185,7,-0.54,-1.615
191,1.1880050898,1.184,7,-0.603,-1.691
192,1.1880614758,1.184,7,-0.677,-1.781
193,1.1881126165,1.183,7,-0.753,-1.872
194,1.1881593466,1.182,7,-0.83,-1.966
195,1.1882020235,1.181,7,-0.905,-2.06
196,1.1882404089,1.18,7,-0.979,-2.153
197,1.1882753372,1.179,7,-1.051,-2.248
198,1.1883062124,1.177,7,-1.114,-2.338
199,1.1883347034,1.176,7,-1.17,-2.427
200,1.1883614063,1.174,7,-1.236,-2.519
201,1.1883867979,1.172,7,-1.306,-2.613
202,1.1884104013,1.169,7,-1.372,-2.705
203,1.1884320974,1.166,7,-1.435,-2.794
204,1.1884542704,1.163,7,-1.501,-2.887
205,1.1884765625,1.159,7,-1.565,-2.98
206,1.1884987354,1.154,7,-1.626,-3.073
207,1.1885192394,1.148,7,-1.685,-3.169
208,1.1885346174,1.142,7,-1.746,-3.268
209,1.1885449886,1.137,7,-1.801,-3.36
210,1.1885553598,1.132,7,-1.857,-3.463
211,1.1885632277,1.126,7,-1.904,-3.552
212,1.1885713339,1.119,7,-1.954,-3.65
213,1.1885806322,1.109,7,-1.99,-3.754
214,1.1885823011,1.106,7,-1.999,-3.778
215,1.1885828972,1.106,7,-2.002,-3.787
216,1.1885834932,1.105,7,-2.007,-3.801
217,1.1885840893,1.104,7,-2.009,-3.809
218,1.1885846853,1.103,7,-2.011,-3.813
219,1.1885852814,1.102,7,-2.016,-3.833
220,1.1885867119,1.1,7,-2.043,-3.925
221,1.1885882616,1.097,7,-2.048,-4.038
222,1.1885905266,1.089,7,-2.045,-4.136
