,Mini,Mass,label,Vmag,Imag
0,0.0900000036,0.09,1,16.87,12.915
1,0.0905974731,0.091,1,16.786,12.865
2,0.0996326953,0.1,1,15.609,12.042
3,0.1188980639,0.119,1,14.15,11.267
4,0.1381634474,0.138,1,13.323,10.771
5,0.1574288309,0.157,1,12.765,10.399
6,0.1959595978,0.196,1,12.008,9.846
7,0.2441230416,0.244,1,11.36,9.336
8,0.2922865152,0.292,1,10.864,8.93
9,0.3207809329,0.32,1,10.598,8.703
10,0.3404499292,0.34,1,10.427,8.556
11,0.388613373,0.388,1,9.977,8.18
12,0.4367768466,0.436,1,9.495,7.769
13,0.4849402606,0.484,1,8.855,7.331
14,0.5331037641,0.532,1,8.247,6.89
15,0.5812671781,0.58,1,7.611,6.441
16,0.5914771557,0.591,1,7.48,6.347
17,0.6294305325,0.629,1,7.023,6.011
18,0.6775940657,0.677,1,6.514,5.62
19,0.7091782093,0.709,1,6.215,5.384
20,0.7265271544,0.726,1,6.06,5.261
21,0.7424646616,0.742,1,5.926,5.153
22,0.7711799145,0.771,1,5.693,4.963
23,0.7754602432,0.775,1,5.66,4.935
24,0.8019601107,0.801,1,5.455,4.764
25,0.8243932724,0.824,1,5.287,4.622
26,0.8258340955,0.825,1,5.277,4.612
27,0.8551099896,0.854,1,5.063,4.427
28,0.8733263016,0.872,1,4.931,4.313
29,0.8881986737,0.887,1,4.825,4.22
30,0.9089254737,0.908,1,4.676,4.09
31,0.9222593904,0.921,1,4.581,4.006
32,0.9276230335,0.927,1,4.543,3.972
33,0.9450988173,0.944,1,4.418,3.862
34,0.9616781473,0.961,1,4.3,3.758
35,0.9711924195,0.97,1,4.231,3.698
36,0.9862499237,0.985,1,4.124,3.603
37,1.0090065002,1.008,1,3.959,3.458
38,1.0201253891,1.019,1,3.877,3.385
39,1.0290948153,1.028,1,3.811,3.328
40,1.0470508337,1.046,1,3.68,3.212
41,1.0631227493,1.062,1,3.562,3.108
42,1.0690585375,1.068,1,3.519,3.07
43,1.0828374624,1.082,1,3.419,2.98
44,1.0948114395,1.093,1,3.33,2.9
45,1.1048327684,1.103,1,3.255,2.831
46,1.1132929325,1.112,1,3.191,2.771
47,1.1179915667,1.117,1,3.155,2.738
48,1.1184433699,1.117,1,3.152,2.735
49,1.1255116463,1.124,1,3.097,2.681
50,1.1355733871,1.134,1,3.013,2.601
51,1.1441248655,1.143,1,2.927,2.524
52,1.1492526531,1.148,1,2.834,2.45
53,1.1541047096,1.153,2,2.783,2.393
54,1.1636543274,1.162,2,2.691,2.288
55,1.166924715,1.166,2,2.66,2.252
56,1.1675900221,1.166,2,2.654,2.245
57,1.1783099174,1.177,2,2.553,2.112
58,1.1861511469,1.185,2,2.485,2.001
59,1.1917769909,1.191,2,2.457,1.924
60,1.1956050396,1.194,2,2.465,1.884
61,1.1982805729,1.197,2,2.492,1.869
62,1.2002607584,1.199,2,2.523,1.864
63,1.2018148899,1.201,2,2.556,1.867
64,1.2031066418,1.202,2,2.586,1.872
65,1.2042444944,1.203,2,2.603,1.868
66,1.2053121328,1.204,2,2.605,1.854
67,1.2063605785,1.205,2,2.606,1.838
68,1.207841754,1.207,2,2.598,1.809
69,1.2088454962,1.208,2,2.589,1.786
70,1.2097389698,1.209,2,2.549,1.74
71,1.2117304802,1.211,3,2.45,1.629
72,1.2133760452,1.212,3,2.356,1.527
73,1.2150608301,1.214,3,2.25,1.413
74,1.2158577442,1.215,3,2.196,1.356
75,1.2166001797,1.215,3,2.147,1.303
76,1.2181125879,1.217,3,2.037,1.187
77,1.2194931507,1.218,3,1.928,1.071
78,1.2207731009,1.22,3,1.817,0.953
79,1.2219241858,1.221,3,1.709,0.838
80,1.2230216265,1.222,3,1.597,0.719
81,1.2239521742,1.223,3,1.493,0.608
82,1.2248052359,1.224,3,1.39,0.498
83,1.2256098986,1.225,3,1.285,0.385
84,1.2263265848,1.225,3,1.184,0.276
85,1.2270127535,1.226,3,1.08,0.163
86,1.2275999784,1.227,3,0.984,0.058
87,1.2281695604,1.227,3,0.883,-0.051
88,1.228676796,1.228,3,0.787,-0.156
89,1.2291469574,1.228,3,0.693,-0.259
90,1.229596138,1.229,3,0.598,-0.364
91,1.2300082445,1.229,3,0.506,-0.464
92,1.2304033041,1.229,3,0.418,-0.562
93,1.2308350801,1.23,3,0.334,-0.655
94,1.2311377525,1.23,3,0.297,-0.696
95,1.2312811613,1.23,3,0.321,-0.668
96,1.231564641,1.23,3,0.386,-0.595
97,1.2316850424,1.231,3,0.427,-0.548
98,1.231836915,1.231,3,0.385,-0.595
99,1.2321846485,1.231,3,0.286,-0.705
100,1.2325087786,1.231,3,0.192,-0.809
101,1.2328140736,1.232,3,0.101,-0.911
102,1.2331037521,1.232,3,0.009,-1.015
103,1.2333751917,1.232,3,-0.083,-1.118
104,1.2336187363,1.233,3,-0.172,-1.219
105,1.2338482141,1.233,3,-0.261,-1.321
106,1.2340584993,1.233,3,-0.349,-1.421
107,1.2342534065,1.233,3,-0.434,-1.52
108,1.234433651,1.233,3,-0.519,-1.618
109,1.2346030474,1.234,3,-0.604,-1.717
110,1.2347573042,1.234,3,-0.687,-1.814
111,1.234900713,1.234,3,-0.769,-1.91
112,1.2350332737,1.234,3,-0.847,-2.005
113,1.235155344,1.234,3,-0.924,-2.098
114,1.2352689505,1.234,3,-1.0,-2.19
115,1.2353721857,1.234,3,-1.073,-2.28
116,1.2354718447,1.234,3,-1.146,-2.372
117,1.2355636358,1.235,3,-1.216,-2.461
118,1.2356482744,1.235,3,-1.284,-2.549
119,1.2357286215,1.235,3,-1.353,-2.638
120,1.2358020544,1.235,3,-1.419,-2.724
121,1.2358729839,1.235,3,-1.485,-2.812
122,1.2359375954,1.235,3,-1.547,-2.896
123,1.2359979153,1.235,3,-1.607,-2.979
124,1.2360568047,1.235,3,-1.67,-3.064
125,1.2361223698,1.235,3,-1.743,-3.166
126,1.2361718416,1.235,3,-1.796,-3.246
127,1.2362194061,1.235,3,-1.849,-3.328
128,1.2362726927,1.235,3,-1.913,-3.425
129,1.2363226414,1.235,3,-1.975,-3.52
130,1.2363612652,1.235,3,-2.023,-3.599
131,1.2364058495,1.235,3,-2.08,-3.694
132,1.2364464998,1.235,3,-2.133,-3.785
133,1.2364846468,1.235,3,-2.185,-3.876
134,1.236520648,1.235,3,-2.231,-3.964
135,1.2365546227,1.236,3,-2.266,-4.046
136,1.2365651131,1.236,3,-2.276,-4.07
137,1.2365651131,1.236,4,0.406,-0.477
138,1.2368792295,1.236,4,0.382,-0.505
139,1.237205267,1.237,4,0.369,-0.52
140,1.2375364304,1.237,4,0.361,-0.528
141,1.2378361225,1.237,4,0.356,-0.532
142,1.2381672859,1.238,4,0.352,-0.535
143,1.2384703159,1.238,4,0.349,-0.537
144,1.2388055325,1.238,4,0.345,-0.539
145,1.2391235828,1.239,4,0.341,-0.542
146,1.2394630909,1.239,4,0.337,-0.545
147,1.2397749424,1.239,4,0.333,-0.548
148,1.2400941849,1.24,4,0.328,-0.552
149,1.2404067516,1.24,4,0.324,-0.555
150,1.240708828,1.24,4,0.319,-0.559
151,1.2410140038,1.241,4,0.315,-0.563
152,1.2412755489,1.241,4,0.311,-0.566
153,1.2413141727,1.241,4,0.31,-0.567
154,1.2416285276,1.241,4,0.305,-0.571
155,1.241943121,1.241,4,0.3,-0.575
156,1.2422733307,1.242,4,0.295,-0.58
157,1.2425699234,1.242,4,0.29,-0.585
158,1.2428694963,1.242,4,0.285,-0.59
159,1.2431819439,1.243,4,0.28,-0.595
160,1.243501544,1.243,4,0.274,-0.601
161,1.2436177731,1.243,4,0.272,-0.603
162,1.2437644005,1.243,4,0.269,-0.606
163,1.2440693378,1.244,4,0.263,-0.612
164,1.2443748713,1.244,4,0.257,-0.619
165,1.2446951866,1.244,4,0.249,-0.628
166,1.2450022697,1.245,4,0.241,-0.637
167,1.2453120947,1.245,4,0.232,-0.648
168,1.2456172705,1.245,4,0.221,-0.661
169,1.2459200621,1.245,4,0.209,-0.675
170,1.2462300062,1.246,4,0.197,-0.691
171,1.2465379238,1.246,4,0.179,-0.712
172,1.2468496561,1.246,4,0.146,-0.754
173,1.247153759,1.247,4,0.073,-0.845
174,1.2472752333,1.247,4,0.006,-0.926
175,1.2473340034,1.247,4,-0.058,-1.003
176,1.2473615408,1.247,4,-0.123,-1.08
177,1.2473765612,1.247,4,-0.198,-1.17
178,1.2473846674,1.247,4,-0.27,-1.255
179,1.2473865747,1.247,4,-0.29,-1.278
180,1.247386694,1.247,7,-0.291,-1.279
181,1.2473870516,1.247,7,-0.297,-1.286
182,1.2473932505,1.247,7,-0.39,-1.395
183,1.2473982573,1.247,7,-0.463,-1.481
184,1.2474031448,1.247,7,-0.526,-1.555
185,1.24740839,1.247,7,-0.569,-1.607
186,1.2474226952,1.247,7,-0.561,-1.598
187,1.2474349737,1.247,7,-0.501,-1.526
188,1.2474654913,1.247,7,-0.449,-1.466
189,1.2476425171,1.246,7,-0.471,-1.492
190,1.247756362,1.246,7,-0.554,-1.59
191,1.2478637695,1.245,7,-0.65,-1.703
192,1.2479567528,1.244,7,-0.74,-1.811
193,1.2480375767,1.244,7,-0.827,-1.915
194,1.2481070757,1.243,7,-0.912,-2.017
195,1.248167634,1.242,7,-0.996,-2.118
196,1.2482213974,1.241,7,-1.077,-2.218
197,1.248269558,1.24,7,-1.144,-2.312
198,1.2483136654,1.238,7,-1.221,-2.411
199,1.2483437061,1.237,7,-1.266,-2.481
200,1.2483813763,1.236,7,-1.337,-2.577
201,1.2484166622,1.234,7,-1.41,-2.673
202,1.2484502792,1.231,7,-1.483,-2.77
203,1.2484810352,1.229,7,-1.556,-2.866
204,1.2485104799,1.226,7,-1.622,-2.959
205,1.2485404015,1.222,7,-1.687,-3.051
206,1.2485700846,1.217,7,-1.751,-3.143
207,1.2485975027,1.212,7,-1.812,-3.236
208,1.2486182451,1.207,7,-1.869,-3.326
209,1.2486319542,1.203,7,-1.92,-3.41
210,1.248644352,1.198,7,-1.972,-3.494
211,1.2486556768,1.194,7,-2.023,-3.58
212,1.2486659288,1.188,7,-2.071,-3.668
213,1.2486763,1.182,7,-2.116,-3.753
214,1.2486869097,1.173,7,-2.161,-3.844
215,1.2486896515,1.171,7,-2.174,-3.873
216,1.2486900091,1.171,7,-2.161,-3.847
217,1.2486901283,1.17,7,-2.066,-3.672
218,1.2486902475,1.17,7,-2.193,-3.918
219,1.248690486,1.17,7,-2.126,-3.779
220,1.2486913204,1.169,7,-2.131,-3.789
221,1.2486921549,1.169,7,-2.155,-3.835
222,1.2486927509,1.168,7,-2.174,-3.873
223,1.2486934662,1.168,7,-2.196,-3.923
224,1.2486943007,1.167,7,-2.212,-3.971
225,1.2486953735,1.165,7,-2.232,-4.034
226,1.248696804,1.163,7,-2.253,-4.105
227,1.248699069,1.159,7,-2.271,-4.189
228,1.2487006187,1.156,7,-2.273,-4.223
