,Mini,Mass,label,Vmag,Imag
0,0.0900000036,0.09,1,17.149,13.072
1,0.0908368453,0.091,1,17.101,13.027
2,0.099999994,0.1,1,16.088,12.327
3,0.1199999899,0.12,1,14.62,11.426
4,0.1399999857,0.14,1,13.724,10.905
5,0.1599999964,0.16,1,13.117,10.518
6,0.1930003017,0.193,1,12.414,10.032
7,0.1999999881,0.2,1,12.286,9.939
8,0.25,0.25,1,11.587,9.408
9,0.3000000119,0.3,1,11.067,8.99
10,0.3348797262,0.335,1,10.732,8.711
11,0.3499999642,0.35,1,10.595,8.595
12,0.3898166418,0.39,1,10.196,8.281
13,0.3999999762,0.4,1,10.102,8.206
14,0.4170002937,0.417,1,9.909,8.055
15,0.4499999881,0.45,1,9.584,7.775
16,0.4999999404,0.5,1,8.926,7.313
17,0.5500000119,0.55,1,8.272,6.858
18,0.5847036839,0.584,1,7.818,6.544
19,0.5999999046,0.6,1,7.625,6.408
20,0.6499999166,0.65,1,7.002,5.962
21,0.6732717752,0.673,1,6.743,5.768
22,0.6999999285,0.7,1,6.47,5.558
23,0.7013774514,0.701,1,6.456,5.547
24,0.7400826812,0.74,1,6.094,5.264
25,0.7485320568,0.749,1,6.019,5.205
26,0.7584175467,0.758,1,5.934,5.136
27,0.7904626727,0.79,1,5.673,4.923
28,0.7970641851,0.797,1,5.621,4.88
29,0.8169512153,0.817,1,5.466,4.75
30,0.845377624,0.845,1,5.25,4.568
31,0.8455961943,0.845,1,5.249,4.567
32,0.8582707047,0.858,1,5.155,4.486
33,0.8798675537,0.879,1,4.997,4.35
34,0.8941283226,0.893,1,4.894,4.26
35,0.8990107179,0.898,1,4.859,4.229
36,0.9153646827,0.915,1,4.741,4.125
37,0.9426603317,0.942,1,4.544,3.951
38,0.9535603523,0.953,1,4.465,3.881
39,0.9678874016,0.967,1,4.361,3.789
40,0.9817765355,0.981,1,4.26,3.698
41,0.9911924601,0.991,1,4.19,3.636
42,1.0060647726,1.006,1,4.082,3.539
43,1.0274864435,1.027,1,3.923,3.396
44,1.0397244692,1.039,1,3.833,3.314
45,1.0461919308,1.046,1,3.786,3.271
46,1.0675474405,1.067,1,3.632,3.13
47,1.0848683119,1.084,1,3.502,3.009
48,1.0882565975,1.087,1,3.476,2.984
49,1.0932414532,1.092,1,3.438,2.949
50,1.1030249596,1.102,1,3.364,2.878
51,1.108279109,1.107,1,3.324,2.839
52,1.1142221689,1.113,1,3.266,2.784
53,1.1183947325,1.117,1,3.223,2.743
54,1.122384429,1.121,1,3.175,2.698
55,1.1231878996,1.122,1,3.164,2.688
56,1.1266123056,1.126,2,3.133,2.657
57,1.1343802214,1.133,2,3.068,2.592
58,1.1367887259,1.136,2,3.047,2.57
59,1.1474282742,1.147,2,2.95,2.467
60,1.1584467888,1.158,2,2.843,2.347
61,1.168825984,1.168,2,2.739,2.219
62,1.1768428087,1.176,2,2.667,2.111
63,1.181910634,1.181,2,2.651,2.051
64,1.1852762699,1.184,2,2.681,2.037
65,1.1853208542,1.185,2,2.682,2.038
66,1.1878712177,1.187,2,2.742,2.056
67,1.1897901297,1.189,2,2.799,2.077
68,1.1913394928,1.191,2,2.838,2.088
69,1.1924570799,1.192,2,2.867,2.095
70,1.1935425997,1.193,2,2.875,2.086
71,1.1951284409,1.194,2,2.869,2.057
72,1.1965066195,1.196,2,2.832,2.006
73,1.1970796585,1.196,2,2.81,1.98
74,1.1982345581,1.198,3,2.758,1.919
75,1.1999746561,1.199,3,2.67,1.822
76,1.201633811,1.201,3,2.575,1.719
77,1.2033560276,1.203,3,2.467,1.603
78,1.2050441504,1.204,3,2.352,1.481
79,1.2064611912,1.206,3,2.247,1.369
80,1.20784688,1.207,3,2.136,1.251
81,1.2091135979,1.208,3,2.025,1.134
82,1.2102704048,1.21,3,1.916,1.017
83,1.2112668753,1.211,3,1.813,0.908
84,1.2122257948,1.212,3,1.707,0.794
85,1.2130873203,1.212,3,1.603,0.682
86,1.213906765,1.213,3,1.495,0.566
87,1.214612484,1.214,3,1.394,0.457
88,1.2152737379,1.215,3,1.292,0.346
89,1.2158782482,1.215,3,1.193,0.238
90,1.21641469,1.216,3,1.098,0.135
91,1.2169400454,1.216,3,0.999,0.026
92,1.2174066305,1.217,3,0.904,-0.077
93,1.2178385258,1.217,3,0.812,-0.179
94,1.2182500362,1.218,3,0.72,-0.28
95,1.218657136,1.218,3,0.634,-0.376
96,1.2192233801,1.219,3,0.545,-0.474
97,1.2192721367,1.219,3,0.539,-0.481
98,1.2195316553,1.219,3,0.578,-0.437
99,1.2197780609,1.219,3,0.65,-0.355
100,1.2198429108,1.219,3,0.671,-0.331
101,1.2199276686,1.219,3,0.647,-0.357
102,1.2202819586,1.22,3,0.55,-0.466
103,1.2206126451,1.22,3,0.457,-0.571
104,1.2209326029,1.22,3,0.362,-0.678
105,1.2212244272,1.221,3,0.27,-0.782
106,1.2215009928,1.221,3,0.177,-0.887
107,1.2217525244,1.221,3,0.087,-0.989
108,1.2219867706,1.221,3,-0.002,-1.091
109,1.2222011089,1.222,3,-0.089,-1.191
110,1.2224019766,1.222,3,-0.177,-1.293
111,1.2225841284,1.222,3,-0.263,-1.392
112,1.2227516174,1.222,3,-0.344,-1.489
113,1.2229105234,1.222,3,-0.425,-1.587
114,1.2230528593,1.222,3,-0.503,-1.681
115,1.2231878042,1.223,3,-0.583,-1.777
116,1.2233127356,1.223,3,-0.662,-1.873
117,1.2234265804,1.223,3,-0.737,-1.967
118,1.2235326767,1.223,3,-0.811,-2.059
119,1.2236294746,1.223,3,-0.883,-2.15
120,1.2237215042,1.223,3,-0.955,-2.242
121,1.2238049507,1.223,3,-1.024,-2.331
122,1.2238839865,1.223,3,-1.09,-2.42
123,1.2239576578,1.223,3,-1.155,-2.508
124,1.2240245342,1.223,3,-1.218,-2.594
125,1.2240896225,1.223,3,-1.283,-2.682
126,1.224148035,1.224,3,-1.343,-2.765
127,1.224203229,1.224,3,-1.401,-2.847
128,1.2242567539,1.224,3,-1.46,-2.932
129,1.2243158817,1.224,3,-1.528,-3.033
130,1.2243708372,1.224,3,-1.593,-3.132
131,1.2244127989,1.224,3,-1.641,-3.212
132,1.2244608402,1.224,3,-1.7,-3.309
133,1.22450459,1.224,3,-1.755,-3.402
134,1.224545598,1.224,3,-1.807,-3.494
135,1.2245836258,1.224,3,-1.85,-3.584
136,1.2246191502,1.224,3,-1.891,-3.673
137,1.2246521711,1.224,3,-1.929,-3.76
138,1.2246828079,1.224,3,-1.963,-3.844
139,1.2247114182,1.224,3,-1.976,-3.924
140,1.2247378826,1.224,3,-1.986,-3.999
141,1.2247558832,1.224,3,-1.991,-4.047
142,1.2247558832,1.224,4,0.511,-0.414
143,1.2250448465,1.224,4,0.486,-0.443
144,1.225328207,1.225,4,0.473,-0.457
145,1.2256159782,1.225,4,0.467,-0.463
146,1.2259038687,1.225,4,0.464,-0.465
147,1.2261972427,1.226,4,0.462,-0.466
148,1.2264847755,1.226,4,0.46,-0.466
149,1.2267763615,1.226,4,0.459,-0.467
150,1.22706604,1.227,4,0.457,-0.467
151,1.2273341417,1.227,4,0.454,-0.469
152,1.2276132107,1.227,4,0.451,-0.47
153,1.2278802395,1.227,4,0.449,-0.472
154,1.2281532288,1.228,4,0.446,-0.474
155,1.2284226418,1.228,4,0.443,-0.477
156,1.2287062407,1.228,4,0.439,-0.479
157,1.2288322449,1.228,4,0.438,-0.48
158,1.2289916277,1.228,4,0.436,-0.482
159,1.2292792797,1.229,4,0.432,-0.485
160,1.229554534,1.229,4,0.428,-0.488
161,1.2298288345,1.229,4,0.424,-0.492
162,1.2301206589,1.23,4,0.42,-0.496
163,1.2304080725,1.23,4,0.415,-0.501
164,1.2306970358,1.23,4,0.411,-0.505
165,1.2308673859,1.23,4,0.408,-0.508
166,1.2309658527,1.23,4,0.406,-0.511
167,1.2312390804,1.231,4,0.4,-0.517
168,1.2315131426,1.231,4,0.394,-0.524
169,1.2317863703,1.231,4,0.387,-0.532
170,1.2320672274,1.232,4,0.378,-0.542
171,1.2323368788,1.232,4,0.369,-0.552
172,1.232611537,1.232,4,0.358,-0.565
173,1.2328803539,1.232,4,0.344,-0.582
174,1.233166337,1.233,4,0.326,-0.604
175,1.233443141,1.233,4,0.301,-0.635
176,1.23371315,1.233,4,0.257,-0.688
177,1.2339236736,1.233,4,0.187,-0.773
178,1.234021306,1.233,4,0.112,-0.864
179,1.234066844,1.234,4,0.029,-0.962
180,1.234087348,1.234,4,-0.053,-1.06
181,1.2340971231,1.234,4,-0.125,-1.147
182,1.2341029644,1.234,4,-0.195,-1.231
183,1.2341030836,1.234,7,-0.197,-1.233
184,1.234107852,1.234,7,-0.279,-1.33
185,1.2341121435,1.234,7,-0.354,-1.419
186,1.2341164351,1.234,7,-0.425,-1.505
187,1.2341208458,1.234,7,-0.482,-1.574
188,1.2341321707,1.233,7,-0.495,-1.59
189,1.2341395617,1.233,7,-0.451,-1.537
190,1.2341560125,1.233,7,-0.386,-1.459
191,1.2342104912,1.233,7,-0.338,-1.403
192,1.2343634367,1.233,7,-0.381,-1.454
193,1.2344683409,1.232,7,-0.462,-1.55
194,1.2345641851,1.231,7,-0.546,-1.653
195,1.2346462011,1.231,7,-0.63,-1.754
196,1.2347172499,1.23,7,-0.713,-1.855
197,1.234778285,1.229,7,-0.791,-1.953
198,1.2348314524,1.228,7,-0.869,-2.051
199,1.2348787785,1.227,7,-0.946,-2.149
200,1.2349214554,1.226,7,-1.021,-2.246
201,1.2349601984,1.225,7,-1.083,-2.339
202,1.2349874973,1.224,7,-1.12,-2.408
203,1.2350211143,1.222,7,-1.191,-2.503
204,1.235052824,1.22,7,-1.258,-2.598
205,1.2350831032,1.218,7,-1.327,-2.694
206,1.2351107597,1.216,7,-1.393,-2.787
207,1.2351380587,1.212,7,-1.457,-2.88
208,1.2351654768,1.209,7,-1.519,-2.972
209,1.2351918221,1.204,7,-1.579,-3.066
210,1.2352132797,1.2,7,-1.639,-3.162
211,1.2352272272,1.196,7,-1.692,-3.252
212,1.2352381945,1.193,7,-1.738,-3.336
213,1.2352486849,1.189,7,-1.786,-3.425
214,1.2352575064,1.185,7,-1.831,-3.509
215,1.235265851,1.18,7,-1.866,-3.592
216,1.2352743149,1.174,7,-1.896,-3.674
217,1.2352809906,1.169,7,-1.914,-3.73
218,1.2352826595,1.168,7,-1.92,-3.749
219,1.2352836132,1.167,7,-1.933,-3.79
220,1.2352845669,1.166,7,-1.94,-3.827
221,1.2352865934,1.164,7,-1.921,-3.772
222,1.2352869511,1.163,7,-1.922,-3.771
223,1.2352870703,1.163,7,-1.929,-3.849
224,1.2352871895,1.163,7,-1.918,-3.752
225,1.2352873087,1.163,7,-1.901,-3.703
226,1.2352874279,1.163,7,-1.875,-3.635
227,1.2352875471,1.163,7,-1.921,-3.757
228,1.2352876663,1.163,7,-1.923,-3.765
229,1.2352877855,1.162,7,-1.906,-3.716
230,1.2352879047,1.162,7,-1.898,-3.693
231,1.23528862,1.162,7,-1.914,-3.737
232,1.2352893353,1.161,7,-1.934,-3.799
233,1.2352898121,1.16,7,-1.941,-3.857
234,1.2352906466,1.159,7,-1.943,-3.922
235,1.2352913618,1.158,7,-1.942,-3.98
236,1.2352923155,1.157,7,-1.94,-4.032
237,1.235293746,1.154,7,-1.922,-4.089
238,1.2352948189,1.151,7,-1.908,-4.109
