,Mini,Mass,label,Vmag,Imag
0,0.0900000036,0.09,1,17.05,12.998
1,0.0917398036,0.092,1,16.814,12.857
2,0.0998479277,0.1,1,15.805,12.13
3,0.1077240482,0.108,1,15.164,11.763
4,0.1195437908,0.119,1,14.318,11.319
5,0.1392396539,0.139,1,13.461,10.813
6,0.1589355022,0.159,1,12.884,10.434
7,0.1983272284,0.198,1,12.091,9.867
8,0.2475668788,0.247,1,11.423,9.345
9,0.2968065441,0.296,1,10.92,8.933
10,0.3445169032,0.344,1,10.482,8.564
11,0.3460461497,0.346,1,10.469,8.553
12,0.3952858448,0.395,1,9.992,8.169
13,0.4445254803,0.444,1,9.51,7.741
14,0.4937651157,0.493,1,8.829,7.288
15,0.5430048108,0.542,1,8.194,6.833
16,0.5922443867,0.592,1,7.545,6.377
17,0.6205942035,0.62,1,7.187,6.118
18,0.6414839625,0.641,1,6.941,5.936
19,0.6476682425,0.647,1,6.871,5.883
20,0.6883259416,0.688,1,6.446,5.555
21,0.6907237768,0.691,1,6.422,5.537
22,0.7121899724,0.712,1,6.216,5.375
23,0.7394253016,0.739,1,5.97,5.179
24,0.7402820587,0.74,1,5.963,5.174
25,0.7643854022,0.764,1,5.761,5.008
26,0.7873924375,0.787,1,5.574,4.854
27,0.789840281,0.789,1,5.555,4.838
28,0.7960745096,0.796,1,5.505,4.796
29,0.8198992014,0.819,1,5.319,4.639
30,0.8393986225,0.839,1,5.17,4.511
31,0.8460041881,0.845,1,5.12,4.467
32,0.868868649,0.868,1,4.948,4.318
33,0.8889567852,0.888,1,4.798,4.186
34,0.890327692,0.889,1,4.788,4.177
35,0.9070827961,0.906,1,4.662,4.065
36,0.9229940772,0.922,1,4.542,3.959
37,0.9372256994,0.936,1,4.435,3.863
38,0.9385151267,0.938,1,4.425,3.855
39,0.9508929253,0.95,1,4.331,3.771
40,0.9749689698,0.974,1,4.145,3.604
41,0.9880734086,0.988,1,4.042,3.512
42,1.0048670769,1.004,1,3.91,3.394
43,1.0202429295,1.02,1,3.789,3.284
44,1.034760952,1.034,1,3.675,3.18
45,1.0376316309,1.037,1,3.653,3.159
46,1.0483943224,1.048,1,3.568,3.081
47,1.0598248243,1.059,1,3.472,2.992
48,1.0691889524,1.068,1,3.39,2.915
49,1.0805472136,1.079,1,3.287,2.818
50,1.0813350677,1.08,1,3.28,2.811
51,1.0871899128,1.086,1,3.223,2.756
52,1.0915170908,1.09,1,3.18,2.713
53,1.0964019299,1.095,1,3.126,2.659
54,1.0994848013,1.098,1,3.087,2.62
55,1.1019551754,1.101,2,3.061,2.593
56,1.107611537,1.107,2,3.002,2.531
57,1.1149921417,1.114,2,2.925,2.447
58,1.1210317612,1.12,2,2.86,2.373
59,1.1279711723,1.127,2,2.781,2.279
60,1.1343920231,1.133,2,2.708,2.181
61,1.1367481947,1.136,2,2.683,2.142
62,1.1395366192,1.139,2,2.657,2.096
63,1.1433286667,1.142,2,2.64,2.041
64,1.1459338665,1.145,2,2.654,2.016
65,1.1478713751,1.147,2,2.686,2.012
66,1.1494451761,1.148,2,2.731,2.024
67,1.1505855322,1.15,2,2.775,2.041
68,1.1516973972,1.151,2,2.811,2.05
69,1.1533293724,1.152,2,2.814,2.022
70,1.1547551155,1.154,2,2.771,1.959
71,1.1553498507,1.154,2,2.742,1.924
72,1.1560738087,1.155,3,2.7,1.875
73,1.157704711,1.157,3,2.591,1.755
74,1.1590316296,1.158,3,2.491,1.647
75,1.1602947712,1.159,3,2.388,1.536
76,1.1614567041,1.16,3,2.285,1.427
77,1.1626193523,1.162,3,2.174,1.31
78,1.1636792421,1.163,3,2.066,1.194
79,1.1645832062,1.164,3,1.965,1.088
80,1.1654701233,1.164,3,1.86,0.976
81,1.166282177,1.165,3,1.755,0.864
82,1.1670309305,1.166,3,1.652,0.754
83,1.1677099466,1.167,3,1.55,0.644
84,1.1683540344,1.167,3,1.446,0.532
85,1.1689070463,1.168,3,1.349,0.428
86,1.1694332361,1.168,3,1.249,0.32
87,1.1699068546,1.169,3,1.153,0.216
88,1.1703307629,1.169,3,1.061,0.116
89,1.1707363129,1.17,3,0.968,0.015
90,1.1711086035,1.17,3,0.877,-0.085
91,1.1714545488,1.17,3,0.787,-0.184
92,1.1717712879,1.171,3,0.7,-0.28
93,1.1720644236,1.171,3,0.615,-0.374
94,1.1723480225,1.171,3,0.531,-0.467
95,1.1726201773,1.172,3,0.455,-0.55
96,1.1730149984,1.172,3,0.379,-0.635
97,1.1732130051,1.172,3,0.417,-0.592
98,1.1734009981,1.172,3,0.501,-0.497
99,1.17345047,1.172,3,0.523,-0.472
100,1.1736519337,1.173,3,0.448,-0.555
101,1.1739116907,1.173,3,0.353,-0.661
102,1.1741549969,1.173,3,0.261,-0.765
103,1.1743868589,1.173,3,0.168,-0.869
104,1.174602747,1.174,3,0.077,-0.973
105,1.1748002768,1.174,3,-0.013,-1.074
106,1.1749858856,1.174,3,-0.103,-1.176
107,1.1751567125,1.174,3,-0.19,-1.277
108,1.1753110886,1.174,3,-0.275,-1.375
109,1.1754585505,1.174,3,-0.362,-1.475
110,1.1755920649,1.175,3,-0.446,-1.573
111,1.1757183075,1.175,3,-0.529,-1.671
112,1.1758317947,1.175,3,-0.606,-1.765
113,1.1759393215,1.175,3,-0.685,-1.861
114,1.1760364771,1.175,3,-0.762,-1.954
115,1.1761274338,1.175,3,-0.839,-2.047
116,1.1762127876,1.175,3,-0.914,-2.14
117,1.1762907505,1.175,3,-0.985,-2.23
118,1.1763650179,1.175,3,-1.056,-2.322
119,1.176432848,1.175,3,-1.126,-2.411
120,1.1764963865,1.175,3,-1.195,-2.501
121,1.1765567064,1.176,3,-1.262,-2.59
122,1.1766117811,1.176,3,-1.325,-2.676
123,1.176664114,1.176,3,-1.389,-2.764
124,1.1767244339,1.176,3,-1.468,-2.871
125,1.176779747,1.176,3,-1.541,-2.975
126,1.1768219471,1.176,3,-1.6,-3.06
127,1.176861167,1.176,3,-1.656,-3.144
128,1.1769058704,1.176,3,-1.722,-3.245
129,1.1769475937,1.176,3,-1.785,-3.345
130,1.176980257,1.176,3,-1.836,-3.428
131,1.1770164967,1.176,3,-1.893,-3.525
132,1.1770505905,1.176,3,-1.95,-3.622
133,1.177082181,1.176,3,-2.0,-3.717
134,1.1771119833,1.176,3,-2.045,-3.811
135,1.1771398783,1.176,3,-2.085,-3.903
136,1.1771655083,1.176,3,-2.119,-3.989
137,1.1771851778,1.176,3,-2.136,-4.052
138,1.1771851778,1.176,4,0.468,-0.434
139,1.1774230003,1.177,4,0.442,-0.464
140,1.1776535511,1.177,4,0.43,-0.478
141,1.1778870821,1.177,4,0.424,-0.484
142,1.1781227589,1.177,4,0.42,-0.487
143,1.1783576012,1.178,4,0.417,-0.488
144,1.1785869598,1.178,4,0.415,-0.489
145,1.1788216829,1.178,4,0.412,-0.49
146,1.1790544987,1.178,4,0.41,-0.491
147,1.1792958975,1.179,4,0.407,-0.493
148,1.179543376,1.179,4,0.403,-0.496
149,1.1797668934,1.179,4,0.4,-0.498
150,1.1800112724,1.179,4,0.396,-0.501
151,1.1802321672,1.18,4,0.392,-0.504
152,1.1804616451,1.18,4,0.388,-0.506
153,1.1805144548,1.18,4,0.388,-0.507
154,1.1806826591,1.18,4,0.385,-0.51
155,1.1809103489,1.18,4,0.381,-0.513
156,1.1811466217,1.18,4,0.377,-0.516
157,1.1813710928,1.181,4,0.372,-0.52
158,1.1815940142,1.181,4,0.368,-0.525
159,1.1818139553,1.181,4,0.363,-0.529
160,1.182040453,1.181,4,0.358,-0.534
161,1.1821641922,1.181,4,0.356,-0.537
162,1.1822756529,1.182,4,0.353,-0.54
163,1.182507515,1.182,4,0.347,-0.546
164,1.1827397346,1.182,4,0.34,-0.554
165,1.1829832792,1.182,4,0.332,-0.563
166,1.1832168102,1.183,4,0.324,-0.573
167,1.183452487,1.183,4,0.314,-0.584
168,1.1836845875,1.183,4,0.303,-0.597
169,1.1839148998,1.183,4,0.291,-0.612
170,1.1841506958,1.183,4,0.279,-0.627
171,1.1843850613,1.184,4,0.269,-0.639
172,1.1846222878,1.184,4,0.236,-0.68
173,1.1848539114,1.184,4,0.16,-0.772
174,1.1849464178,1.184,4,0.087,-0.862
175,1.1849911213,1.184,4,0.014,-0.95
176,1.1850121021,1.184,4,-0.059,-1.037
177,1.1850236654,1.184,4,-0.142,-1.135
178,1.1850297451,1.184,4,-0.222,-1.23
179,1.1850311756,1.184,7,-0.247,-1.259
180,1.1850332022,1.184,7,-0.286,-1.306
181,1.1850374937,1.184,7,-0.371,-1.407
182,1.1850417852,1.184,7,-0.434,-1.482
183,1.1850538254,1.184,7,-0.437,-1.486
184,1.1850756407,1.184,7,-0.388,-1.428
185,1.1852352619,1.183,7,-0.411,-1.457
186,1.1853183508,1.183,7,-0.493,-1.554
187,1.1853691339,1.182,7,-0.557,-1.629
188,1.1854195595,1.182,7,-0.622,-1.708
189,1.1854747534,1.181,7,-0.697,-1.798
190,1.1855250597,1.18,7,-0.773,-1.891
191,1.1855707169,1.179,7,-0.851,-1.985
192,1.1856126785,1.178,7,-0.927,-2.079
193,1.1856503487,1.177,7,-1.001,-2.173
194,1.1856845617,1.176,7,-1.071,-2.267
195,1.1857148409,1.174,7,-1.134,-2.357
196,1.1857427359,1.173,7,-1.191,-2.446
197,1.1857689619,1.171,7,-1.258,-2.538
198,1.1857938766,1.169,7,-1.328,-2.632
199,1.1858170033,1.166,7,-1.394,-2.723
200,1.1858383417,1.163,7,-1.457,-2.811
201,1.1858600378,1.16,7,-1.522,-2.904
202,1.1858818531,1.155,7,-1.586,-2.996
203,1.1859036684,1.15,7,-1.646,-3.088
204,1.1859238148,1.144,7,-1.705,-3.184
205,1.1859388351,1.138,7,-1.766,-3.282
206,1.1859489679,1.134,7,-1.821,-3.373
207,1.1859591007,1.128,7,-1.876,-3.475
208,1.1859668493,1.122,7,-1.922,-3.562
209,1.1859748363,1.115,7,-1.971,-3.658
210,1.1859838963,1.104,7,-2.009,-3.759
211,1.1859855652,1.102,7,-2.015,-3.777
212,1.1859861612,1.101,7,-2.017,-3.782
213,1.1859866381,1.101,7,-2.023,-3.8
214,1.1859872341,1.1,7,-2.028,-3.812
215,1.1859878302,1.099,7,-2.032,-3.822
216,1.1859885454,1.098,7,-2.039,-3.847
217,1.1859898567,1.096,7,-2.064,-3.935
218,1.1859914064,1.092,7,-2.074,-4.048
219,1.1859936714,1.085,7,-2.073,-4.142
