,Mini,Mass,label,Vmag,Imag
0,0.0900000036,0.09,1,16.731,12.85
1,0.099470973,0.099,1,15.456,11.973
2,0.1184129193,0.118,1,14.029,11.229
3,0.1373548657,0.137,1,13.22,10.739
4,0.1562968045,0.156,1,12.677,10.371
5,0.1941807121,0.194,1,11.94,9.826
6,0.2415355742,0.241,1,11.3,9.316
7,0.2888904214,0.288,1,10.807,8.909
8,0.3362452984,0.335,1,10.385,8.549
9,0.3836001456,0.383,1,9.958,8.18
10,0.4309550524,0.43,1,9.467,7.777
11,0.4783098698,0.478,1,8.857,7.348
12,0.5256648064,0.525,1,8.256,6.909
13,0.5537439585,0.553,1,7.87,6.638
14,0.5730196238,0.572,1,7.617,6.457
15,0.6203744411,0.62,1,7.034,6.027
16,0.6677293777,0.667,1,6.522,5.631
17,0.692404747,0.692,1,6.279,5.44
18,0.7161926627,0.716,1,6.059,5.264
19,0.7193588018,0.719,1,6.031,5.242
20,0.7437718511,0.743,1,5.821,5.071
21,0.7646559477,0.764,1,5.647,4.929
22,0.7747978568,0.774,1,5.565,4.859
23,0.7983115911,0.798,1,5.378,4.7
24,0.8131192923,0.812,1,5.261,4.601
25,0.8240346909,0.823,1,5.176,4.527
26,0.8466450572,0.846,1,5.001,4.374
27,0.8615825176,0.861,1,4.886,4.273
28,0.8678280115,0.867,1,4.838,4.231
29,0.8844636083,0.883,1,4.709,4.117
30,0.9002652168,0.899,1,4.587,4.009
31,0.9100459218,0.909,1,4.51,3.941
32,0.9143573046,0.913,1,4.477,3.912
33,0.9279364347,0.927,1,4.37,3.817
34,0.9519090652,0.951,1,4.177,3.645
35,0.9585092068,0.958,1,4.123,3.597
36,0.9645590186,0.964,1,4.074,3.553
37,0.9817397594,0.981,1,3.932,3.426
38,0.9971298575,0.996,1,3.802,3.31
39,1.0069724321,1.006,1,3.719,3.235
40,1.0116122961,1.011,1,3.681,3.2
41,1.0252394676,1.024,1,3.565,3.095
42,1.036695838,1.036,1,3.463,3.001
43,1.0460828543,1.045,1,3.375,2.919
44,1.0554357767,1.054,1,3.283,2.833
45,1.0579673052,1.057,1,3.258,2.81
46,1.0624709129,1.061,1,3.21,2.764
47,1.0695348978,1.068,1,3.13,2.685
48,1.0762242079,1.075,1,3.049,2.602
49,1.0805751085,1.079,1,2.991,2.541
50,1.0828937292,1.082,1,2.963,2.51
51,1.0880140066,1.087,2,2.903,2.443
52,1.0943470001,1.093,2,2.826,2.353
53,1.0992734432,1.098,2,2.764,2.274
54,1.1038991213,1.103,2,2.704,2.191
55,1.1047617197,1.103,2,2.693,2.177
56,1.109863162,1.109,2,2.635,2.079
57,1.1132646799,1.112,2,2.614,2.017
58,1.1156024933,1.114,2,2.625,1.989
59,1.1172764301,1.116,2,2.652,1.982
60,1.1185588837,1.117,2,2.679,1.981
61,1.1196249723,1.118,2,2.704,1.981
62,1.120411396,1.119,2,2.725,1.983
63,1.1211897135,1.12,2,2.739,1.978
64,1.1223530769,1.121,2,2.723,1.94
65,1.1233905554,1.122,2,2.685,1.887
66,1.1238292456,1.122,2,2.661,1.858
67,1.1244748831,1.123,3,2.618,1.808
68,1.1259272099,1.125,3,2.506,1.684
69,1.1271066666,1.126,3,2.402,1.572
70,1.1282277107,1.127,3,2.295,1.458
71,1.1292573214,1.128,3,2.189,1.346
72,1.1302860975,1.129,3,2.075,1.225
73,1.1312226057,1.13,3,1.964,1.107
74,1.1320203543,1.131,3,1.861,0.998
75,1.1328023672,1.131,3,1.753,0.883
76,1.1335176229,1.132,3,1.645,0.769
77,1.1341763735,1.133,3,1.538,0.655
78,1.1347734928,1.133,3,1.433,0.542
79,1.1353392601,1.134,3,1.326,0.427
80,1.1358246803,1.134,3,1.227,0.32
81,1.1362863779,1.135,3,1.125,0.21
82,1.1367015839,1.135,3,1.027,0.104
83,1.1370731592,1.136,3,0.932,0.001
84,1.1374284029,1.136,3,0.836,-0.104
85,1.1377543211,1.136,3,0.741,-0.207
86,1.1380572319,1.137,3,0.649,-0.309
87,1.1383341551,1.137,3,0.559,-0.408
88,1.1385905743,1.137,3,0.472,-0.504
89,1.1388385296,1.137,3,0.385,-0.6
90,1.1390763521,1.138,3,0.305,-0.689
91,1.1394213438,1.138,3,0.224,-0.777
92,1.1395845413,1.138,3,0.266,-0.73
93,1.1397395134,1.138,3,0.346,-0.639
94,1.1397804022,1.138,3,0.369,-0.614
95,1.1399493217,1.139,3,0.295,-0.696
96,1.1401669979,1.139,3,0.198,-0.803
97,1.140370965,1.139,3,0.107,-0.906
98,1.1405652761,1.139,3,0.015,-1.009
99,1.1407459974,1.139,3,-0.076,-1.112
100,1.1409114599,1.139,3,-0.165,-1.213
101,1.141067028,1.14,3,-0.255,-1.315
102,1.1412100792,1.14,3,-0.343,-1.416
103,1.1413393021,1.14,3,-0.427,-1.513
104,1.1414628029,1.14,3,-0.514,-1.613
105,1.1415746212,1.14,3,-0.597,-1.71
106,1.1416802406,1.14,3,-0.681,-1.808
107,1.1417752504,1.14,3,-0.761,-1.902
108,1.1418652534,1.14,3,-0.839,-1.996
109,1.1419466734,1.141,3,-0.914,-2.087
110,1.1420227289,1.141,3,-0.989,-2.178
111,1.1420941353,1.141,3,-1.063,-2.269
112,1.1421593428,1.141,3,-1.133,-2.357
113,1.14222157,1.141,3,-1.202,-2.445
114,1.1422783136,1.141,3,-1.269,-2.531
115,1.1423313618,1.141,3,-1.335,-2.617
116,1.1423819065,1.141,3,-1.402,-2.703
117,1.1424280405,1.141,3,-1.465,-2.787
118,1.1424717903,1.141,3,-1.526,-2.869
119,1.1425223351,1.141,3,-1.599,-2.97
120,1.1425685883,1.141,3,-1.671,-3.069
121,1.142603755,1.141,3,-1.728,-3.149
122,1.1426366568,1.141,3,-1.781,-3.228
123,1.1426739693,1.141,3,-1.842,-3.322
124,1.1427088976,1.141,3,-1.902,-3.414
125,1.1427363157,1.141,3,-1.952,-3.491
126,1.1427665949,1.141,3,-2.008,-3.58
127,1.1427950859,1.141,3,-2.061,-3.669
128,1.1428215504,1.141,3,-2.112,-3.755
129,1.1428464651,1.141,3,-2.162,-3.841
130,1.1428697109,1.141,3,-2.207,-3.923
131,1.1428912878,1.141,3,-2.241,-4.0
132,1.1429076195,1.142,3,-2.265,-4.057
133,1.1429076195,1.142,4,0.421,-0.456
134,1.1431012154,1.142,4,0.395,-0.485
135,1.1433055401,1.142,4,0.383,-0.499
136,1.1435120106,1.142,4,0.376,-0.506
137,1.1437163353,1.143,4,0.371,-0.51
138,1.1439306736,1.143,4,0.368,-0.512
139,1.1441390514,1.143,4,0.365,-0.514
140,1.1443483829,1.143,4,0.361,-0.515
141,1.14455688,1.143,4,0.358,-0.517
142,1.1447508335,1.144,4,0.355,-0.519
143,1.1449596882,1.144,4,0.351,-0.522
144,1.1451771259,1.144,4,0.347,-0.525
145,1.145381093,1.144,4,0.343,-0.528
146,1.1455981731,1.144,4,0.338,-0.531
147,1.1458135843,1.145,4,0.334,-0.535
148,1.1458318233,1.145,4,0.333,-0.535
149,1.1460330486,1.145,4,0.329,-0.539
150,1.1462475061,1.145,4,0.325,-0.542
151,1.1464563608,1.145,4,0.32,-0.546
152,1.1466560364,1.146,4,0.315,-0.551
153,1.1468685865,1.146,4,0.31,-0.556
154,1.1470690966,1.146,4,0.305,-0.561
155,1.1472666264,1.146,4,0.3,-0.566
156,1.1472870111,1.146,4,0.299,-0.566
157,1.147470355,1.146,4,0.294,-0.572
158,1.1476712227,1.147,4,0.288,-0.579
159,1.1478661299,1.147,4,0.281,-0.586
160,1.1480641365,1.147,4,0.274,-0.595
161,1.1482615471,1.147,4,0.266,-0.604
162,1.1484550238,1.147,4,0.257,-0.615
163,1.1486488581,1.148,4,0.247,-0.626
164,1.1488443613,1.148,4,0.236,-0.64
165,1.1490399837,1.148,4,0.224,-0.654
166,1.1492375135,1.148,4,0.218,-0.661
167,1.1494425535,1.148,4,0.191,-0.695
168,1.1496388912,1.149,4,0.136,-0.764
169,1.149766922,1.149,4,0.065,-0.852
170,1.1498264074,1.149,4,-0.016,-0.95
171,1.149851203,1.149,4,-0.095,-1.043
172,1.1498624086,1.149,4,-0.168,-1.131
173,1.1498683691,1.149,4,-0.239,-1.215
174,1.1498709917,1.149,7,-0.283,-1.267
175,1.1498730183,1.149,7,-0.33,-1.322
176,1.149876833,1.149,7,-0.419,-1.427
177,1.1498824358,1.149,7,-0.491,-1.512
178,1.1499085426,1.149,7,-0.435,-1.445
179,1.150067687,1.147,7,-0.484,-1.503
180,1.1501392126,1.147,7,-0.586,-1.625
181,1.1502040625,1.146,7,-0.695,-1.754
182,1.1502581835,1.145,7,-0.787,-1.864
183,1.1503053904,1.144,7,-0.876,-1.971
184,1.150346756,1.143,7,-0.962,-2.076
185,1.1503829956,1.141,7,-1.047,-2.178
186,1.1504149437,1.14,7,-1.121,-2.276
187,1.1504434347,1.138,7,-1.185,-2.371
188,1.1504693031,1.136,7,-1.26,-2.468
189,1.1504875422,1.134,7,-1.307,-2.539
190,1.1505098343,1.132,7,-1.378,-2.633
191,1.1505308151,1.129,7,-1.448,-2.726
192,1.1505508423,1.126,7,-1.52,-2.822
193,1.1505697966,1.122,7,-1.588,-2.915
194,1.1505872011,1.118,7,-1.648,-3.001
195,1.1506050825,1.112,7,-1.708,-3.088
196,1.1506229639,1.106,7,-1.765,-3.176
197,1.1506394148,1.098,7,-1.824,-3.269
198,1.1506515741,1.091,7,-1.884,-3.368
199,1.1506594419,1.085,7,-1.935,-3.452
200,1.1506665945,1.079,7,-1.981,-3.531
201,1.1506730318,1.072,7,-2.026,-3.612
202,1.1506792307,1.065,7,-2.069,-3.695
203,1.1506851912,1.055,7,-2.111,-3.782
204,1.1506905556,1.045,7,-2.151,-3.876
205,1.1506921053,1.042,7,-2.162,-3.912
206,1.1506923437,1.041,7,-2.147,-3.87
207,1.1506924629,1.041,7,-2.149,-3.877
208,1.1506925821,1.04,7,-2.146,-3.871
209,1.1506928205,1.04,7,-2.157,-3.902
210,1.150693059,1.039,7,-2.171,-3.942
211,1.1506934166,1.038,7,-2.185,-3.984
212,1.150693655,1.037,7,-2.2,-4.032
213,1.1506941319,1.036,7,-2.214,-4.079
214,1.1506947279,1.033,7,-2.228,-4.129
215,1.1506954432,1.03,7,-2.233,-4.183
216,1.1506966352,1.024,7,-2.232,-4.24
217,1.1506984234,1.012,7,-2.223,-4.294
218,1.1506990194,1.008,7,-2.22,-4.304
