,Mini,Mass,label,Vmag,Imag
0,0.0900000036,0.09,1,16.914,12.935
1,0.0938377753,0.094,1,16.398,12.593
2,0.0996865481,0.1,1,15.657,12.063
3,0.1188297719,0.119,1,14.206,11.288
4,0.1190596223,0.119,1,14.191,11.279
5,0.1384327114,0.138,1,13.355,10.78
6,0.1578058004,0.158,1,12.792,10.407
7,0.1965519786,0.196,1,12.027,9.85
8,0.2449847013,0.244,1,11.372,9.335
9,0.293417424,0.293,1,10.873,8.926
10,0.3396722376,0.339,1,10.454,8.569
11,0.3418501019,0.341,1,10.435,8.553
12,0.3902828097,0.39,1,9.979,8.176
13,0.4387155771,0.438,1,9.497,7.759
14,0.4510288537,0.45,1,9.312,7.639
15,0.4871482551,0.487,1,8.844,7.316
16,0.5236801505,0.523,1,8.373,6.976
17,0.5355810523,0.535,1,8.227,6.87
18,0.5840137005,0.583,1,7.584,6.418
19,0.6324463487,0.632,1,6.991,5.983
20,0.649595499,0.649,1,6.798,5.837
21,0.6808791757,0.681,1,6.477,5.587
22,0.6845827699,0.684,1,6.44,5.559
23,0.7165486217,0.716,1,6.139,5.321
24,0.729968667,0.73,1,6.018,5.224
25,0.7442029119,0.744,1,5.898,5.127
26,0.7693845034,0.769,1,5.69,4.956
27,0.7790581584,0.778,1,5.612,4.893
28,0.8012158275,0.8,1,5.438,4.745
29,0.825340569,0.824,1,5.253,4.588
30,0.8281476498,0.827,1,5.231,4.57
31,0.8515480757,0.851,1,5.055,4.417
32,0.8747075796,0.874,1,4.883,4.266
33,0.8772370815,0.876,1,4.864,4.25
34,0.878139317,0.877,1,4.858,4.244
35,0.8961971998,0.895,1,4.723,4.126
36,0.9132009149,0.912,1,4.597,4.014
37,0.9263266325,0.925,1,4.499,3.927
38,0.9293186665,0.928,1,4.477,3.908
39,0.9436063766,0.943,1,4.37,3.813
40,0.9574630857,0.957,1,4.265,3.72
41,0.9754160643,0.975,1,4.128,3.598
42,0.9946826696,0.994,1,3.979,3.465
43,1.0121603012,1.011,1,3.842,3.343
44,1.024505496,1.024,1,3.746,3.256
45,1.0277793407,1.027,1,3.72,3.233
46,1.0423928499,1.041,1,3.607,3.131
47,1.0562398434,1.055,1,3.497,3.031
48,1.0678795576,1.067,1,3.4,2.941
49,1.073595047,1.072,1,3.351,2.896
50,1.0742754936,1.073,1,3.345,2.89
51,1.0823184252,1.081,1,3.275,2.825
52,1.0869876146,1.086,1,3.234,2.786
53,1.0906944275,1.089,1,3.197,2.751
54,1.0964020491,1.095,1,3.136,2.691
55,1.1016932726,1.1,1,3.074,2.63
56,1.1050788164,1.104,1,3.029,2.584
57,1.1078898907,1.107,2,2.999,2.554
58,1.114217639,1.113,2,2.937,2.488
59,1.1222720146,1.121,2,2.856,2.399
60,1.1226844788,1.121,2,2.852,2.394
61,1.1311215162,1.13,2,2.76,2.289
62,1.1397353411,1.138,2,2.663,2.165
63,1.1464314461,1.145,2,2.592,2.053
64,1.150681138,1.149,2,2.566,1.983
65,1.1535099745,1.152,2,2.582,1.956
66,1.1554921865,1.154,2,2.623,1.957
67,1.1569871902,1.156,2,2.658,1.961
68,1.1582146883,1.157,2,2.688,1.964
69,1.159111619,1.158,2,2.712,1.968
70,1.159992218,1.159,2,2.731,1.968
71,1.1612956524,1.16,2,2.728,1.941
72,1.1624450684,1.161,2,2.699,1.895
73,1.1629276276,1.162,2,2.679,1.87
74,1.1636693478,1.162,3,2.638,1.822
75,1.1653389931,1.164,3,2.53,1.702
76,1.1666959524,1.165,3,2.429,1.593
77,1.1679866314,1.167,3,2.326,1.483
78,1.1691730022,1.168,3,2.223,1.373
79,1.1703592539,1.169,3,2.112,1.256
80,1.1714398861,1.17,3,2.004,1.141
81,1.1717740297,1.171,3,1.967,1.102
82,1.1724239588,1.171,3,1.902,1.033
83,1.1734040976,1.172,3,1.796,0.92
84,1.1743576527,1.173,3,1.684,0.801
85,1.1751714945,1.174,3,1.581,0.691
86,1.1759462357,1.175,3,1.475,0.577
87,1.1766160727,1.175,3,1.376,0.471
88,1.1772575378,1.176,3,1.273,0.36
89,1.1778649092,1.177,3,1.168,0.246
90,1.1784080267,1.177,3,1.067,0.137
91,1.1788986921,1.178,3,0.969,0.03
92,1.1793651581,1.178,3,0.869,-0.079
93,1.1797894239,1.179,3,0.772,-0.185
94,1.1801806688,1.179,3,0.677,-0.289
95,1.1805526018,1.179,3,0.582,-0.394
96,1.1808952093,1.18,3,0.49,-0.496
97,1.1812409163,1.18,3,0.399,-0.596
98,1.1817169189,1.181,3,0.315,-0.689
99,1.1819316149,1.181,3,0.353,-0.646
100,1.1821354628,1.181,3,0.434,-0.555
101,1.1821891069,1.181,3,0.455,-0.531
102,1.1824848652,1.181,3,0.355,-0.641
103,1.1827659607,1.182,3,0.261,-0.747
104,1.1830393076,1.182,3,0.166,-0.853
105,1.1832848787,1.182,3,0.076,-0.954
106,1.1835206747,1.182,3,-0.016,-1.058
107,1.1837356091,1.183,3,-0.106,-1.16
108,1.183937788,1.183,3,-0.197,-1.264
109,1.1841199398,1.183,3,-0.284,-1.363
110,1.1842881441,1.183,3,-0.369,-1.462
111,1.1844449043,1.183,3,-0.454,-1.56
112,1.1845908165,1.183,3,-0.539,-1.659
113,1.1847275496,1.184,3,-0.624,-1.758
114,1.1848509312,1.184,3,-0.702,-1.852
115,1.1849677563,1.184,3,-0.781,-1.948
116,1.1850714684,1.184,3,-0.857,-2.04
117,1.1851713657,1.184,3,-0.934,-2.134
118,1.1852616072,1.184,3,-1.008,-2.224
119,1.185346365,1.184,3,-1.078,-2.314
120,1.1854276657,1.184,3,-1.15,-2.406
121,1.1854999065,1.184,3,-1.217,-2.493
122,1.1855697632,1.184,3,-1.287,-2.583
123,1.1856335402,1.184,3,-1.353,-2.67
124,1.1856936216,1.185,3,-1.417,-2.755
125,1.1857508421,1.185,3,-1.48,-2.842
126,1.1858153343,1.185,3,-1.555,-2.945
127,1.1858644485,1.185,3,-1.616,-3.029
128,1.1859107018,1.185,3,-1.675,-3.113
129,1.1859631538,1.185,3,-1.741,-3.213
130,1.186011672,1.185,3,-1.805,-3.311
131,1.1860493422,1.185,3,-1.858,-3.393
132,1.1860922575,1.185,3,-1.92,-3.49
133,1.1861315966,1.185,3,-1.976,-3.585
134,1.1861686707,1.185,3,-2.031,-3.679
135,1.1862030029,1.185,3,-2.084,-3.771
136,1.1862354279,1.185,3,-2.132,-3.862
137,1.1862654686,1.185,3,-2.171,-3.95
138,1.186293602,1.185,3,-2.205,-4.031
139,1.1863037348,1.185,3,-2.216,-4.059
140,1.1863037348,1.186,4,0.436,-0.454
141,1.1865552664,1.186,4,0.41,-0.484
142,1.1867990494,1.186,4,0.398,-0.498
143,1.1870461702,1.186,4,0.391,-0.505
144,1.1872955561,1.187,4,0.387,-0.508
145,1.1875439882,1.187,4,0.383,-0.51
146,1.1877865791,1.187,4,0.38,-0.511
147,1.1880348921,1.187,4,0.377,-0.513
148,1.1882812977,1.188,4,0.374,-0.515
149,1.188536644,1.188,4,0.37,-0.517
150,1.1887985468,1.188,4,0.366,-0.52
151,1.189035058,1.188,4,0.363,-0.523
152,1.189293623,1.189,4,0.358,-0.526
153,1.1895272732,1.189,4,0.354,-0.529
154,1.1897702217,1.189,4,0.35,-0.533
155,1.1898260117,1.189,4,0.349,-0.533
156,1.1900036335,1.189,4,0.346,-0.536
157,1.1902440786,1.189,4,0.342,-0.54
158,1.1904935837,1.19,4,0.337,-0.544
159,1.190730691,1.19,4,0.333,-0.548
160,1.1909660101,1.19,4,0.328,-0.552
161,1.1911982298,1.19,4,0.323,-0.557
162,1.1914374828,1.191,4,0.318,-0.562
163,1.1915682554,1.191,4,0.315,-0.565
164,1.191685915,1.191,4,0.312,-0.568
165,1.1919306517,1.191,4,0.306,-0.575
166,1.1921759844,1.191,4,0.299,-0.583
167,1.1924331188,1.192,4,0.291,-0.592
168,1.1926797628,1.192,4,0.282,-0.602
169,1.192928791,1.192,4,0.273,-0.613
170,1.1931740046,1.192,4,0.262,-0.626
171,1.1934174299,1.193,4,0.25,-0.641
172,1.1936665773,1.193,4,0.238,-0.654
173,1.1939142942,1.193,4,0.228,-0.667
174,1.1941649914,1.193,4,0.195,-0.708
175,1.1944098473,1.194,4,0.121,-0.8
176,1.1945074797,1.194,4,0.05,-0.887
177,1.194554925,1.194,4,-0.021,-0.972
178,1.1945769787,1.194,4,-0.091,-1.056
179,1.194589138,1.194,4,-0.172,-1.151
180,1.1945956945,1.194,4,-0.25,-1.243
181,1.1945972443,1.194,7,-0.274,-1.272
182,1.1945992708,1.194,7,-0.313,-1.318
183,1.1946038008,1.194,7,-0.397,-1.418
184,1.1946083307,1.194,7,-0.462,-1.495
185,1.1946207285,1.194,7,-0.466,-1.5
186,1.1946433783,1.194,7,-0.415,-1.439
187,1.1948091984,1.193,7,-0.444,-1.475
188,1.1948955059,1.192,7,-0.529,-1.575
189,1.1949481964,1.192,7,-0.597,-1.656
190,1.1950005293,1.191,7,-0.666,-1.738
191,1.195057869,1.19,7,-0.743,-1.831
192,1.1951100826,1.19,7,-0.821,-1.924
193,1.1951575279,1.189,7,-0.9,-2.02
194,1.1952010393,1.188,7,-0.98,-2.117
195,1.1952402592,1.187,7,-1.054,-2.211
196,1.1952756643,1.185,7,-1.121,-2.305
197,1.1953071356,1.184,7,-1.187,-2.396
198,1.1953361034,1.182,7,-1.25,-2.488
199,1.1953634024,1.18,7,-1.318,-2.58
200,1.1953892708,1.178,7,-1.388,-2.674
201,1.1954132318,1.175,7,-1.458,-2.767
202,1.1954354048,1.172,7,-1.522,-2.857
203,1.1954579353,1.169,7,-1.588,-2.949
204,1.1954805851,1.164,7,-1.651,-3.041
205,1.1955031157,1.159,7,-1.714,-3.134
206,1.1955242157,1.152,7,-1.774,-3.23
207,1.1955397129,1.146,7,-1.833,-3.327
208,1.1955502033,1.142,7,-1.888,-3.416
209,1.195560813,1.135,7,-1.945,-3.515
210,1.1955688,1.13,7,-1.992,-3.602
211,1.1955771446,1.122,7,-2.04,-3.696
212,1.1955866814,1.112,7,-2.086,-3.794
213,1.1955882311,1.109,7,-2.088,-3.802
214,1.1955889463,1.109,7,-2.086,-3.8
215,1.1955895424,1.108,7,-2.098,-3.827
216,1.1955900192,1.107,7,-2.107,-3.849
217,1.1955906153,1.106,7,-2.114,-3.867
218,1.1955913305,1.105,7,-2.124,-3.898
219,1.195592761,1.103,7,-2.148,-3.979
220,1.19559443,1.099,7,-2.174,-4.087
221,1.1955966949,1.092,7,-2.177,-4.179
