,Mini,Mass,label,Vmag,Imag
0,0.0900000036,0.09,1,16.319,12.543
1,0.0985036045,0.098,1,15.075,11.859
2,0.1000000015,0.1,1,14.878,11.767
3,0.1141785607,0.114,1,13.86,11.223
4,0.1199999899,0.12,1,13.511,11.02
5,0.1400000006,0.14,1,12.774,10.536
6,0.1599999964,0.16,1,12.279,10.175
7,0.2000000179,0.2,1,11.583,9.632
8,0.25,0.25,1,10.969,9.124
9,0.3000000417,0.3,1,10.491,8.716
10,0.3500000238,0.35,1,10.082,8.341
11,0.400000006,0.4,1,9.603,7.955
12,0.4500000179,0.45,1,9.021,7.519
13,0.5,0.5,1,8.415,7.063
14,0.5500000715,0.55,1,7.728,6.572
15,0.6000000238,0.6,1,7.119,6.116
16,0.6090356112,0.609,1,7.015,6.036
17,0.6499999762,0.65,1,6.578,5.695
18,0.654725194,0.655,1,6.53,5.657
19,0.6865897775,0.687,1,6.223,5.412
20,0.7000000477,0.7,1,6.1,5.314
21,0.7195097208,0.72,1,5.93,5.176
22,0.7491015792,0.749,1,5.681,4.974
23,0.75,0.75,1,5.674,4.968
24,0.771491468,0.771,1,5.502,4.822
25,0.7996425033,0.799,1,5.28,4.632
26,0.8000000119,0.8,1,5.277,4.629
27,0.8034693599,0.803,1,5.25,4.606
28,0.8348950744,0.835,1,5.007,4.394
29,0.8500000238,0.85,1,4.889,4.291
30,0.8653059006,0.865,1,4.772,4.189
31,0.8918178678,0.891,1,4.567,4.009
32,0.8999999762,0.899,1,4.503,3.952
33,0.9141782522,0.914,1,4.393,3.856
34,0.93460536,0.934,1,4.231,3.714
35,0.9499999881,0.95,1,4.107,3.605
36,0.967776835,0.968,1,3.961,3.478
37,0.9854392409,0.985,1,3.812,3.348
38,1.0,1.0,1,3.688,3.239
39,1.0063804388,1.006,1,3.634,3.192
40,1.0227353573,1.023,1,3.493,3.069
41,1.0364745855,1.036,1,3.371,2.961
42,1.0480009317,1.047,1,3.262,2.863
43,1.0499999523,1.05,1,3.242,2.846
44,1.0511938334,1.051,1,3.231,2.836
45,1.0602046251,1.06,1,3.141,2.754
46,1.0625987053,1.062,1,3.116,2.732
47,1.0673588514,1.067,1,3.064,2.683
48,1.0748543739,1.074,1,2.979,2.6
49,1.0819846392,1.081,1,2.894,2.515
50,1.086638689,1.086,1,2.834,2.454
51,1.0905106068,1.09,1,2.785,2.399
52,1.0971144438,1.096,2,2.7,2.301
53,1.1000000238,1.099,2,2.66,2.249
54,1.1041849852,1.104,2,2.602,2.176
55,1.1089332104,1.108,2,2.534,2.075
56,1.1123559475,1.112,2,2.489,1.992
57,1.1143746376,1.114,2,2.469,1.941
58,1.1159476042,1.115,2,2.459,1.902
59,1.1171474457,1.116,2,2.46,1.875
60,1.1184425354,1.118,2,2.473,1.855
61,1.119563818,1.119,2,2.489,1.841
62,1.1205337048,1.12,2,2.512,1.836
63,1.1214158535,1.121,2,2.53,1.83
64,1.1222434044,1.122,2,2.546,1.824
65,1.1230596304,1.122,2,2.544,1.804
66,1.1240828037,1.123,2,2.53,1.771
67,1.1252807379,1.125,2,2.502,1.72
68,1.1254271269,1.125,2,2.497,1.714
69,1.1256269217,1.125,2,2.484,1.698
70,1.1270202398,1.126,3,2.379,1.58
71,1.1281783581,1.127,3,2.28,1.472
72,1.1292598248,1.129,3,2.178,1.362
73,1.13034904,1.13,3,2.066,1.243
74,1.1313481331,1.131,3,1.955,1.125
75,1.1322029829,1.131,3,1.853,1.018
76,1.1331021786,1.132,3,1.739,0.897
77,1.1338787079,1.133,3,1.633,0.785
78,1.1346108913,1.134,3,1.525,0.67
79,1.135264039,1.135,3,1.421,0.559
80,1.1358984709,1.135,3,1.311,0.442
81,1.1364477873,1.136,3,1.209,0.333
82,1.1369917393,1.136,3,1.099,0.215
83,1.1374562979,1.137,3,0.998,0.107
84,1.1379055977,1.137,3,0.893,-0.006
85,1.1383213997,1.138,3,0.789,-0.119
86,1.1386950016,1.138,3,0.688,-0.229
87,1.1390510798,1.138,3,0.585,-0.341
88,1.1393711567,1.139,3,0.486,-0.45
89,1.1396830082,1.139,3,0.382,-0.563
90,1.1399616003,1.139,3,0.287,-0.669
91,1.1402374506,1.139,3,0.191,-0.774
92,1.1405133009,1.14,3,0.106,-0.867
93,1.1407866478,1.14,3,0.038,-0.943
94,1.1408759356,1.14,3,0.049,-0.93
95,1.1410524845,1.14,3,0.135,-0.833
96,1.1411275864,1.14,3,0.178,-0.784
97,1.1412303448,1.14,3,0.131,-0.837
98,1.141443491,1.141,3,0.034,-0.944
99,1.1416472197,1.141,3,-0.06,-1.048
100,1.1418437958,1.141,3,-0.155,-1.155
101,1.1420196295,1.141,3,-0.246,-1.256
102,1.1421864033,1.141,3,-0.337,-1.359
103,1.1423403025,1.142,3,-0.427,-1.461
104,1.1424815655,1.142,3,-0.515,-1.561
105,1.142611742,1.142,3,-0.602,-1.661
106,1.1427335739,1.142,3,-0.69,-1.761
107,1.1428438425,1.142,3,-0.772,-1.857
108,1.1429483891,1.142,3,-0.856,-1.954
109,1.1430444717,1.142,3,-0.938,-2.05
110,1.1431339979,1.142,3,-1.02,-2.145
111,1.1432181597,1.142,3,-1.101,-2.241
112,1.1432942152,1.143,3,-1.175,-2.331
113,1.1433677673,1.143,3,-1.251,-2.424
114,1.1434345245,1.143,3,-1.323,-2.514
115,1.1434979439,1.143,3,-1.396,-2.605
116,1.1435573101,1.143,3,-1.469,-2.696
117,1.1436247826,1.143,3,-1.554,-2.805
118,1.1436756849,1.143,3,-1.621,-2.892
119,1.1437348127,1.143,3,-1.705,-3.001
120,1.1437884569,1.143,3,-1.785,-3.107
121,1.143838644,1.143,3,-1.861,-3.211
122,1.1438771486,1.143,3,-1.921,-3.296
123,1.1439199448,1.143,3,-1.99,-3.397
124,1.1439603567,1.143,3,-2.059,-3.498
125,1.1439985037,1.143,3,-2.125,-3.598
126,1.1440341473,1.143,3,-2.19,-3.698
127,1.144067049,1.143,3,-2.253,-3.796
128,1.1440980434,1.143,3,-2.315,-3.893
129,1.1441272497,1.143,3,-2.37,-3.986
130,1.1441539526,1.144,3,-2.419,-4.07
131,1.1441539526,1.143,4,0.351,-0.493
132,1.1443668604,1.144,4,0.326,-0.522
133,1.1445903778,1.144,4,0.314,-0.536
134,1.144813776,1.144,4,0.306,-0.545
135,1.1450430155,1.144,4,0.299,-0.55
136,1.1452698708,1.145,4,0.294,-0.554
137,1.1455031633,1.145,4,0.289,-0.557
138,1.1457301378,1.145,4,0.285,-0.56
139,1.1459522247,1.145,4,0.28,-0.563
140,1.1461704969,1.145,4,0.275,-0.567
141,1.1464092731,1.146,4,0.27,-0.571
142,1.146643281,1.146,4,0.264,-0.575
143,1.1468691826,1.146,4,0.259,-0.58
144,1.1470905542,1.146,4,0.254,-0.584
145,1.147315979,1.147,4,0.248,-0.588
146,1.1473450661,1.147,4,0.248,-0.589
147,1.1475380659,1.147,4,0.243,-0.593
148,1.1477708817,1.147,4,0.237,-0.598
149,1.1479977369,1.147,4,0.232,-0.602
150,1.1482257843,1.147,4,0.226,-0.608
151,1.1484595537,1.148,4,0.22,-0.613
152,1.1486871243,1.148,4,0.215,-0.619
153,1.1489145756,1.148,4,0.209,-0.625
154,1.1489276886,1.148,4,0.208,-0.625
155,1.148947835,1.148,4,0.208,-0.626
156,1.1491526365,1.148,4,0.202,-0.632
157,1.1493574381,1.149,4,0.196,-0.639
158,1.1495672464,1.149,4,0.189,-0.646
159,1.1497782469,1.149,4,0.182,-0.655
160,1.1499848366,1.149,4,0.174,-0.663
161,1.1499999762,1.149,4,0.174,-0.664
162,1.150028348,1.149,4,0.173,-0.665
163,1.1502591372,1.15,4,0.164,-0.675
164,1.1504933834,1.15,4,0.155,-0.687
165,1.1507284641,1.15,4,0.144,-0.701
166,1.1509615183,1.15,4,0.13,-0.717
167,1.1511909962,1.151,4,0.132,-0.714
168,1.1514229774,1.151,4,0.11,-0.743
169,1.1516536474,1.151,4,0.063,-0.802
170,1.1518292427,1.151,4,-0.013,-0.896
171,1.1519037485,1.151,4,-0.094,-0.995
172,1.1519312859,1.151,4,-0.169,-1.085
173,1.1519435644,1.151,4,-0.248,-1.179
174,1.1519498825,1.151,4,-0.328,-1.273
175,1.1519504786,1.151,4,-0.339,-1.286
176,1.1519505978,1.151,7,-0.34,-1.287
177,1.1519523859,1.151,7,-0.377,-1.331
178,1.151956439,1.151,7,-0.46,-1.428
179,1.1519606113,1.151,7,-0.535,-1.515
180,1.1519719362,1.151,7,-0.548,-1.53
181,1.1519925594,1.151,7,-0.509,-1.484
182,1.1521435976,1.15,7,-0.536,-1.516
183,1.1522221565,1.149,7,-0.64,-1.638
184,1.1522700787,1.149,7,-0.724,-1.736
185,1.1523177624,1.148,7,-0.804,-1.831
186,1.152369976,1.147,7,-0.892,-1.935
187,1.1524174213,1.146,7,-0.978,-2.037
188,1.1524606943,1.145,7,-1.064,-2.138
189,1.1525002718,1.144,7,-1.147,-2.238
190,1.1525357962,1.142,7,-1.227,-2.337
191,1.1525681019,1.14,7,-1.288,-2.435
192,1.1525967121,1.138,7,-1.365,-2.532
193,1.1526230574,1.136,7,-1.441,-2.629
194,1.1526478529,1.133,7,-1.517,-2.725
195,1.1526713371,1.13,7,-1.592,-2.821
196,1.1526931524,1.127,7,-1.665,-2.917
197,1.1527132988,1.122,7,-1.733,-3.008
198,1.1527338028,1.117,7,-1.801,-3.1
199,1.152754426,1.111,7,-1.868,-3.192
200,1.1527750492,1.103,7,-1.927,-3.283
201,1.1527940035,1.094,7,-1.989,-3.381
202,1.1528081894,1.085,7,-2.056,-3.486
203,1.1528177261,1.078,7,-2.111,-3.574
204,1.1528272629,1.068,7,-2.164,-3.666
205,1.1528346539,1.06,7,-2.211,-3.747
206,1.152842164,1.049,7,-2.258,-3.832
207,1.1528507471,1.033,7,-2.339,-4.0
208,1.1528522968,1.029,7,-2.386,-4.109
209,1.1528528929,1.027,7,-2.405,-4.158
210,1.1528533697,1.025,7,-2.417,-4.194
211,1.1528538465,1.023,7,-2.426,-4.224
212,1.1528544426,1.021,7,-2.436,-4.257
213,1.1528551579,1.018,7,-2.442,-4.283
214,1.1528563499,1.011,7,-2.458,-4.34
215,1.1528577805,1.002,7,-2.464,-4.378
216,1.1528599262,0.987,7,-2.461,-4.411
