,Mini,Mass,label,Vmag,Imag
0,0.0900000036,0.09,1,16.369,12.581
1,0.1000000089,0.1,1,14.933,11.785
2,0.1199999899,0.12,1,13.552,11.036
3,0.1400000006,0.14,1,12.807,10.55
4,0.1599999964,0.16,1,12.308,10.188
5,0.1614033431,0.161,1,12.28,10.167
6,0.2000000179,0.2,1,11.609,9.645
7,0.25,0.25,1,10.994,9.138
8,0.3000000417,0.3,1,10.513,8.731
9,0.349999994,0.35,1,10.101,8.353
10,0.3672145307,0.367,1,9.946,8.215
11,0.4000000358,0.4,1,9.631,7.967
12,0.4500000179,0.45,1,9.039,7.529
13,0.5,0.5,1,8.438,7.074
14,0.5500000715,0.55,1,7.75,6.585
15,0.6000000238,0.6,1,7.138,6.129
16,0.6230299473,0.623,1,6.877,5.929
17,0.6499999762,0.65,1,6.596,5.708
18,0.6640307307,0.664,1,6.456,5.597
19,0.6963253617,0.696,1,6.151,5.354
20,0.6999999881,0.7,1,6.118,5.327
21,0.7295424342,0.73,1,5.863,5.121
22,0.75,0.75,1,5.694,4.984
23,0.7822814584,0.782,1,5.438,4.766
24,0.8000000715,0.8,1,5.3,4.648
25,0.8145302534,0.814,1,5.188,4.552
26,0.84636724,0.846,1,4.945,4.34
27,0.8500000238,0.85,1,4.918,4.316
28,0.8770574331,0.877,1,4.713,4.137
29,0.8999999762,0.899,1,4.538,3.983
30,0.903881371,0.903,1,4.509,3.958
31,0.9264556766,0.926,1,4.336,3.806
32,0.9471206069,0.947,1,4.175,3.665
33,0.9499999881,0.95,1,4.152,3.645
34,0.9608072639,0.96,1,4.068,3.572
35,0.9806711674,0.981,1,3.908,3.432
36,0.9985395074,0.999,1,3.76,3.304
37,1.0,1.0,1,3.748,3.293
38,1.0013852119,1.002,1,3.737,3.284
39,1.0194878578,1.019,1,3.588,3.154
40,1.036044836,1.036,1,3.449,3.033
41,1.0499535799,1.049,1,3.329,2.927
42,1.0499999523,1.05,1,3.329,2.926
43,1.0529476404,1.052,1,3.303,2.904
44,1.0642834902,1.064,1,3.197,2.81
45,1.0735707283,1.073,1,3.107,2.729
46,1.0760384798,1.075,1,3.082,2.706
47,1.0810260773,1.08,1,3.028,2.655
48,1.0888844728,1.088,1,2.941,2.571
49,1.0963656902,1.096,1,2.856,2.486
50,1.1000000238,1.099,1,2.812,2.442
51,1.1009498835,1.1,1,2.8,2.43
52,1.1011075974,1.1,1,2.798,2.428
53,1.1048070192,1.104,1,2.75,2.375
54,1.1113021374,1.111,2,2.667,2.281
55,1.1186196804,1.118,2,2.572,2.161
56,1.1236675978,1.123,2,2.504,2.06
57,1.1273373365,1.127,2,2.457,1.975
58,1.129513979,1.129,2,2.434,1.92
59,1.1312162876,1.13,2,2.42,1.877
60,1.1325185299,1.132,2,2.418,1.846
61,1.1339278221,1.133,2,2.427,1.822
62,1.1351509094,1.134,2,2.442,1.805
63,1.1362112761,1.135,2,2.47,1.804
64,1.1371773481,1.136,2,2.496,1.804
65,1.1380854845,1.137,2,2.519,1.804
66,1.1389825344,1.138,2,2.515,1.782
67,1.1401091814,1.139,2,2.507,1.752
68,1.1414313316,1.141,2,2.494,1.715
69,1.1415930986,1.141,2,2.493,1.71
70,1.1418049335,1.141,2,2.48,1.695
71,1.1432813406,1.143,3,2.378,1.579
72,1.144508481,1.144,3,2.28,1.472
73,1.1456544399,1.145,3,2.179,1.364
74,1.1468085051,1.146,3,2.068,1.245
75,1.1478669643,1.147,3,1.958,1.129
76,1.1487728357,1.148,3,1.858,1.022
77,1.1497255564,1.149,3,1.745,0.903
78,1.1499999762,1.149,3,1.71,0.866
79,1.150593996,1.15,3,1.638,0.79
80,1.1514341831,1.151,3,1.528,0.673
81,1.1522023678,1.152,3,1.42,0.558
82,1.1528990269,1.152,3,1.313,0.444
83,1.1535372734,1.153,3,1.207,0.331
84,1.1541422606,1.154,3,1.099,0.215
85,1.154689908,1.154,3,0.994,0.102
86,1.1552023888,1.155,3,0.888,-0.013
87,1.1556602716,1.155,3,0.786,-0.123
88,1.1560897827,1.155,3,0.683,-0.235
89,1.1564879417,1.156,3,0.58,-0.347
90,1.1568667889,1.156,3,0.475,-0.462
91,1.1572088003,1.157,3,0.375,-0.572
92,1.1575394869,1.157,3,0.274,-0.683
93,1.1578615904,1.157,3,0.177,-0.791
94,1.158236146,1.158,3,0.085,-0.892
95,1.1583762169,1.158,3,0.058,-0.922
96,1.1584781408,1.158,3,0.071,-0.907
97,1.1586796045,1.158,3,0.154,-0.813
98,1.1587651968,1.158,3,0.197,-0.765
99,1.1588046551,1.158,3,0.181,-0.783
100,1.1590464115,1.158,3,0.084,-0.889
101,1.1592900753,1.159,3,-0.012,-0.997
102,1.1595141888,1.159,3,-0.106,-1.101
103,1.1597242355,1.159,3,-0.199,-1.204
104,1.1599193811,1.159,3,-0.289,-1.307
105,1.1601026058,1.159,3,-0.381,-1.41
106,1.1602684259,1.16,3,-0.469,-1.511
107,1.1604242325,1.16,3,-0.559,-1.612
108,1.1605648994,1.16,3,-0.645,-1.711
109,1.1606965065,1.16,3,-0.73,-1.809
110,1.1608183384,1.16,3,-0.814,-1.907
111,1.1609311104,1.16,3,-0.897,-2.003
112,1.1610376835,1.16,3,-0.98,-2.101
113,1.1611341238,1.161,3,-1.061,-2.195
114,1.1612266302,1.161,3,-1.14,-2.29
115,1.1613104343,1.161,3,-1.215,-2.382
116,1.1613909006,1.161,3,-1.29,-2.475
117,1.1614637375,1.161,3,-1.362,-2.565
118,1.1615325212,1.161,3,-1.435,-2.655
119,1.1615974903,1.161,3,-1.506,-2.746
120,1.1616715193,1.161,3,-1.59,-2.855
121,1.1617277861,1.161,3,-1.659,-2.944
122,1.1617923975,1.161,3,-1.742,-3.053
123,1.1618516445,1.161,3,-1.821,-3.159
124,1.1619066,1.161,3,-1.897,-3.264
125,1.1619485617,1.161,3,-1.956,-3.349
126,1.1619958878,1.161,3,-2.025,-3.451
127,1.162039876,1.161,3,-2.092,-3.551
128,1.1620744467,1.161,3,-2.146,-3.634
129,1.1621142626,1.161,3,-2.212,-3.735
130,1.1621508598,1.162,3,-2.274,-3.833
131,1.1621856689,1.162,3,-2.335,-3.931
132,1.1622183323,1.162,3,-2.39,-4.024
133,1.1622357368,1.162,3,-2.418,-4.072
134,1.1622357368,1.162,4,0.348,-0.498
135,1.1624884605,1.162,4,0.323,-0.528
136,1.1627135277,1.162,4,0.312,-0.54
137,1.1629393101,1.162,4,0.304,-0.548
138,1.1631714106,1.163,4,0.298,-0.554
139,1.1634017229,1.163,4,0.294,-0.557
140,1.1636325121,1.163,4,0.289,-0.561
141,1.163882494,1.163,4,0.285,-0.564
142,1.1641111374,1.164,4,0.28,-0.567
143,1.1643527746,1.164,4,0.276,-0.57
144,1.1645925045,1.164,4,0.271,-0.574
145,1.1648266315,1.164,4,0.266,-0.577
146,1.1650663614,1.164,4,0.261,-0.581
147,1.1652959585,1.165,4,0.256,-0.585
148,1.1655399799,1.165,4,0.251,-0.59
149,1.1657831669,1.165,4,0.246,-0.594
150,1.1658651829,1.165,4,0.244,-0.595
151,1.1660773754,1.165,4,0.239,-0.599
152,1.1663191319,1.166,4,0.234,-0.604
153,1.1665827036,1.166,4,0.228,-0.609
154,1.1668406725,1.166,4,0.222,-0.614
155,1.1670912504,1.166,4,0.217,-0.62
156,1.1673504114,1.167,4,0.211,-0.625
157,1.1676142216,1.167,4,0.204,-0.632
158,1.1676633358,1.167,4,0.203,-0.633
159,1.1679002047,1.167,4,0.197,-0.639
160,1.1681449413,1.168,4,0.191,-0.646
161,1.1683990955,1.168,4,0.184,-0.654
162,1.1686383486,1.168,4,0.176,-0.663
163,1.1688815355,1.168,4,0.168,-0.672
164,1.1691209078,1.169,4,0.16,-0.683
165,1.1693639755,1.169,4,0.15,-0.694
166,1.1696078777,1.169,4,0.14,-0.707
167,1.1698497534,1.169,4,0.128,-0.722
168,1.1700878143,1.169,4,0.125,-0.724
169,1.1703286171,1.17,4,0.103,-0.753
170,1.1705679893,1.17,4,0.055,-0.813
171,1.1707503796,1.17,4,-0.021,-0.907
172,1.1708277464,1.17,4,-0.101,-1.005
173,1.1708563566,1.17,4,-0.177,-1.096
174,1.1708689928,1.17,4,-0.254,-1.188
175,1.1708755493,1.17,4,-0.331,-1.279
176,1.1708762646,1.17,7,-0.341,-1.291
177,1.1708782911,1.17,7,-0.378,-1.334
178,1.1708825827,1.17,7,-0.463,-1.433
179,1.1708869934,1.17,7,-0.542,-1.524
180,1.1708991528,1.17,7,-0.558,-1.543
181,1.1709212065,1.17,7,-0.499,-1.474
182,1.1710823774,1.169,7,-0.538,-1.52
183,1.1711661816,1.168,7,-0.639,-1.638
184,1.1712175608,1.168,7,-0.724,-1.738
185,1.1712683439,1.167,7,-0.802,-1.83
186,1.1713241339,1.166,7,-0.888,-1.932
187,1.1713747978,1.165,7,-0.974,-2.033
188,1.1714209318,1.164,7,-1.058,-2.133
189,1.1714631319,1.163,7,-1.141,-2.233
190,1.1715011597,1.162,7,-1.222,-2.333
191,1.1715356112,1.16,7,-1.283,-2.43
192,1.1715661287,1.158,7,-1.359,-2.527
193,1.1715943813,1.156,7,-1.435,-2.623
194,1.1716208458,1.153,7,-1.511,-2.719
195,1.1716458797,1.15,7,-1.586,-2.816
196,1.1716691256,1.147,7,-1.659,-2.911
197,1.1716907024,1.143,7,-1.728,-3.003
198,1.1717125177,1.138,7,-1.797,-3.096
199,1.1717345715,1.132,7,-1.863,-3.188
200,1.171756506,1.125,7,-1.923,-3.279
201,1.1717767715,1.116,7,-1.985,-3.376
202,1.1717919111,1.108,7,-2.051,-3.48
203,1.1718021631,1.101,7,-2.107,-3.568
204,1.1718124151,1.093,7,-2.16,-3.659
205,1.1718201637,1.085,7,-2.209,-3.743
206,1.1718281507,1.075,7,-2.258,-3.829
207,1.1718374491,1.06,7,-2.326,-3.967
208,1.1718389988,1.056,7,-2.345,-4.012
209,1.1718397141,1.055,7,-2.35,-4.027
210,1.1718401909,1.053,7,-2.375,-4.084
211,1.1718407869,1.052,7,-2.395,-4.129
212,1.171841383,1.05,7,-2.413,-4.178
213,1.171841979,1.047,7,-2.427,-4.219
214,1.1718434095,1.042,7,-2.447,-4.288
215,1.1718449593,1.034,7,-2.461,-4.344
216,1.1718472242,1.021,7,-2.466,-4.385
