,Mini,Mass,label,Vmag,Imag
0,0.0900000036,0.09,1,17.114,13.033
1,0.0989292413,0.099,1,16.02,12.276
2,0.0999553651,0.1,1,15.903,12.181
3,0.1198660806,0.12,1,14.404,11.347
4,0.139776811,0.14,1,13.537,10.836
5,0.159687534,0.16,1,12.95,10.454
6,0.1838788539,0.184,1,12.432,10.091
7,0.199508965,0.199,1,12.14,9.881
8,0.2492858022,0.249,1,11.466,9.359
9,0.2990626097,0.299,1,10.96,8.948
10,0.3273743689,0.327,1,10.689,8.72
11,0.3488393724,0.349,1,10.495,8.556
12,0.3986161947,0.398,1,10.011,8.169
13,0.4483930469,0.448,1,9.515,7.734
14,0.4981698394,0.498,1,8.827,7.276
15,0.5479466915,0.548,1,8.188,6.82
16,0.5926610231,0.592,1,7.602,6.411
17,0.5977234244,0.597,1,7.539,6.366
18,0.647500217,0.647,1,6.933,5.925
19,0.6787979007,0.679,1,6.599,5.67
20,0.6972770691,0.697,1,6.415,5.527
21,0.7094481587,0.709,1,6.299,5.437
22,0.7421866059,0.742,1,6.004,5.204
23,0.7471474409,0.747,1,5.961,5.17
24,0.7707096934,0.771,1,5.769,5.012
25,0.7967064381,0.796,1,5.563,4.843
26,0.7970178127,0.797,1,5.561,4.841
27,0.8015007973,0.801,1,5.526,4.812
28,0.8292531371,0.829,1,5.315,4.633
29,0.8468881845,0.846,1,5.184,4.522
30,0.8542807698,0.854,1,5.13,4.475
31,0.8806675076,0.88,1,4.94,4.31
32,0.8967584372,0.896,1,4.824,4.209
33,0.9076805711,0.907,1,4.746,4.14
34,0.9260988235,0.925,1,4.615,4.024
35,0.9434385896,0.943,1,4.491,3.914
36,0.946628809,0.946,1,4.468,3.894
37,0.9597597122,0.959,1,4.374,3.81
38,0.9743046165,0.974,1,4.269,3.718
39,0.9884018898,0.988,1,4.167,3.627
40,0.9964991212,0.996,1,4.108,3.574
41,1.0063681602,1.006,1,4.037,3.511
42,1.026057601,1.026,1,3.893,3.382
43,1.0437688828,1.043,1,3.763,3.266
44,1.0463694334,1.046,1,3.744,3.249
45,1.0594756603,1.059,1,3.65,3.164
46,1.07426548,1.074,1,3.544,3.068
47,1.0882771015,1.087,1,3.44,2.973
48,1.0962398052,1.095,1,3.38,2.916
49,1.1040480137,1.103,1,3.32,2.861
50,1.1113904715,1.111,1,3.266,2.809
51,1.115650177,1.115,1,3.235,2.778
52,1.1183512211,1.118,1,3.209,2.754
53,1.1224192381,1.122,1,3.167,2.715
54,1.1260962486,1.125,1,3.125,2.677
55,1.1284034252,1.128,1,3.092,2.648
56,1.1316810846,1.131,2,3.063,2.619
57,1.1392256021,1.138,2,3.001,2.558
58,1.146110177,1.145,2,2.943,2.499
59,1.153167963,1.152,2,2.877,2.428
60,1.1677447557,1.167,2,2.733,2.266
61,1.1795738935,1.179,2,2.613,2.113
62,1.1877098083,1.187,2,2.538,1.992
63,1.1924767494,1.192,2,2.527,1.929
64,1.1955001354,1.195,2,2.572,1.924
65,1.1959805489,1.195,2,2.588,1.931
66,1.1967182159,1.196,2,2.613,1.941
67,1.1984699965,1.198,2,2.673,1.967
68,1.1999894381,1.199,2,2.701,1.969
69,1.2013955116,1.201,2,2.72,1.965
70,1.202758193,1.202,2,2.737,1.96
71,1.2046536207,1.204,2,2.745,1.939
72,1.2059186697,1.205,2,2.711,1.894
73,1.2068647146,1.206,3,2.672,1.848
74,1.2089734077,1.208,3,2.571,1.735
75,1.2107162476,1.21,3,2.477,1.633
76,1.2125006914,1.212,3,2.372,1.52
77,1.2140074968,1.213,3,2.275,1.418
78,1.215524435,1.215,3,2.171,1.307
79,1.217024684,1.216,3,2.06,1.189
80,1.2182856798,1.218,3,1.958,1.081
81,1.2194675207,1.219,3,1.855,0.971
82,1.2206171751,1.22,3,1.746,0.856
83,1.2215982676,1.221,3,1.646,0.749
84,1.2225320339,1.222,3,1.543,0.638
85,1.2233394384,1.223,3,1.447,0.534
86,1.2241123915,1.224,3,1.347,0.427
87,1.2248443365,1.224,3,1.245,0.316
88,1.2254986763,1.225,3,1.147,0.21
89,1.2260898352,1.226,3,1.052,0.106
90,1.2266517878,1.226,3,0.956,0.002
91,1.2271629572,1.227,3,0.863,-0.1
92,1.2276341915,1.227,3,0.772,-0.201
93,1.22808218,1.228,3,0.68,-0.302
94,1.2284948826,1.228,3,0.593,-0.398
95,1.2289112806,1.228,3,0.51,-0.49
96,1.2294845581,1.229,3,0.429,-0.579
97,1.2297528982,1.229,3,0.472,-0.53
98,1.2300077677,1.229,3,0.539,-0.454
99,1.2300747633,1.23,3,0.56,-0.431
100,1.2304468155,1.23,3,0.46,-0.541
101,1.2308006287,1.23,3,0.366,-0.647
102,1.2311446667,1.231,3,0.271,-0.754
103,1.2314535379,1.231,3,0.181,-0.856
104,1.2317502499,1.231,3,0.088,-0.96
105,1.2320208549,1.232,3,-0.002,-1.062
106,1.2322753668,1.232,3,-0.093,-1.166
107,1.2325047255,1.232,3,-0.179,-1.265
108,1.2327164412,1.232,3,-0.265,-1.364
109,1.2329137325,1.232,3,-0.351,-1.463
110,1.233097434,1.233,3,-0.436,-1.563
111,1.2332695723,1.233,3,-0.52,-1.661
112,1.233424902,1.233,3,-0.598,-1.756
113,1.2335720062,1.233,3,-0.679,-1.853
114,1.2337025404,1.233,3,-0.755,-1.946
115,1.2338283062,1.233,3,-0.834,-2.042
116,1.2339420319,1.233,3,-0.908,-2.134
117,1.2340487242,1.234,3,-0.981,-2.226
118,1.2341510057,1.234,3,-1.054,-2.321
119,1.2342419624,1.234,3,-1.124,-2.41
120,1.2343299389,1.234,3,-1.195,-2.502
121,1.2344104052,1.234,3,-1.261,-2.591
122,1.2344859838,1.234,3,-1.327,-2.68
123,1.2345579863,1.234,3,-1.393,-2.77
124,1.234639287,1.234,3,-1.471,-2.877
125,1.2347010374,1.234,3,-1.534,-2.965
126,1.23475945,1.234,3,-1.595,-3.053
127,1.2348253727,1.234,3,-1.665,-3.158
128,1.2348865271,1.234,3,-1.732,-3.261
129,1.2349339724,1.234,3,-1.788,-3.348
130,1.2349879742,1.234,3,-1.85,-3.451
131,1.2350376844,1.235,3,-1.908,-3.551
132,1.2350841761,1.235,3,-1.966,-3.651
133,1.235127449,1.235,3,-2.015,-3.75
134,1.2351683378,1.235,3,-2.062,-3.848
135,1.2352061272,1.235,3,-2.102,-3.943
136,1.2352416515,1.235,3,-2.132,-4.032
137,1.2352544069,1.235,3,-2.138,-4.061
138,1.2352544069,1.235,4,0.465,-0.441
139,1.2355567217,1.235,4,0.441,-0.47
140,1.2358704805,1.235,4,0.428,-0.485
141,1.2361892462,1.236,4,0.421,-0.492
142,1.2364774942,1.236,4,0.417,-0.495
143,1.2367961407,1.236,4,0.414,-0.496
144,1.2370877266,1.237,4,0.412,-0.498
145,1.2374100685,1.237,4,0.409,-0.499
146,1.2377160788,1.237,4,0.406,-0.5
147,1.238042593,1.238,4,0.403,-0.502
148,1.2383425236,1.238,4,0.399,-0.505
149,1.2386493683,1.238,4,0.396,-0.508
150,1.2389498949,1.239,4,0.392,-0.51
151,1.2392402887,1.239,4,0.388,-0.513
152,1.2395336628,1.239,4,0.385,-0.516
153,1.2397850752,1.239,4,0.381,-0.519
154,1.2398226261,1.239,4,0.381,-0.519
155,1.2401286364,1.24,4,0.377,-0.523
156,1.240434885,1.24,4,0.372,-0.527
157,1.2407562733,1.24,4,0.368,-0.531
158,1.2410449982,1.241,4,0.363,-0.535
159,1.2413365841,1.241,4,0.359,-0.539
160,1.2416405678,1.241,4,0.354,-0.544
161,1.241951704,1.242,4,0.349,-0.549
162,1.2420647144,1.242,4,0.347,-0.551
163,1.2422013283,1.242,4,0.344,-0.554
164,1.242485404,1.242,4,0.339,-0.56
165,1.2427700758,1.242,4,0.333,-0.567
166,1.2430684566,1.243,4,0.326,-0.575
167,1.2433545589,1.243,4,0.318,-0.583
168,1.2436432838,1.243,4,0.309,-0.594
169,1.243927598,1.244,4,0.298,-0.607
170,1.2442097664,1.244,4,0.286,-0.622
171,1.2444984913,1.244,4,0.27,-0.642
172,1.2447853088,1.244,4,0.25,-0.667
173,1.2450758219,1.245,4,0.214,-0.711
174,1.2453593016,1.245,4,0.134,-0.808
175,1.245472312,1.245,4,0.065,-0.891
176,1.2455271482,1.245,4,0.0,-0.969
177,1.2455527782,1.245,4,-0.066,-1.048
178,1.2455668449,1.245,4,-0.144,-1.141
179,1.2455743551,1.245,4,-0.217,-1.227
180,1.2455761433,1.245,4,-0.237,-1.25
181,1.2455762625,1.245,7,-0.238,-1.252
182,1.2455766201,1.245,7,-0.243,-1.258
183,1.2455826998,1.245,7,-0.338,-1.371
184,1.2455877066,1.245,7,-0.419,-1.467
185,1.2455924749,1.245,7,-0.495,-1.558
186,1.2455977201,1.245,7,-0.563,-1.639
187,1.2456117868,1.245,7,-0.548,-1.621
188,1.245623827,1.245,7,-0.469,-1.527
189,1.2456538677,1.245,7,-0.392,-1.438
190,1.2458282709,1.244,7,-0.415,-1.464
191,1.2459403276,1.244,7,-0.497,-1.56
192,1.2460460663,1.243,7,-0.581,-1.662
193,1.246137619,1.243,7,-0.665,-1.763
194,1.2462171316,1.242,7,-0.748,-1.864
195,1.2462855577,1.241,7,-0.832,-1.964
196,1.2463451624,1.24,7,-0.91,-2.062
197,1.2463980913,1.239,7,-0.988,-2.159
198,1.2464455366,1.238,7,-1.063,-2.255
199,1.2464889288,1.237,7,-1.138,-2.352
200,1.2465184927,1.236,7,-1.165,-2.417
201,1.2465554476,1.235,7,-1.237,-2.512
202,1.2465903759,1.233,7,-1.309,-2.607
203,1.2466233969,1.231,7,-1.377,-2.701
204,1.246653676,1.228,7,-1.444,-2.795
205,1.2466826439,1.225,7,-1.508,-2.886
206,1.2467119694,1.222,7,-1.572,-2.977
207,1.2467411757,1.218,7,-1.635,-3.068
208,1.2467682362,1.213,7,-1.693,-3.161
209,1.2467886209,1.208,7,-1.755,-3.259
210,1.2468020916,1.205,7,-1.811,-3.351
211,1.2468143702,1.201,7,-1.861,-3.439
212,1.2468254566,1.196,7,-1.909,-3.529
213,1.2468355894,1.191,7,-1.96,-3.623
214,1.2468457222,1.185,7,-2.001,-3.708
215,1.2468562126,1.177,7,-2.039,-3.813
216,1.2468589544,1.175,7,-2.053,-3.853
217,1.2468593121,1.174,7,-1.965,-3.644
218,1.2468594313,1.174,7,-2.079,-3.937
219,1.2468595505,1.174,7,-2.045,-3.833
220,1.2468596697,1.174,7,-1.986,-3.686
221,1.2468597889,1.174,7,-1.965,-3.645
222,1.2468606234,1.173,7,-1.966,-3.647
223,1.2468613386,1.173,7,-2.004,-3.73
224,1.2468619347,1.172,7,-2.03,-3.796
225,1.2468626499,1.172,7,-2.059,-3.875
226,1.2468634844,1.171,7,-2.08,-3.945
227,1.2468645573,1.169,7,-2.09,-4.022
228,1.2468658686,1.167,7,-2.092,-4.094
229,1.2468681335,1.163,7,-2.091,-4.176
230,1.2468696833,1.16,7,-2.088,-4.2
