,Mini,Mass,label,Vmag,Imag
0,0.0900000036,0.09,1,16.661,12.818
1,0.0955707431,0.096,1,15.893,12.222
2,0.0993900299,0.099,1,15.38,11.944
3,0.1181700975,0.118,1,13.97,11.211
4,0.1369501501,0.137,1,13.168,10.723
5,0.1557302177,0.155,1,12.633,10.357
6,0.1932903528,0.193,1,11.906,9.816
7,0.2402405143,0.239,1,11.271,9.307
8,0.2871906757,0.286,1,10.779,8.899
9,0.3341408372,0.333,1,10.363,8.544
10,0.3810909986,0.38,1,9.948,8.18
11,0.4280411899,0.427,1,9.454,7.782
12,0.4749913216,0.474,1,8.858,7.357
13,0.5219415426,0.521,1,8.262,6.92
14,0.5688916445,0.568,1,7.622,6.466
15,0.6158417463,0.615,1,7.04,6.036
16,0.6431862712,0.643,1,6.733,5.8
17,0.6627919674,0.662,1,6.527,5.638
18,0.6726005673,0.672,1,6.427,5.56
19,0.6988722086,0.699,1,6.173,5.358
20,0.7110201716,0.711,1,6.06,5.267
21,0.7227375507,0.722,1,5.957,5.183
22,0.7446272969,0.744,1,5.766,5.028
23,0.7592483759,0.759,1,5.643,4.927
24,0.7759069204,0.775,1,5.505,4.81
25,0.7972331643,0.797,1,5.332,4.663
26,0.8074766397,0.807,1,5.249,4.592
27,0.8232645988,0.822,1,5.123,4.482
28,0.8438224196,0.843,1,4.959,4.338
29,0.8557047248,0.855,1,4.865,4.254
30,0.8604022264,0.859,1,4.827,4.221
31,0.8758302331,0.875,1,4.703,4.112
32,0.8896334171,0.888,1,4.592,4.013
33,0.9030349851,0.902,1,4.482,3.916
34,0.9039329886,0.903,1,4.475,3.909
35,0.9264729619,0.925,1,4.287,3.742
36,0.9472684264,0.946,1,4.109,3.582
37,0.9521610737,0.951,1,4.066,3.543
38,0.9557517767,0.955,1,4.035,3.516
39,0.9708073735,0.97,1,3.902,3.396
40,0.9850242734,0.984,1,3.775,3.281
41,0.9985045791,0.998,1,3.654,3.17
42,1.0003893375,1.0,1,3.636,3.154
43,1.0097403526,1.009,1,3.548,3.073
44,1.0189305544,1.018,1,3.457,2.988
45,1.0300801992,1.029,1,3.34,2.878
46,1.0308536291,1.03,1,3.332,2.87
47,1.0403997898,1.039,1,3.223,2.763
48,1.0478539467,1.047,1,3.133,2.671
49,1.0486174822,1.048,1,3.123,2.661
50,1.0517935753,1.051,1,3.083,2.619
51,1.0565218925,1.055,1,3.018,2.55
52,1.0584578514,1.057,2,2.992,2.521
53,1.0627040863,1.062,2,2.934,2.453
54,1.0679029226,1.067,2,2.862,2.366
55,1.0719078779,1.071,2,2.805,2.291
56,1.0762674809,1.075,2,2.743,2.201
57,1.080095768,1.079,2,2.7,2.116
58,1.0827534199,1.081,2,2.691,2.067
59,1.0846304893,1.083,2,2.707,2.048
60,1.0860005617,1.085,2,2.733,2.044
61,1.0870652199,1.086,2,2.754,2.041
62,1.0879602432,1.087,2,2.768,2.033
63,1.0886262655,1.087,2,2.779,2.029
64,1.0892904997,1.088,2,2.781,2.015
65,1.0902926922,1.089,2,2.755,1.97
66,1.091195941,1.09,2,2.713,1.915
67,1.0915805101,1.09,2,2.688,1.885
68,1.0921730995,1.091,3,2.642,1.833
69,1.0933619738,1.092,3,2.538,1.719
70,1.0944744349,1.093,3,2.429,1.601
71,1.0955160856,1.094,3,2.317,1.481
72,1.0964713097,1.095,3,2.206,1.363
73,1.096845746,1.096,3,2.159,1.314
74,1.0974295139,1.096,3,2.086,1.236
75,1.0982689857,1.097,3,1.972,1.116
76,1.0989838839,1.098,3,1.867,1.005
77,1.0996845961,1.098,3,1.757,0.888
78,1.1003254652,1.099,3,1.648,0.772
79,1.1009157896,1.1,3,1.539,0.656
80,1.1014505625,1.1,3,1.432,0.542
81,1.1019574404,1.101,3,1.323,0.425
82,1.1023921967,1.101,3,1.222,0.316
83,1.1028057337,1.102,3,1.119,0.204
84,1.1031775475,1.102,3,1.018,0.095
85,1.1035102606,1.102,3,0.922,-0.009
86,1.1038284302,1.103,3,0.823,-0.117
87,1.1041202545,1.103,3,0.726,-0.222
88,1.1043914557,1.103,3,0.631,-0.327
89,1.104639411,1.103,3,0.539,-0.429
90,1.1048688889,1.104,3,0.449,-0.528
91,1.1050909758,1.104,3,0.359,-0.628
92,1.1053038836,1.104,3,0.275,-0.721
93,1.1056127548,1.104,3,0.191,-0.813
94,1.1057529449,1.104,3,0.239,-0.759
95,1.1058859825,1.105,3,0.313,-0.675
96,1.10592103,1.105,3,0.337,-0.648
97,1.1060665846,1.105,3,0.263,-0.73
98,1.10625422,1.105,3,0.167,-0.837
99,1.1064299345,1.105,3,0.076,-0.939
100,1.1065973043,1.105,3,-0.015,-1.042
101,1.1067531109,1.105,3,-0.106,-1.144
102,1.1068956852,1.106,3,-0.195,-1.245
103,1.1070296764,1.106,3,-0.285,-1.347
104,1.1071529388,1.106,3,-0.373,-1.448
105,1.1072642803,1.106,3,-0.457,-1.545
106,1.1073707342,1.106,3,-0.542,-1.644
107,1.1074670553,1.106,3,-0.625,-1.741
108,1.1075581312,1.106,3,-0.71,-1.839
109,1.1076399088,1.106,3,-0.788,-1.932
110,1.107717514,1.106,3,-0.866,-2.026
111,1.1077876091,1.106,3,-0.941,-2.117
112,1.1078531742,1.107,3,-1.015,-2.207
113,1.1079146862,1.107,3,-1.088,-2.297
114,1.1079708338,1.107,3,-1.157,-2.385
115,1.108024478,1.107,3,-1.226,-2.473
116,1.1080733538,1.107,3,-1.292,-2.558
117,1.1081191301,1.107,3,-1.357,-2.643
118,1.1081626415,1.107,3,-1.423,-2.728
119,1.1082023382,1.107,3,-1.485,-2.81
120,1.1082401276,1.107,3,-1.545,-2.891
121,1.108283639,1.107,3,-1.618,-2.991
122,1.1083234549,1.107,3,-1.687,-3.088
123,1.1083538532,1.107,3,-1.742,-3.167
124,1.1083821058,1.107,3,-1.794,-3.244
125,1.1084142923,1.107,3,-1.855,-3.336
126,1.1084444523,1.107,3,-1.913,-3.427
127,1.1084679365,1.107,3,-1.961,-3.502
128,1.1084940434,1.107,3,-2.017,-3.589
129,1.1085187197,1.107,3,-2.069,-3.676
130,1.1085413694,1.107,3,-2.119,-3.76
131,1.1085629463,1.107,3,-2.167,-3.843
132,1.1085829735,1.107,3,-2.212,-3.923
133,1.1086014509,1.107,3,-2.245,-3.999
134,1.1086156368,1.107,3,-2.269,-4.053
135,1.1086156368,1.107,4,0.426,-0.446
136,1.1087831259,1.107,4,0.4,-0.476
137,1.1089600325,1.108,4,0.388,-0.489
138,1.109138608,1.108,4,0.381,-0.497
139,1.1093152761,1.108,4,0.376,-0.5
140,1.109500885,1.108,4,0.373,-0.502
141,1.1096811295,1.108,4,0.37,-0.503
142,1.1098620892,1.109,4,0.367,-0.505
143,1.1100422144,1.109,4,0.364,-0.506
144,1.1102099419,1.109,4,0.361,-0.508
145,1.1103904247,1.109,4,0.357,-0.51
146,1.1105784178,1.109,4,0.353,-0.513
147,1.1107547283,1.109,4,0.349,-0.516
148,1.1109422445,1.11,4,0.345,-0.519
149,1.1111283302,1.11,4,0.341,-0.522
150,1.1111440659,1.11,4,0.341,-0.522
151,1.1113009453,1.11,4,0.337,-0.525
152,1.1114860773,1.11,4,0.333,-0.529
153,1.1116642952,1.11,4,0.328,-0.533
154,1.1118335724,1.111,4,0.324,-0.537
155,1.1120012999,1.111,4,0.319,-0.541
156,1.112174511,1.111,4,0.315,-0.545
157,1.1123528481,1.111,4,0.309,-0.551
158,1.1124033928,1.111,4,0.308,-0.552
159,1.1124193668,1.111,4,0.307,-0.553
160,1.1125818491,1.111,4,0.302,-0.559
161,1.1127443314,1.111,4,0.296,-0.565
162,1.1129107475,1.112,4,0.29,-0.572
163,1.1130781174,1.112,4,0.283,-0.581
164,1.1132421494,1.112,4,0.275,-0.59
165,1.1134049892,1.112,4,0.266,-0.6
166,1.113568902,1.112,4,0.257,-0.611
167,1.1137340069,1.112,4,0.246,-0.625
168,1.1139117479,1.113,4,0.232,-0.642
169,1.1140830517,1.113,4,0.22,-0.657
170,1.1142401695,1.113,4,0.216,-0.66
171,1.114410162,1.113,4,0.18,-0.705
172,1.1145756245,1.113,4,0.106,-0.797
173,1.114648819,1.113,4,0.025,-0.896
174,1.1146807671,1.113,4,-0.057,-0.995
175,1.1146954298,1.113,4,-0.142,-1.096
176,1.1147022247,1.113,4,-0.223,-1.193
177,1.114705205,1.113,7,-0.281,-1.262
178,1.1147065163,1.113,7,-0.317,-1.304
179,1.1147093773,1.113,7,-0.392,-1.391
180,1.1147134304,1.113,7,-0.473,-1.486
181,1.1147307158,1.113,7,-0.443,-1.451
182,1.1148656607,1.112,7,-0.471,-1.485
183,1.1149287224,1.111,7,-0.57,-1.603
184,1.114985466,1.11,7,-0.687,-1.741
185,1.1150324345,1.109,7,-0.789,-1.863
186,1.115073204,1.108,7,-0.88,-1.973
187,1.115109086,1.107,7,-0.968,-2.079
188,1.1151403189,1.105,7,-1.054,-2.182
189,1.1151678562,1.103,7,-1.13,-2.281
190,1.1151924133,1.102,7,-1.19,-2.375
191,1.1152147055,1.099,7,-1.265,-2.473
192,1.1152353287,1.097,7,-1.331,-2.567
193,1.1152541637,1.094,7,-1.401,-2.661
194,1.1152719259,1.091,7,-1.471,-2.754
195,1.1152888536,1.087,7,-1.542,-2.848
196,1.1153050661,1.083,7,-1.608,-2.94
197,1.1153199673,1.077,7,-1.666,-3.024
198,1.1153352261,1.071,7,-1.723,-3.109
199,1.1153502464,1.064,7,-1.779,-3.197
200,1.1153633595,1.055,7,-1.836,-3.289
201,1.1153724194,1.048,7,-1.889,-3.377
202,1.1153787374,1.042,7,-1.935,-3.455
203,1.1153849363,1.036,7,-1.98,-3.531
204,1.1153901815,1.028,7,-2.022,-3.608
205,1.1153951883,1.02,7,-2.061,-3.684
206,1.1154001951,1.009,7,-2.098,-3.763
207,1.1154030561,1.003,7,-2.117,-3.803
208,1.1154040098,1.001,7,-2.138,-3.85
209,1.1154044867,0.999,7,-2.146,-3.878
210,1.1154053211,0.997,7,-2.164,-3.936
211,1.1154061556,0.993,7,-2.175,-3.972
212,1.1154062748,0.993,7,-2.185,-4.008
213,1.115406394,0.992,7,-2.159,-3.922
214,1.1154065132,0.992,7,-2.181,-3.99
215,1.1154066324,0.991,7,-2.166,-3.943
216,1.1154067516,0.991,7,-2.162,-3.931
217,1.1154072285,0.989,7,-2.171,-3.962
218,1.1154075861,0.988,7,-2.18,-3.994
219,1.1154079437,0.986,7,-2.189,-4.024
220,1.1154083014,0.984,7,-2.197,-4.054
221,1.1154087782,0.982,7,-2.204,-4.085
222,1.1154093742,0.978,7,-2.211,-4.118
223,1.1154099703,0.974,7,-2.211,-4.151
224,1.1154111624,0.967,7,-2.209,-4.194
