,Mini,Mass,label,Vmag,Imag
0,0.0900000036,0.09,1,16.776,12.871
1,0.0972064063,0.097,1,15.809,12.163
2,0.0995249003,0.099,1,15.505,11.995
3,0.1185747087,0.118,1,14.067,11.241
4,0.1376245171,0.137,1,13.252,10.748
5,0.1512320936,0.151,1,12.849,10.48
6,0.1566743255,0.156,1,12.704,10.379
7,0.1947739422,0.194,1,11.96,9.83
8,0.213369295,0.213,1,11.686,9.616
9,0.2423984557,0.242,1,11.314,9.317
10,0.2900229692,0.289,1,10.817,8.907
11,0.3376474977,0.337,1,10.394,8.547
12,0.3852719963,0.385,1,9.96,8.176
13,0.4328965545,0.432,1,9.471,7.769
14,0.4805210233,0.48,1,8.848,7.336
15,0.5076161027,0.507,1,8.496,7.079
16,0.5281455517,0.527,1,8.24,6.893
17,0.5757700205,0.575,1,7.597,6.438
18,0.6233944893,0.623,1,7.008,6.004
19,0.6533216238,0.653,1,6.676,5.749
20,0.6710191369,0.671,1,6.493,5.606
21,0.6810076833,0.681,1,6.393,5.527
22,0.7074373364,0.707,1,6.14,5.326
23,0.7196390629,0.719,1,6.027,5.236
24,0.7314882278,0.731,1,5.924,5.152
25,0.7535971999,0.753,1,5.734,4.997
26,0.7682590485,0.768,1,5.612,4.896
27,0.7851385474,0.784,1,5.474,4.78
28,0.8066102862,0.806,1,5.302,4.632
29,0.816879034,0.816,1,5.22,4.562
30,0.8328095675,0.832,1,5.094,4.453
31,0.8534907103,0.852,1,4.932,4.31
32,0.8654989004,0.864,1,4.837,4.227
33,0.8701624274,0.869,1,4.8,4.194
34,0.8856657743,0.885,1,4.677,4.086
35,0.8995352387,0.898,1,4.567,3.988
36,0.913000226,0.912,1,4.459,3.891
37,0.9141190052,0.913,1,4.45,3.883
38,0.9365361333,0.935,1,4.266,3.719
39,0.9574072957,0.956,1,4.09,3.561
40,0.9627388716,0.962,1,4.044,3.52
41,0.9659180641,0.965,1,4.018,3.496
42,0.9810070395,0.98,1,3.888,3.379
43,0.9952551126,0.994,1,3.764,3.267
44,1.0087646246,1.008,1,3.646,3.158
45,1.0113588572,1.01,1,3.622,3.136
46,1.0200287104,1.019,1,3.543,3.063
47,1.0292346478,1.028,1,3.454,2.98
48,1.0404026508,1.039,1,3.341,2.873
49,1.041177392,1.04,1,3.333,2.865
50,1.0505423546,1.049,1,3.23,2.764
51,1.0576633215,1.056,1,3.147,2.68
52,1.0599788427,1.059,1,3.12,2.652
53,1.0614455938,1.06,1,3.101,2.633
54,1.0656912327,1.064,1,3.045,2.573
55,1.0677098036,1.066,2,3.019,2.544
56,1.0721991062,1.071,2,2.961,2.478
57,1.0778087378,1.077,2,2.888,2.392
58,1.0822136402,1.081,2,2.829,2.318
59,1.087089777,1.086,2,2.763,2.227
60,1.0914410353,1.09,2,2.714,2.141
61,1.0944994688,1.093,2,2.696,2.086
62,1.0966783762,1.095,2,2.704,2.059
63,1.0982785225,1.097,2,2.724,2.05
64,1.0995274782,1.098,2,2.746,2.045
65,1.1005812883,1.099,2,2.769,2.043
66,1.1013679504,1.1,2,2.791,2.046
67,1.1021542549,1.101,2,2.803,2.039
68,1.103344202,1.102,2,2.785,1.997
69,1.1044204235,1.103,2,2.739,1.936
70,1.1048798561,1.103,2,2.711,1.903
71,1.1054985523,1.104,3,2.665,1.851
72,1.1067401171,1.105,3,2.562,1.737
73,1.1079016924,1.106,3,2.454,1.62
74,1.1085987091,1.107,3,2.383,1.544
75,1.1090502739,1.108,3,2.337,1.495
76,1.1100167036,1.109,3,2.23,1.382
77,1.1109827757,1.11,3,2.115,1.261
78,1.1118625402,1.111,3,2.003,1.141
79,1.1126121283,1.111,3,1.899,1.032
80,1.1133470535,1.112,3,1.79,0.916
81,1.1140192747,1.113,3,1.682,0.801
82,1.1146388054,1.113,3,1.574,0.686
83,1.1152002811,1.114,3,1.469,0.574
84,1.1157324314,1.114,3,1.361,0.458
85,1.1161891222,1.115,3,1.261,0.35
86,1.1166235209,1.115,3,1.158,0.239
87,1.1170142889,1.116,3,1.059,0.131
88,1.1173639297,1.116,3,0.964,0.028
89,1.1176983118,1.116,3,0.866,-0.079
90,1.1180052757,1.117,3,0.771,-0.183
91,1.1182903051,1.117,3,0.677,-0.286
92,1.1185510159,1.117,3,0.586,-0.386
93,1.1187924147,1.117,3,0.497,-0.484
94,1.1190259457,1.118,3,0.408,-0.583
95,1.1192499399,1.118,3,0.327,-0.673
96,1.1195747852,1.118,3,0.245,-0.764
97,1.1197270155,1.118,3,0.292,-0.709
98,1.1198714972,1.118,3,0.368,-0.624
99,1.1199095249,1.119,3,0.392,-0.597
100,1.1200661659,1.119,3,0.317,-0.679
101,1.1202679873,1.119,3,0.222,-0.786
102,1.1204571724,1.119,3,0.131,-0.888
103,1.1206372976,1.119,3,0.039,-0.992
104,1.1208049059,1.119,3,-0.052,-1.095
105,1.1209583282,1.12,3,-0.142,-1.196
106,1.1211025715,1.12,3,-0.232,-1.298
107,1.1212352514,1.12,3,-0.319,-1.398
108,1.121355176,1.12,3,-0.403,-1.496
109,1.1214697361,1.12,3,-0.489,-1.596
110,1.1215734482,1.12,3,-0.572,-1.693
111,1.1216714382,1.12,3,-0.657,-1.791
112,1.1217595339,1.12,3,-0.734,-1.884
113,1.1218429804,1.12,3,-0.812,-1.978
114,1.1219184399,1.121,3,-0.888,-2.069
115,1.1219890118,1.121,3,-0.963,-2.161
116,1.1220552921,1.121,3,-1.037,-2.252
117,1.1221157312,1.121,3,-1.106,-2.34
118,1.1221734285,1.121,3,-1.175,-2.429
119,1.122226119,1.121,3,-1.242,-2.516
120,1.1222753525,1.121,3,-1.308,-2.601
121,1.1223223209,1.121,3,-1.375,-2.688
122,1.1223649979,1.121,3,-1.436,-2.771
123,1.1224056482,1.121,3,-1.497,-2.854
124,1.1224524975,1.121,3,-1.572,-2.956
125,1.1224954128,1.121,3,-1.644,-3.055
126,1.1225280762,1.121,3,-1.698,-3.136
127,1.1225585938,1.121,3,-1.751,-3.214
128,1.1225932837,1.121,3,-1.813,-3.309
129,1.1226255894,1.121,3,-1.873,-3.402
130,1.1226511002,1.121,3,-1.923,-3.48
131,1.1226791143,1.121,3,-1.977,-3.57
132,1.1227055788,1.121,3,-2.031,-3.659
133,1.1227301359,1.121,3,-2.082,-3.746
134,1.1227532625,1.121,3,-2.131,-3.832
135,1.1227748394,1.121,3,-2.171,-3.916
136,1.1227947474,1.121,3,-2.204,-3.994
137,1.1228100061,1.121,3,-2.229,-4.051
138,1.1228100061,1.121,4,0.439,-0.442
139,1.122983098,1.122,4,0.413,-0.472
140,1.1231659651,1.122,4,0.401,-0.485
141,1.1233505011,1.122,4,0.394,-0.492
142,1.1235331297,1.122,4,0.39,-0.496
143,1.1237249374,1.122,4,0.387,-0.497
144,1.1239111423,1.123,4,0.384,-0.499
145,1.1240980625,1.123,4,0.382,-0.5
146,1.1242841482,1.123,4,0.379,-0.501
147,1.1244574785,1.123,4,0.376,-0.503
148,1.1246439219,1.123,4,0.372,-0.505
149,1.124838233,1.124,4,0.368,-0.507
150,1.1250201464,1.124,4,0.365,-0.51
151,1.1252139807,1.124,4,0.361,-0.513
152,1.1254060268,1.124,4,0.357,-0.516
153,1.1254223585,1.124,4,0.356,-0.516
154,1.1255844831,1.124,4,0.353,-0.519
155,1.1257758141,1.124,4,0.349,-0.523
156,1.1259598732,1.125,4,0.344,-0.526
157,1.1261348724,1.125,4,0.34,-0.53
158,1.1263080835,1.125,4,0.336,-0.534
159,1.1264871359,1.125,4,0.331,-0.539
160,1.126671195,1.125,4,0.326,-0.544
161,1.1267235279,1.125,4,0.324,-0.546
162,1.126739502,1.125,4,0.324,-0.546
163,1.1269019842,1.126,4,0.319,-0.552
164,1.1270644665,1.126,4,0.313,-0.558
165,1.1272310019,1.126,4,0.307,-0.565
166,1.1273983717,1.126,4,0.3,-0.573
167,1.1275624037,1.126,4,0.292,-0.582
168,1.1277252436,1.126,4,0.284,-0.591
169,1.1278892756,1.127,4,0.275,-0.602
170,1.1280543804,1.127,4,0.265,-0.615
171,1.1282322407,1.127,4,0.252,-0.63
172,1.1284036636,1.127,4,0.243,-0.641
173,1.1285607815,1.127,4,0.228,-0.658
174,1.1287310123,1.127,4,0.191,-0.705
175,1.128896594,1.128,4,0.116,-0.798
176,1.1289697886,1.128,4,0.035,-0.897
177,1.1290018559,1.128,4,-0.049,-0.998
178,1.1290163994,1.128,4,-0.133,-1.098
179,1.1290231943,1.128,4,-0.213,-1.193
180,1.1290261745,1.128,7,-0.268,-1.258
181,1.1290276051,1.128,7,-0.305,-1.301
182,1.1290307045,1.128,7,-0.382,-1.392
183,1.129034996,1.128,7,-0.458,-1.483
184,1.1290534735,1.128,7,-0.44,-1.46
185,1.1291975975,1.126,7,-0.458,-1.482
186,1.1292649508,1.126,7,-0.551,-1.594
187,1.1293256283,1.125,7,-0.658,-1.721
188,1.1293756962,1.124,7,-0.751,-1.832
189,1.1294193268,1.123,7,-0.84,-1.939
190,1.129457593,1.121,7,-0.926,-2.044
191,1.1294909716,1.12,7,-1.011,-2.147
192,1.1295202971,1.118,7,-1.085,-2.244
193,1.1295466423,1.117,7,-1.151,-2.34
194,1.129570365,1.115,7,-1.227,-2.438
195,1.1295924187,1.112,7,-1.287,-2.532
196,1.129612565,1.11,7,-1.359,-2.626
197,1.1296314001,1.107,7,-1.429,-2.72
198,1.1296496391,1.103,7,-1.501,-2.816
199,1.1296669245,1.099,7,-1.566,-2.909
200,1.1296827793,1.094,7,-1.626,-2.995
201,1.1296989918,1.088,7,-1.685,-3.083
202,1.129715085,1.081,7,-1.743,-3.173
203,1.1297291517,1.073,7,-1.801,-3.269
204,1.1297388077,1.067,7,-1.857,-3.361
205,1.1297456026,1.061,7,-1.905,-3.442
206,1.1297520399,1.054,7,-1.952,-3.524
207,1.129757762,1.047,7,-1.994,-3.604
208,1.1297631264,1.039,7,-2.035,-3.685
209,1.1297684908,1.029,7,-2.078,-3.776
210,1.129771471,1.023,7,-2.099,-3.835
211,1.1297724247,1.021,7,-2.108,-3.861
212,1.1297730207,1.019,7,-2.114,-3.883
213,1.1297738552,1.016,7,-2.126,-3.922
214,1.1297748089,1.013,7,-2.123,-3.917
215,1.1297749281,1.013,7,-2.132,-3.95
216,1.1297750473,1.013,7,-2.133,-3.945
217,1.1297751665,1.012,7,-2.141,-3.973
218,1.1297752857,1.012,7,-2.145,-3.983
219,1.1297754049,1.011,7,-2.145,-3.988
220,1.129776001,1.009,7,-2.165,-4.057
221,1.1297763586,1.007,7,-2.169,-4.093
222,1.1297767162,1.006,7,-2.171,-4.123
223,1.1297771931,1.003,7,-2.173,-4.159
224,1.1297775507,1.001,7,-2.171,-4.186
225,1.1297781467,0.997,7,-2.169,-4.218
226,1.1297789812,0.992,7,-2.164,-4.243
227,1.1297800541,0.983,7,-2.155,-4.276
228,1.1297804117,0.98,7,-2.152,-4.282
