,Mini,Mass,label,Vmag,Imag
0,0.0899999961,0.09,1,16.504,12.69
1,0.0943797305,0.094,1,15.872,12.228
2,0.0992009863,0.099,1,15.212,11.89
3,0.1119985431,0.112,1,14.209,11.377
4,0.1176029593,0.117,1,13.838,11.173
5,0.1360049248,0.136,1,13.057,10.69
6,0.1544069052,0.154,1,12.537,10.329
7,0.191210866,0.19,1,11.839,9.801
8,0.2372157872,0.236,1,11.221,9.302
9,0.2832207084,0.282,1,10.741,8.901
10,0.3292256296,0.328,1,10.333,8.548
11,0.3752305508,0.374,1,9.937,8.191
12,0.4212355316,0.42,1,9.441,7.807
13,0.4519348145,0.451,1,9.048,7.525
14,0.467240423,0.466,1,8.886,7.398
15,0.5132454038,0.513,1,8.314,6.974
16,0.5592502952,0.559,1,7.687,6.529
17,0.605255127,0.605,1,7.121,6.109
18,0.6392983198,0.639,1,6.743,5.818
19,0.6512601376,0.651,1,6.618,5.72
20,0.6739787459,0.674,1,6.392,5.541
21,0.6989392042,0.699,1,6.159,5.356
22,0.7061359286,0.706,1,6.094,5.304
23,0.7336301208,0.734,1,5.858,5.113
24,0.7466182709,0.746,1,5.751,5.026
25,0.7633346915,0.763,1,5.616,4.913
26,0.7905142307,0.79,1,5.403,4.733
27,0.7942973375,0.794,1,5.373,4.708
28,0.8148753047,0.814,1,5.215,4.571
29,0.8408043981,0.84,1,5.018,4.4
30,0.8419763446,0.841,1,5.009,4.392
31,0.8471206427,0.846,1,4.971,4.358
32,0.8673022389,0.867,1,4.819,4.225
33,0.8855631948,0.885,1,4.681,4.105
34,0.8896554708,0.889,1,4.65,4.077
35,0.9026357532,0.902,1,4.552,3.992
36,0.9188145399,0.918,1,4.43,3.884
37,0.9332883954,0.932,1,4.319,3.787
38,0.9373345375,0.937,1,4.289,3.76
39,0.9429349303,0.942,1,4.246,3.722
40,0.9652968049,0.965,1,4.072,3.57
41,0.9850135446,0.985,1,3.915,3.432
42,0.9851286411,0.985,1,3.914,3.431
43,1.0027946234,1.002,1,3.772,3.307
44,1.0186120272,1.018,1,3.643,3.194
45,1.0326925516,1.032,1,3.528,3.092
46,1.0404334068,1.04,1,3.465,3.037
47,1.0542734861,1.053,1,3.346,2.932
48,1.0658813715,1.065,1,3.24,2.837
49,1.0756980181,1.075,1,3.145,2.751
50,1.0803716183,1.079,1,3.1,2.709
51,1.0814365149,1.08,1,3.09,2.7
52,1.0870021582,1.086,1,3.038,2.65
53,1.095077157,1.094,1,2.958,2.57
54,1.1020878553,1.101,1,2.877,2.491
55,1.1063600779,1.105,1,2.81,2.43
56,1.1085489988,1.107,2,2.781,2.395
57,1.1133806705,1.112,2,2.723,2.329
58,1.1193534136,1.118,2,2.652,2.243
59,1.1239978075,1.123,2,2.593,2.167
60,1.1280508041,1.127,2,2.541,2.091
61,1.131333828,1.13,2,2.499,2.023
62,1.1347510815,1.134,2,2.462,1.944
63,1.137237668,1.136,2,2.446,1.888
64,1.1391322613,1.138,2,2.451,1.855
65,1.1406522989,1.14,2,2.472,1.841
66,1.1419385672,1.141,2,2.5,1.836
67,1.143089056,1.142,2,2.529,1.837
68,1.1441835165,1.143,2,2.553,1.836
69,1.145272851,1.144,2,2.57,1.829
70,1.1468365192,1.146,2,2.557,1.786
71,1.1479130983,1.147,2,2.53,1.743
72,1.1486014128,1.148,3,2.489,1.695
73,1.1501357555,1.149,3,2.386,1.579
74,1.1514037848,1.15,3,2.286,1.471
75,1.1527022123,1.152,3,2.175,1.352
76,1.1537986994,1.153,3,2.072,1.243
77,1.1549025774,1.154,3,1.962,1.126
78,1.1559942961,1.155,3,1.845,1.002
79,1.15691185,1.156,3,1.738,0.889
80,1.157771945,1.157,3,1.63,0.775
81,1.158608675,1.158,3,1.516,0.653
82,1.1593227386,1.158,3,1.411,0.541
83,1.1600023508,1.159,3,1.302,0.425
84,1.1605900526,1.16,3,1.201,0.316
85,1.1611527205,1.16,3,1.096,0.204
86,1.1616854668,1.161,3,0.99,0.089
87,1.1621617079,1.161,3,0.887,-0.023
88,1.1625921726,1.162,3,0.787,-0.131
89,1.1630011797,1.162,3,0.685,-0.243
90,1.1633732319,1.162,3,0.585,-0.352
91,1.1637164354,1.163,3,0.487,-0.459
92,1.164042592,1.163,3,0.39,-0.566
93,1.1643429995,1.163,3,0.297,-0.669
94,1.1646462679,1.164,3,0.207,-0.768
95,1.1650636196,1.164,3,0.117,-0.867
96,1.1652406454,1.164,3,0.162,-0.817
97,1.1654087305,1.164,3,0.233,-0.736
98,1.1654530764,1.164,3,0.256,-0.711
99,1.1657032967,1.165,3,0.157,-0.821
100,1.1659411192,1.165,3,0.062,-0.926
101,1.1661725044,1.165,3,-0.034,-1.032
102,1.166380167,1.165,3,-0.124,-1.133
103,1.1665796041,1.166,3,-0.215,-1.236
104,1.1667612791,1.166,3,-0.305,-1.337
105,1.1669322252,1.166,3,-0.395,-1.439
106,1.1670862436,1.166,3,-0.482,-1.539
107,1.1672284603,1.166,3,-0.569,-1.638
108,1.1673609018,1.166,3,-0.653,-1.735
109,1.1674841642,1.166,3,-0.736,-1.833
110,1.167599678,1.167,3,-0.82,-1.931
111,1.1677039862,1.167,3,-0.901,-2.025
112,1.1678026915,1.167,3,-0.983,-2.121
113,1.1678901911,1.167,3,-1.057,-2.21
114,1.1679745913,1.167,3,-1.131,-2.3
115,1.1680508852,1.167,3,-1.202,-2.388
116,1.1681224108,1.167,3,-1.272,-2.475
117,1.1681909561,1.167,3,-1.343,-2.563
118,1.1682519913,1.167,3,-1.408,-2.646
119,1.1683109999,1.167,3,-1.474,-2.732
120,1.1683648825,1.167,3,-1.537,-2.814
121,1.1684155464,1.167,3,-1.6,-2.895
122,1.1684638262,1.167,3,-1.663,-2.977
123,1.1685183048,1.168,3,-1.734,-3.073
124,1.1685597897,1.168,3,-1.79,-3.151
125,1.1685988903,1.168,3,-1.845,-3.229
126,1.168643117,1.168,3,-1.909,-3.321
127,1.1686841249,1.168,3,-1.97,-3.41
128,1.1687158346,1.168,3,-2.018,-3.483
129,1.1687520742,1.168,3,-2.075,-3.571
130,1.1687853336,1.168,3,-2.131,-3.656
131,1.1688165665,1.168,3,-2.185,-3.739
132,1.1688455343,1.168,3,-2.234,-3.82
133,1.1688728333,1.168,3,-2.282,-3.9
134,1.1688982248,1.168,3,-2.327,-3.975
135,1.1689219475,1.168,3,-2.366,-4.045
136,1.1689306498,1.168,3,-2.38,-4.07
137,1.1689306498,1.168,4,0.367,-0.489
138,1.1691652536,1.168,4,0.342,-0.518
139,1.1694129705,1.169,4,0.329,-0.532
140,1.1696631908,1.169,4,0.321,-0.541
141,1.1699109077,1.169,4,0.315,-0.546
142,1.1701710224,1.169,4,0.311,-0.549
143,1.1704236269,1.17,4,0.306,-0.552
144,1.1706775427,1.17,4,0.302,-0.555
145,1.1709302664,1.17,4,0.298,-0.557
146,1.1711655855,1.17,4,0.293,-0.561
147,1.1714189053,1.171,4,0.288,-0.565
148,1.1716828346,1.171,4,0.283,-0.569
149,1.1719303131,1.171,4,0.278,-0.573
150,1.1721937656,1.171,4,0.272,-0.577
151,1.1724551916,1.172,4,0.267,-0.582
152,1.1724773645,1.172,4,0.266,-0.582
153,1.1727204323,1.172,4,0.261,-0.586
154,1.1729795933,1.172,4,0.256,-0.591
155,1.1732321978,1.172,4,0.25,-0.596
156,1.1734734774,1.173,4,0.245,-0.601
157,1.1737303734,1.173,4,0.239,-0.606
158,1.1739728451,1.173,4,0.234,-0.612
159,1.1742117405,1.173,4,0.228,-0.618
160,1.1742364168,1.174,4,0.227,-0.618
161,1.1744599342,1.174,4,0.222,-0.624
162,1.1747049093,1.174,4,0.215,-0.631
163,1.1749424934,1.174,4,0.209,-0.639
164,1.1751836538,1.174,4,0.201,-0.648
165,1.175424099,1.175,4,0.193,-0.657
166,1.1756596565,1.175,4,0.184,-0.668
167,1.1758955717,1.175,4,0.175,-0.679
168,1.176133275,1.175,4,0.164,-0.693
169,1.176371336,1.176,4,0.152,-0.706
170,1.1766114235,1.176,4,0.149,-0.709
171,1.1768606901,1.176,4,0.121,-0.745
172,1.1770992279,1.176,4,0.064,-0.816
173,1.1772545576,1.177,4,-0.005,-0.901
174,1.1773267984,1.177,4,-0.078,-0.99
175,1.1773569584,1.177,4,-0.15,-1.076
176,1.1773705482,1.177,4,-0.221,-1.161
177,1.1773777008,1.177,4,-0.288,-1.24
178,1.1773810387,1.177,7,-0.329,-1.289
179,1.1773834229,1.177,7,-0.374,-1.341
180,1.1773878336,1.177,7,-0.461,-1.443
181,1.1773941517,1.176,7,-0.533,-1.527
182,1.1774243116,1.176,7,-0.472,-1.456
183,1.1776081324,1.175,7,-0.543,-1.539
184,1.1776907444,1.175,7,-0.655,-1.671
185,1.177765727,1.174,7,-0.775,-1.812
186,1.1778281927,1.173,7,-0.872,-1.928
187,1.1778827906,1.172,7,-0.966,-2.04
188,1.1779305935,1.17,7,-1.055,-2.147
189,1.177972436,1.169,7,-1.141,-2.25
190,1.1780092716,1.168,7,-1.217,-2.35
191,1.1780424118,1.166,7,-1.279,-2.446
192,1.1780722141,1.164,7,-1.357,-2.545
193,1.1780933142,1.162,7,-1.414,-2.619
194,1.1781190634,1.16,7,-1.489,-2.715
195,1.1781432629,1.157,7,-1.56,-2.809
196,1.1781665087,1.154,7,-1.634,-2.906
197,1.178188324,1.15,7,-1.705,-3.001
198,1.1782084703,1.145,7,-1.769,-3.087
199,1.1782290936,1.14,7,-1.828,-3.173
200,1.178249836,1.133,7,-1.885,-3.261
201,1.1782689095,1.125,7,-1.944,-3.354
202,1.1782828569,1.118,7,-2.008,-3.452
203,1.1782920361,1.112,7,-2.057,-3.534
204,1.1783002615,1.106,7,-2.101,-3.608
205,1.1783077717,1.099,7,-2.148,-3.687
206,1.1783149242,1.091,7,-2.194,-3.767
207,1.1783218384,1.081,7,-2.237,-3.851
208,1.1783279181,1.072,7,-2.278,-3.937
209,1.1783298254,1.068,7,-2.285,-3.956
210,1.1783300638,1.068,7,-2.283,-3.953
211,1.178330183,1.067,7,-2.278,-3.945
212,1.1783303022,1.067,7,-2.281,-3.952
213,1.1783304214,1.067,7,-2.279,-3.949
214,1.1783306599,1.066,7,-2.295,-3.985
215,1.1783308983,1.066,7,-2.311,-4.018
216,1.1783312559,1.065,7,-2.328,-4.056
217,1.1783316135,1.064,7,-2.345,-4.102
218,1.1783320904,1.062,7,-2.364,-4.153
219,1.1783328056,1.06,7,-2.38,-4.203
220,1.1783337593,1.056,7,-2.396,-4.256
221,1.1783350706,1.05,7,-2.409,-4.31
222,1.1783372164,1.039,7,-2.411,-4.358
223,1.1783378124,1.036,7,-2.41,-4.37
