,Mini,Mass,label,Vmag,Imag
0,0.0900000036,0.09,1,16.55,12.729
1,0.0944407657,0.094,1,15.918,12.248
2,0.0992550179,0.099,1,15.261,11.906
3,0.1130046323,0.113,1,14.189,11.356
4,0.117765069,0.118,1,13.877,11.184
5,0.1362751126,0.136,1,13.087,10.7
6,0.1547851712,0.154,1,12.565,10.338
7,0.1918052733,0.191,1,11.858,9.806
8,0.2380803972,0.237,1,11.238,9.306
9,0.2843555212,0.283,1,10.755,8.904
10,0.3306306303,0.33,1,10.342,8.549
11,0.3769057393,0.376,1,9.942,8.189
12,0.4231809378,0.422,1,9.447,7.802
13,0.4545553327,0.454,1,9.039,7.513
14,0.469456017,0.469,1,8.881,7.389
15,0.5157311559,0.515,1,8.305,6.963
16,0.5620062351,0.561,1,7.676,6.516
17,0.6082813144,0.608,1,7.107,6.096
18,0.6404895782,0.64,1,6.749,5.82
19,0.6545565128,0.654,1,6.603,5.705
20,0.6757137179,0.676,1,6.393,5.54
21,0.7023925185,0.702,1,6.144,5.342
22,0.7078979611,0.708,1,6.094,5.302
23,0.7354341745,0.735,1,5.858,5.111
24,0.7502285242,0.75,1,5.736,5.012
25,0.7651674747,0.765,1,5.616,4.911
26,0.7923566699,0.792,1,5.403,4.731
27,0.7980645895,0.798,1,5.359,4.693
28,0.8167509437,0.816,1,5.215,4.569
29,0.8426835537,0.842,1,5.019,4.399
30,0.8459006548,0.845,1,4.995,4.378
31,0.8490231633,0.848,1,4.971,4.357
32,0.8691977859,0.868,1,4.819,4.224
33,0.8874516487,0.886,1,4.682,4.104
34,0.8937367201,0.893,1,4.635,4.062
35,0.9045384526,0.904,1,4.554,3.991
36,0.9207087159,0.92,1,4.432,3.884
37,0.9351731539,0.934,1,4.322,3.787
38,0.9415726662,0.941,1,4.273,3.744
39,0.9448188543,0.944,1,4.248,3.722
40,0.9671505094,0.966,1,4.075,3.57
41,0.9869565368,0.986,1,3.918,3.432
42,0.9894086719,0.989,1,3.898,3.415
43,1.0046213865,1.004,1,3.776,3.308
44,1.0204159021,1.02,1,3.649,3.196
45,1.0353240967,1.035,1,3.528,3.089
46,1.0372446775,1.036,1,3.512,3.075
47,1.042140007,1.041,1,3.473,3.04
48,1.0556898117,1.055,1,3.358,2.938
49,1.0670509338,1.066,1,3.255,2.846
50,1.0766566992,1.076,1,3.164,2.763
51,1.0822402239,1.081,1,3.11,2.713
52,1.0850807428,1.084,1,3.081,2.686
53,1.0877684355,1.087,1,3.056,2.662
54,1.0962128639,1.095,1,2.973,2.58
55,1.1035277843,1.102,1,2.891,2.499
56,1.1079771519,1.107,1,2.823,2.436
57,1.1103221178,1.109,2,2.792,2.401
58,1.1154552698,1.114,2,2.732,2.332
59,1.1217212677,1.121,2,2.659,2.244
60,1.126535058,1.125,2,2.6,2.166
61,1.1317622662,1.131,2,2.533,2.068
62,1.1329168081,1.132,2,2.518,2.045
63,1.1337972879,1.133,2,2.508,2.027
64,1.1372953653,1.136,2,2.471,1.95
65,1.1398297548,1.139,2,2.457,1.895
66,1.141754508,1.141,2,2.464,1.864
67,1.1432950497,1.142,2,2.487,1.851
68,1.1445959806,1.144,2,2.516,1.848
69,1.1457576752,1.145,2,2.546,1.85
70,1.1468610764,1.146,2,2.571,1.849
71,1.147957325,1.147,2,2.588,1.843
72,1.1495285034,1.148,2,2.574,1.8
73,1.1506080627,1.15,2,2.545,1.755
74,1.1513081789,1.15,3,2.504,1.708
75,1.1528687477,1.152,3,2.4,1.591
76,1.1541587114,1.153,3,2.301,1.484
77,1.1554794312,1.154,3,2.19,1.365
78,1.1565946341,1.156,3,2.088,1.256
79,1.1577174664,1.157,3,1.978,1.14
80,1.1588280201,1.158,3,1.861,1.016
81,1.1597614288,1.159,3,1.755,0.903
82,1.1606363058,1.16,3,1.647,0.789
83,1.1614874601,1.16,3,1.534,0.669
84,1.1622138023,1.161,3,1.429,0.557
85,1.162905097,1.162,3,1.32,0.441
86,1.1635029316,1.162,3,1.219,0.332
87,1.1640753746,1.163,3,1.115,0.22
88,1.1646173,1.164,3,1.008,0.105
89,1.1651018858,1.164,3,0.906,-0.006
90,1.1655397415,1.164,3,0.806,-0.114
91,1.1659557819,1.165,3,0.704,-0.225
92,1.1663343906,1.165,3,0.605,-0.334
93,1.1666833162,1.166,3,0.508,-0.441
94,1.1670151949,1.166,3,0.411,-0.547
95,1.1673208475,1.166,3,0.318,-0.649
96,1.1676292419,1.167,3,0.229,-0.748
97,1.1680538654,1.167,3,0.139,-0.847
98,1.1682354212,1.167,3,0.184,-0.796
99,1.1684077978,1.167,3,0.255,-0.716
100,1.1684530973,1.167,3,0.278,-0.691
101,1.1687091589,1.168,3,0.178,-0.801
102,1.1689524651,1.168,3,0.083,-0.906
103,1.1691893339,1.168,3,-0.012,-1.013
104,1.1694016457,1.168,3,-0.102,-1.113
105,1.169605732,1.169,3,-0.194,-1.216
106,1.1697916985,1.169,3,-0.283,-1.317
107,1.1699665785,1.169,3,-0.373,-1.42
108,1.1701241732,1.169,3,-0.461,-1.52
109,1.1702697277,1.169,3,-0.547,-1.618
110,1.1704052687,1.169,3,-0.631,-1.716
111,1.1705313921,1.169,3,-0.715,-1.813
112,1.1706496477,1.17,3,-0.799,-1.912
113,1.1707562208,1.17,3,-0.88,-2.006
114,1.1708571911,1.17,3,-0.961,-2.102
115,1.1709468365,1.17,3,-1.035,-2.191
116,1.171033144,1.17,3,-1.11,-2.282
117,1.1711113453,1.17,3,-1.181,-2.369
118,1.1711845398,1.17,3,-1.251,-2.457
119,1.1712546349,1.17,3,-1.323,-2.546
120,1.1713171005,1.17,3,-1.388,-2.63
121,1.1713775396,1.17,3,-1.454,-2.715
122,1.1714326143,1.17,3,-1.517,-2.798
123,1.1714844704,1.17,3,-1.581,-2.88
124,1.1715339422,1.17,3,-1.644,-2.962
125,1.171589613,1.171,3,-1.714,-3.059
126,1.1716320515,1.171,3,-1.771,-3.137
127,1.1716721058,1.171,3,-1.827,-3.216
128,1.1717172861,1.171,3,-1.892,-3.309
129,1.1717592478,1.171,3,-1.952,-3.399
130,1.1717917919,1.171,3,-2.001,-3.473
131,1.171828866,1.171,3,-2.059,-3.562
132,1.1718628407,1.171,3,-2.115,-3.648
133,1.1718947887,1.171,3,-2.169,-3.733
134,1.1719244719,1.171,3,-2.219,-3.814
135,1.171952486,1.171,3,-2.267,-3.896
136,1.1719783545,1.171,3,-2.312,-3.973
137,1.1720026731,1.171,3,-2.352,-4.044
138,1.1720116138,1.171,3,-2.365,-4.069
139,1.1720116138,1.171,4,0.373,-0.486
140,1.1722434759,1.171,4,0.349,-0.515
141,1.1724883318,1.172,4,0.336,-0.529
142,1.1727356911,1.172,4,0.328,-0.538
143,1.172980547,1.172,4,0.322,-0.542
144,1.1732375622,1.172,4,0.318,-0.546
145,1.1734873056,1.173,4,0.313,-0.548
146,1.173738122,1.173,4,0.309,-0.551
147,1.1739878654,1.173,4,0.305,-0.554
148,1.1742204428,1.173,4,0.301,-0.557
149,1.1744707823,1.174,4,0.296,-0.561
150,1.1747316122,1.174,4,0.29,-0.565
151,1.1749761105,1.174,4,0.286,-0.569
152,1.1752364635,1.174,4,0.28,-0.573
153,1.1754946709,1.175,4,0.275,-0.578
154,1.1755166054,1.175,4,0.274,-0.578
155,1.1757566929,1.175,4,0.269,-0.582
156,1.1760126352,1.175,4,0.264,-0.587
157,1.1762620211,1.175,4,0.259,-0.592
158,1.1765003204,1.176,4,0.253,-0.596
159,1.1767539978,1.176,4,0.248,-0.602
160,1.1769933701,1.176,4,0.242,-0.607
161,1.1772292852,1.176,4,0.236,-0.613
162,1.1772537231,1.176,4,0.236,-0.614
163,1.177472949,1.177,4,0.23,-0.62
164,1.177713275,1.177,4,0.224,-0.627
165,1.1779462099,1.177,4,0.217,-0.634
166,1.1781828403,1.177,4,0.21,-0.643
167,1.1784187555,1.178,4,0.201,-0.653
168,1.1786499023,1.178,4,0.193,-0.663
169,1.178881526,1.178,4,0.183,-0.675
170,1.1791148186,1.178,4,0.172,-0.688
171,1.1793484688,1.179,4,0.161,-0.7
172,1.1795841455,1.179,4,0.156,-0.706
173,1.179828763,1.179,4,0.128,-0.742
174,1.1800628901,1.179,4,0.069,-0.815
175,1.1802154779,1.179,4,-0.0,-0.901
176,1.1802864075,1.18,4,-0.073,-0.99
177,1.1803159714,1.18,4,-0.145,-1.076
178,1.1803293228,1.18,4,-0.216,-1.161
179,1.1803363562,1.18,4,-0.283,-1.24
180,1.1803395748,1.18,4,-0.323,-1.287
181,1.180339694,1.179,7,-0.324,-1.288
182,1.180341959,1.179,7,-0.368,-1.34
183,1.1803463697,1.179,7,-0.456,-1.443
184,1.1803525686,1.179,7,-0.528,-1.526
185,1.1803824902,1.179,7,-0.46,-1.446
186,1.180564642,1.178,7,-0.535,-1.534
187,1.1806464195,1.178,7,-0.644,-1.664
188,1.1807208061,1.177,7,-0.763,-1.805
189,1.1807826757,1.176,7,-0.86,-1.919
190,1.1808367968,1.175,7,-0.954,-2.031
191,1.1808841228,1.174,7,-1.042,-2.137
192,1.1809254885,1.172,7,-1.128,-2.24
193,1.1809620857,1.171,7,-1.204,-2.34
194,1.1809948683,1.169,7,-1.266,-2.436
195,1.1810244322,1.167,7,-1.342,-2.534
196,1.1810452938,1.166,7,-1.399,-2.608
197,1.1810708046,1.163,7,-1.473,-2.703
198,1.1810948849,1.16,7,-1.543,-2.797
199,1.1811177731,1.157,7,-1.617,-2.894
200,1.1811393499,1.153,7,-1.688,-2.988
201,1.1811593771,1.149,7,-1.751,-3.075
202,1.1811798811,1.144,7,-1.81,-3.161
203,1.1812003851,1.137,7,-1.867,-3.248
204,1.1812192202,1.129,7,-1.926,-3.34
205,1.1812330484,1.123,7,-1.988,-3.437
206,1.1812421083,1.117,7,-2.038,-3.519
207,1.1812503338,1.111,7,-2.082,-3.593
208,1.1812577248,1.104,7,-2.129,-3.672
209,1.1812648773,1.097,7,-2.175,-3.753
210,1.1812716722,1.088,7,-2.215,-3.833
211,1.1812776327,1.079,7,-2.252,-3.909
212,1.1812795401,1.075,7,-2.247,-3.903
213,1.1812797785,1.075,7,-2.24,-3.892
214,1.1812798977,1.074,7,-2.229,-3.872
215,1.1812800169,1.074,7,-2.236,-3.886
216,1.1812801361,1.074,7,-2.234,-3.882
217,1.1812804937,1.073,7,-2.253,-3.92
218,1.1812807322,1.073,7,-2.27,-3.955
219,1.1812809706,1.072,7,-2.29,-3.996
220,1.1812814474,1.071,7,-2.311,-4.047
221,1.181281805,1.07,7,-2.33,-4.097
222,1.1812825203,1.068,7,-2.35,-4.156
223,1.181283474,1.065,7,-2.368,-4.215
224,1.1812846661,1.059,7,-2.383,-4.275
225,1.1812868118,1.049,7,-2.388,-4.331
226,1.1812875271,1.046,7,-2.388,-4.345
