,Mini,Mass,label,Vmag,Imag
0,0.0900000036,0.09,0,16.37,12.582
1,0.0946706608,0.095,1,15.667,12.134
2,0.1000000089,0.1,1,14.934,11.785
3,0.1011132449,0.101,1,14.846,11.74
4,0.1199999899,0.12,1,13.554,11.036
5,0.1400000006,0.14,1,12.809,10.551
6,0.1599999964,0.16,1,12.31,10.19
7,0.2000000179,0.2,1,11.613,9.648
8,0.25,0.25,1,11.0,9.144
9,0.3000000417,0.3,1,10.522,8.74
10,0.3427352905,0.343,1,10.162,8.41
11,0.349999994,0.35,1,10.104,8.357
12,0.4000000358,0.4,1,9.636,7.972
13,0.4500000179,0.45,1,9.046,7.534
14,0.4863750339,0.486,1,8.605,7.2
15,0.5,0.5,1,8.448,7.082
16,0.5500000715,0.55,1,7.766,6.597
17,0.6000000238,0.6,1,7.157,6.145
18,0.6499999762,0.65,1,6.62,5.727
19,0.6557021141,0.656,1,6.563,5.683
20,0.6942527294,0.694,1,6.199,5.393
21,0.6999999881,0.7,1,6.147,5.351
22,0.7271469831,0.727,1,5.915,5.165
23,0.75,0.75,1,5.729,5.015
24,0.7837600708,0.784,1,5.468,4.794
25,0.8000000715,0.8,1,5.345,4.69
26,0.8116320372,0.811,1,5.259,4.615
27,0.8500000238,0.85,1,4.976,4.37
28,0.8845436573,0.884,1,4.726,4.152
29,0.8999999762,0.899,1,4.614,4.054
30,0.915735364,0.915,1,4.501,3.956
31,0.9435935616,0.943,1,4.3,3.781
32,0.9499999881,0.95,1,4.254,3.741
33,0.9527578354,0.952,1,4.234,3.724
34,0.9796414971,0.98,1,4.038,3.555
35,1.0,1.0,1,3.886,3.424
36,1.0020205975,1.002,1,3.872,3.411
37,1.0242161751,1.024,1,3.705,3.27
38,1.0445713997,1.044,1,3.551,3.138
39,1.0499999523,1.05,1,3.51,3.104
40,1.0508961678,1.05,1,3.503,3.098
41,1.0674904585,1.067,1,3.378,2.993
42,1.083599925,1.083,1,3.255,2.888
43,1.0963380337,1.096,1,3.15,2.798
44,1.1000000238,1.099,1,3.119,2.771
45,1.1095508337,1.109,1,3.053,2.709
46,1.1209146976,1.12,1,2.977,2.634
47,1.1239370108,1.123,1,2.957,2.614
48,1.1337094307,1.133,1,2.862,2.531
49,1.1380374432,1.137,1,2.794,2.482
50,1.1395698786,1.139,1,2.74,2.445
51,1.1396557093,1.139,1,2.737,2.442
52,1.1447703838,1.144,2,2.673,2.369
53,1.1499999762,1.149,2,2.619,2.311
54,1.162797451,1.162,2,2.489,2.155
55,1.1688748598,1.168,2,2.423,2.067
56,1.1730235815,1.172,2,2.377,1.998
57,1.176830411,1.176,2,2.335,1.925
58,1.1796733141,1.179,2,2.306,1.865
59,1.1820859909,1.182,2,2.283,1.811
60,1.1844155788,1.184,2,2.266,1.758
61,1.1866012812,1.186,2,2.263,1.714
62,1.1887116432,1.188,2,2.277,1.683
63,1.1907391548,1.19,2,2.316,1.673
64,1.1926953793,1.192,2,2.37,1.682
65,1.1950132847,1.194,2,2.405,1.672
66,1.1977726221,1.197,2,2.408,1.629
67,1.1980257034,1.197,2,2.397,1.616
68,1.1998410225,1.199,3,2.303,1.509
69,1.2000000477,1.2,3,2.294,1.498
70,1.2014713287,1.201,3,2.211,1.408
71,1.2031331062,1.203,3,2.107,1.295
72,1.2046587467,1.204,3,2.001,1.182
73,1.2060676813,1.206,3,1.894,1.069
74,1.2074304819,1.207,3,1.784,0.952
75,1.2086720467,1.208,3,1.674,0.836
76,1.2097638845,1.209,3,1.571,0.727
77,1.2108142376,1.21,3,1.464,0.613
78,1.2117711306,1.211,3,1.358,0.5
79,1.2126362324,1.212,3,1.254,0.389
80,1.2134264708,1.213,3,1.152,0.28
81,1.2141734362,1.214,3,1.046,0.167
82,1.2148479223,1.214,3,0.944,0.057
83,1.215477705,1.215,3,0.842,-0.053
84,1.2160391808,1.216,3,0.744,-0.159
85,1.2165647745,1.216,3,0.646,-0.266
86,1.2170513868,1.217,3,0.548,-0.373
87,1.217513442,1.217,3,0.448,-0.482
88,1.2179299593,1.218,3,0.354,-0.586
89,1.2183321714,1.218,3,0.258,-0.69
90,1.2187232971,1.218,3,0.167,-0.791
91,1.2191776037,1.219,3,0.082,-0.885
92,1.2193472385,1.219,3,0.063,-0.906
93,1.2196348906,1.219,3,0.115,-0.847
94,1.2198456526,1.219,3,0.192,-0.76
95,1.2198945284,1.219,3,0.181,-0.772
96,1.2202082872,1.22,3,0.085,-0.879
97,1.2205171585,1.22,3,-0.008,-0.982
98,1.2208188772,1.22,3,-0.102,-1.087
99,1.2210941315,1.221,3,-0.195,-1.19
100,1.2213542461,1.221,3,-0.288,-1.294
101,1.2215901613,1.221,3,-0.377,-1.394
102,1.2218129635,1.221,3,-0.467,-1.496
103,1.2220176458,1.222,3,-0.556,-1.597
104,1.222204566,1.222,3,-0.643,-1.696
105,1.2223784924,1.222,3,-0.729,-1.795
106,1.2225410938,1.222,3,-0.814,-1.893
107,1.2226903439,1.222,3,-0.897,-1.99
108,1.2228279114,1.222,3,-0.979,-2.085
109,1.2229599953,1.223,3,-1.063,-2.183
110,1.2230796814,1.223,3,-1.144,-2.278
111,1.2231932878,1.223,3,-1.222,-2.372
112,1.2232964039,1.223,3,-1.296,-2.463
113,1.2233943939,1.223,3,-1.37,-2.554
114,1.2234852314,1.223,3,-1.442,-2.645
115,1.2235703468,1.223,3,-1.515,-2.735
116,1.2236521244,1.223,3,-1.587,-2.827
117,1.2237439156,1.223,3,-1.671,-2.936
118,1.2238289118,1.223,3,-1.755,-3.045
119,1.2238930464,1.223,3,-1.822,-3.133
120,1.2239670753,1.224,3,-1.901,-3.239
121,1.2240349054,1.224,3,-1.975,-3.343
122,1.2240982056,1.224,3,-2.046,-3.447
123,1.2241473198,1.224,3,-2.104,-3.532
124,1.2242025137,1.224,3,-2.172,-3.633
125,1.2242544889,1.224,3,-2.237,-3.733
126,1.2243036032,1.224,3,-2.302,-3.834
127,1.224349618,1.224,3,-2.366,-3.934
128,1.2243925333,1.224,3,-2.424,-4.03
129,1.2244176865,1.224,3,-2.455,-4.082
130,1.2244176865,1.224,4,0.316,-0.528
131,1.2247354984,1.224,4,0.292,-0.556
132,1.225028038,1.225,4,0.281,-0.569
133,1.2253286839,1.225,4,0.272,-0.578
134,1.2256246805,1.225,4,0.266,-0.584
135,1.2259322405,1.226,4,0.26,-0.588
136,1.2262363434,1.226,4,0.255,-0.592
137,1.226539135,1.226,4,0.25,-0.596
138,1.22687006,1.226,4,0.244,-0.601
139,1.2272012234,1.227,4,0.239,-0.605
140,1.2275093794,1.227,4,0.233,-0.61
141,1.2278312445,1.227,4,0.227,-0.615
142,1.2281494141,1.228,4,0.221,-0.62
143,1.2284538746,1.228,4,0.215,-0.624
144,1.2287678719,1.228,4,0.209,-0.63
145,1.2290886641,1.229,4,0.203,-0.635
146,1.229185462,1.229,4,0.201,-0.637
147,1.2293330431,1.229,4,0.198,-0.639
148,1.2296603918,1.229,4,0.192,-0.645
149,1.2299741507,1.23,4,0.186,-0.65
150,1.2303014994,1.23,4,0.18,-0.656
151,1.2306293249,1.23,4,0.173,-0.662
152,1.2309550047,1.231,4,0.167,-0.668
153,1.2312874794,1.231,4,0.16,-0.674
154,1.2315144539,1.231,4,0.156,-0.679
155,1.2316024303,1.231,4,0.154,-0.681
156,1.2319177389,1.232,4,0.148,-0.688
157,1.2322269678,1.232,4,0.141,-0.695
158,1.2325508595,1.232,4,0.134,-0.703
159,1.2328773737,1.233,4,0.125,-0.713
160,1.2331870794,1.233,4,0.117,-0.723
161,1.2335039377,1.233,4,0.108,-0.735
162,1.2338192463,1.233,4,0.097,-0.747
163,1.2341316938,1.234,4,0.086,-0.761
164,1.2344448566,1.234,4,0.084,-0.763
165,1.2347750664,1.234,4,0.063,-0.791
166,1.2350872755,1.235,4,0.023,-0.842
167,1.2353479862,1.235,4,-0.052,-0.935
168,1.2354543209,1.235,4,-0.131,-1.032
169,1.2354940176,1.235,4,-0.211,-1.128
170,1.2355102301,1.235,4,-0.29,-1.221
171,1.2355184555,1.235,4,-0.366,-1.311
172,1.2355185747,1.235,7,-0.367,-1.312
173,1.2355210781,1.235,7,-0.404,-1.355
174,1.2355266809,1.235,7,-0.486,-1.451
175,1.235532403,1.235,7,-0.559,-1.536
176,1.2355481386,1.235,7,-0.592,-1.573
177,1.2355766296,1.235,7,-0.521,-1.49
178,1.2357850075,1.234,7,-0.572,-1.55
179,1.2358933687,1.234,7,-0.675,-1.671
180,1.2359596491,1.233,7,-0.753,-1.762
181,1.2360253334,1.233,7,-0.828,-1.85
182,1.2360975742,1.232,7,-0.912,-1.949
183,1.2361630201,1.231,7,-0.997,-2.049
184,1.2362226248,1.23,7,-1.081,-2.149
185,1.2362772226,1.229,7,-1.165,-2.249
186,1.2363263369,1.228,7,-1.24,-2.347
187,1.2363709211,1.227,7,-1.308,-2.444
188,1.2364103794,1.225,7,-1.387,-2.542
189,1.2364467382,1.223,7,-1.462,-2.638
190,1.2364809513,1.221,7,-1.538,-2.734
191,1.2365133762,1.219,7,-1.614,-2.831
192,1.2365435362,1.216,7,-1.689,-2.927
193,1.236571312,1.213,7,-1.759,-3.02
194,1.2365995646,1.209,7,-1.83,-3.114
195,1.2366279364,1.204,7,-1.898,-3.208
196,1.2366564274,1.197,7,-1.964,-3.301
197,1.2366826534,1.19,7,-2.024,-3.394
198,1.2367022038,1.184,7,-2.083,-3.485
199,1.2367153168,1.179,7,-2.138,-3.569
200,1.2367286682,1.172,7,-2.193,-3.659
201,1.2367386818,1.166,7,-2.241,-3.739
202,1.236749053,1.158,7,-2.292,-3.825
203,1.2367609739,1.147,7,-2.347,-3.923
204,1.2367630005,1.145,7,-2.347,-3.924
205,1.236763835,1.144,7,-2.344,-3.919
206,1.2367645502,1.143,7,-2.359,-3.946
207,1.2367652655,1.143,7,-2.372,-3.97
208,1.2367659807,1.142,7,-2.384,-3.993
209,1.2367669344,1.141,7,-2.397,-4.018
210,1.2367686033,1.138,7,-2.421,-4.068
211,1.2367707491,1.135,7,-2.466,-4.166
212,1.2367736101,1.128,7,-2.507,-4.27
