,Mini,Mass,label,Vmag,Imag
0,0.0900000036,0.09,1,16.938,12.947
1,0.0906278118,0.091,1,16.851,12.894
2,0.0997134596,0.1,1,15.684,12.075
3,0.1191403717,0.119,1,14.214,11.286
4,0.1385672987,0.138,1,13.374,10.786
5,0.1579942107,0.158,1,12.808,10.412
6,0.1968480498,0.196,1,12.04,9.855
7,0.2454153597,0.245,1,11.386,9.342
8,0.2939826846,0.293,1,10.888,8.935
9,0.3208337426,0.32,1,10.635,8.72
10,0.3425499201,0.342,1,10.444,8.556
11,0.3911172152,0.391,1,9.984,8.178
12,0.4396845698,0.439,1,9.505,7.76
13,0.4882518053,0.488,1,8.849,7.317
14,0.53681916,0.536,1,8.233,6.873
15,0.5853863955,0.585,1,7.594,6.423
16,0.5982816219,0.598,1,7.429,6.305
17,0.6339536905,0.633,1,7.002,5.991
18,0.6809375286,0.681,1,6.507,5.61
19,0.6825210452,0.682,1,6.491,5.598
20,0.7115253806,0.711,1,6.217,5.383
21,0.7316887379,0.731,1,6.037,5.24
22,0.7448217869,0.744,1,5.928,5.151
23,0.7735958099,0.773,1,5.695,4.961
24,0.7808563709,0.78,1,5.638,4.914
25,0.8044211864,0.804,1,5.456,4.762
26,0.8300241232,0.829,1,5.265,4.6
27,0.8576134443,0.857,1,5.064,4.426
28,0.8791917562,0.878,1,4.909,4.291
29,0.8907339573,0.89,1,4.826,4.219
30,0.9114360809,0.91,1,4.679,4.089
31,0.9283593893,0.927,1,4.559,3.983
32,0.930144012,0.929,1,4.546,3.972
33,0.9475987554,0.947,1,4.421,3.863
34,0.9641541243,0.963,1,4.304,3.759
35,0.977527082,0.977,1,4.208,3.674
36,0.9887058139,0.988,1,4.128,3.604
37,1.0113954544,1.011,1,3.965,3.459
38,1.0266947746,1.026,1,3.853,3.36
39,1.0314674377,1.031,1,3.818,3.33
40,1.0493688583,1.048,1,3.688,3.215
41,1.0653908253,1.064,1,3.572,3.112
42,1.0758624077,1.075,1,3.496,3.044
43,1.085465312,1.084,1,3.427,2.982
44,1.0970551968,1.096,1,3.342,2.905
45,1.1067515612,1.105,1,3.271,2.839
46,1.1149348021,1.114,1,3.21,2.782
47,1.119685173,1.118,1,3.176,2.749
48,1.1228475571,1.121,1,3.143,2.72
49,1.1250300407,1.124,1,3.12,2.698
50,1.1313567162,1.13,1,3.07,2.65
51,1.1412476301,1.14,1,2.979,2.566
52,1.1471422911,1.146,1,2.89,2.492
53,1.1532934904,1.152,2,2.829,2.428
54,1.1648719311,1.164,2,2.72,2.308
55,1.1741979122,1.173,2,2.631,2.204
56,1.1807140112,1.18,2,2.571,2.125
57,1.189191699,1.188,2,2.498,2.01
58,1.1951496601,1.194,2,2.469,1.931
59,1.1991462708,1.198,2,2.479,1.893
60,1.2019132376,1.201,2,2.51,1.88
61,1.2039471865,1.203,2,2.543,1.878
62,1.2055354118,1.204,2,2.579,1.885
63,1.2068501711,1.206,2,2.612,1.892
64,1.2080043554,1.207,2,2.629,1.888
65,1.2090839148,1.208,2,2.632,1.875
66,1.2101408243,1.209,2,2.633,1.86
67,1.2116287947,1.211,2,2.625,1.831
68,1.212633729,1.212,2,2.611,1.805
69,1.213550806,1.212,2,2.571,1.759
70,1.2155945301,1.214,3,2.472,1.648
71,1.2172833681,1.216,3,2.379,1.546
72,1.2190123796,1.218,3,2.274,1.433
73,1.2204722166,1.219,3,2.178,1.332
74,1.2219417095,1.221,3,2.074,1.221
75,1.2233654261,1.222,3,1.965,1.106
76,1.2234547138,1.222,3,1.959,1.099
77,1.2247692347,1.224,3,1.848,0.981
78,1.2259507179,1.225,3,1.74,0.867
79,1.2270760536,1.226,3,1.628,0.747
80,1.2280296087,1.227,3,1.524,0.636
81,1.2289034128,1.228,3,1.422,0.527
82,1.2297270298,1.229,3,1.317,0.414
83,1.2304604053,1.229,3,1.216,0.305
84,1.2311620712,1.23,3,1.112,0.192
85,1.2317624092,1.231,3,1.015,0.087
86,1.2323445082,1.231,3,0.915,-0.022
87,1.232862711,1.232,3,0.819,-0.127
88,1.233342886,1.232,3,0.725,-0.23
89,1.2338014841,1.233,3,0.63,-0.334
90,1.2342220545,1.233,3,0.539,-0.435
91,1.2346252203,1.234,3,0.45,-0.533
92,1.2350656986,1.234,3,0.367,-0.624
93,1.2353744507,1.234,3,0.33,-0.666
94,1.2355213165,1.235,3,0.355,-0.637
95,1.2358114719,1.235,3,0.419,-0.565
96,1.2359348536,1.235,3,0.46,-0.519
97,1.2360899448,1.235,3,0.417,-0.566
98,1.2364453077,1.235,3,0.318,-0.676
99,1.2367764711,1.236,3,0.225,-0.78
100,1.2370884418,1.236,3,0.134,-0.882
101,1.2373843193,1.236,3,0.042,-0.986
102,1.2376616001,1.237,3,-0.05,-1.089
103,1.2379106283,1.237,3,-0.139,-1.19
104,1.238145113,1.237,3,-0.229,-1.292
105,1.2383599281,1.237,3,-0.316,-1.392
106,1.2385591269,1.238,3,-0.402,-1.491
107,1.2387433052,1.238,3,-0.487,-1.589
108,1.2389163971,1.238,3,-0.572,-1.689
109,1.2390739918,1.238,3,-0.655,-1.786
110,1.2392206192,1.238,3,-0.736,-1.882
111,1.239356041,1.238,3,-0.814,-1.976
112,1.2394809723,1.239,3,-0.891,-2.07
113,1.2395969629,1.239,3,-0.967,-2.163
114,1.2397024632,1.239,3,-1.041,-2.253
115,1.2398042679,1.239,3,-1.114,-2.345
116,1.2398980856,1.239,3,-1.184,-2.436
117,1.2399846315,1.239,3,-1.253,-2.524
118,1.2400667667,1.239,3,-1.323,-2.614
119,1.2401418686,1.239,3,-1.39,-2.701
120,1.2402143478,1.239,3,-1.455,-2.789
121,1.2402803898,1.239,3,-1.517,-2.874
122,1.240342021,1.239,3,-1.578,-2.958
123,1.2404021025,1.239,3,-1.642,-3.045
124,1.2404692173,1.24,3,-1.715,-3.147
125,1.2405198812,1.24,3,-1.768,-3.229
126,1.2405683994,1.24,3,-1.823,-3.312
127,1.2406228781,1.24,3,-1.888,-3.41
128,1.2406738997,1.24,3,-1.95,-3.508
129,1.2407134771,1.24,3,-1.997,-3.587
130,1.2407591343,1.24,3,-2.055,-3.684
131,1.2408006191,1.24,3,-2.109,-3.778
132,1.2408396006,1.24,3,-2.16,-3.87
133,1.2408764362,1.24,3,-2.203,-3.96
134,1.2409110069,1.24,3,-2.239,-4.044
135,1.240921855,1.24,3,-2.249,-4.069
136,1.240921855,1.24,4,0.418,-0.47
137,1.2412369251,1.241,4,0.395,-0.498
138,1.2415639162,1.241,4,0.382,-0.513
139,1.2418960333,1.241,4,0.374,-0.521
140,1.2421965599,1.242,4,0.369,-0.524
141,1.242528677,1.242,4,0.366,-0.527
142,1.2428326607,1.242,4,0.362,-0.529
143,1.2431687117,1.243,4,0.358,-0.531
144,1.2434877157,1.243,4,0.355,-0.534
145,1.2438281775,1.243,4,0.351,-0.537
146,1.2441408634,1.244,4,0.347,-0.54
147,1.2444609404,1.244,4,0.342,-0.543
148,1.2447743416,1.244,4,0.338,-0.547
149,1.2450772524,1.245,4,0.334,-0.55
150,1.2453832626,1.245,4,0.329,-0.554
151,1.2456455231,1.245,4,0.325,-0.557
152,1.2456842661,1.245,4,0.325,-0.557
153,1.2460007668,1.246,4,0.32,-0.562
154,1.2463173866,1.246,4,0.315,-0.566
155,1.2466498613,1.246,4,0.31,-0.571
156,1.2469483614,1.246,4,0.305,-0.575
157,1.2472499609,1.247,4,0.3,-0.58
158,1.2475643158,1.247,4,0.295,-0.585
159,1.2478860617,1.247,4,0.29,-0.591
160,1.248003006,1.248,4,0.288,-0.593
161,1.2481477261,1.248,4,0.285,-0.596
162,1.2484487295,1.248,4,0.279,-0.602
163,1.2487504482,1.248,4,0.272,-0.609
164,1.2490665913,1.249,4,0.265,-0.617
165,1.2493696213,1.249,4,0.257,-0.626
166,1.2496755123,1.249,4,0.248,-0.637
167,1.2499767542,1.25,4,0.238,-0.65
168,1.2502757311,1.25,4,0.226,-0.665
169,1.2505816221,1.25,4,0.212,-0.682
170,1.2508856058,1.25,4,0.194,-0.704
171,1.2511931658,1.251,4,0.159,-0.747
172,1.251493454,1.251,4,0.083,-0.841
173,1.2516133785,1.251,4,0.016,-0.922
174,1.2516714334,1.251,4,-0.047,-0.998
175,1.251698494,1.251,4,-0.111,-1.074
176,1.2517133951,1.251,4,-0.186,-1.164
177,1.2517213821,1.251,4,-0.258,-1.249
178,1.2517232895,1.251,4,-0.278,-1.271
179,1.2517234087,1.251,7,-0.279,-1.273
180,1.2517237663,1.251,7,-0.284,-1.278
181,1.2517299652,1.251,7,-0.378,-1.389
182,1.2517350912,1.251,7,-0.454,-1.479
183,1.2517398596,1.251,7,-0.523,-1.561
184,1.251745224,1.251,7,-0.578,-1.627
185,1.2517596483,1.251,7,-0.57,-1.617
186,1.2517719269,1.251,7,-0.5,-1.534
187,1.2518025637,1.251,7,-0.437,-1.46
188,1.2519805431,1.25,7,-0.461,-1.488
189,1.2520949841,1.25,7,-0.545,-1.588
190,1.2522028685,1.249,7,-0.638,-1.698
191,1.2522962093,1.249,7,-0.726,-1.803
192,1.2523775101,1.248,7,-0.811,-1.906
193,1.2524473667,1.247,7,-0.896,-2.008
194,1.2525081635,1.246,7,-0.98,-2.108
195,1.2525621653,1.245,7,-1.059,-2.207
196,1.2526105642,1.244,7,-1.128,-2.302
197,1.2526547909,1.243,7,-1.205,-2.4
198,1.2526851892,1.242,7,-1.245,-2.469
199,1.2527228594,1.24,7,-1.316,-2.564
200,1.2527583838,1.238,7,-1.389,-2.66
201,1.2527922392,1.236,7,-1.461,-2.756
202,1.2528231144,1.234,7,-1.532,-2.852
203,1.2528526783,1.231,7,-1.597,-2.944
204,1.252882719,1.227,7,-1.662,-3.036
205,1.2529125214,1.222,7,-1.726,-3.127
206,1.2529400587,1.217,7,-1.786,-3.22
207,1.2529609203,1.212,7,-1.845,-3.313
208,1.2529747486,1.209,7,-1.898,-3.399
209,1.2529872656,1.204,7,-1.95,-3.485
210,1.2529984713,1.2,7,-2.0,-3.571
211,1.2530089617,1.194,7,-2.049,-3.661
212,1.2530190945,1.188,7,-2.092,-3.745
213,1.2530299425,1.18,7,-2.139,-3.841
214,1.2530326843,1.177,7,-2.151,-3.873
215,1.253033042,1.177,7,-2.136,-3.838
216,1.2530331612,1.177,7,-2.041,-3.659
217,1.2530332804,1.177,7,-2.173,-3.932
218,1.2530333996,1.177,7,-2.136,-3.837
219,1.2530335188,1.177,7,-2.083,-3.736
220,1.2530343533,1.176,7,-2.087,-3.742
221,1.2530351877,1.176,7,-2.117,-3.799
222,1.2530357838,1.175,7,-2.144,-3.857
223,1.253036499,1.174,7,-2.165,-3.907
224,1.2530373335,1.173,7,-2.186,-3.972
225,1.2530384064,1.172,7,-2.206,-4.038
226,1.2530398369,1.17,7,-2.226,-4.11
227,1.2530421019,1.166,7,-2.234,-4.192
228,1.2530436516,1.162,7,-2.235,-4.222
