,Mini,Mass,label,Vmag,Imag
0,0.0900000036,0.09,1,16.961,12.957
1,0.093177855,0.093,1,16.529,12.698
2,0.0997403711,0.1,1,15.709,12.086
3,0.1192211062,0.119,1,14.236,11.293
4,0.1387018412,0.139,1,13.391,10.792
5,0.1581825763,0.158,1,12.823,10.417
6,0.1971440464,0.197,1,12.052,9.858
7,0.2458459139,0.245,1,11.396,9.346
8,0.2945477664,0.294,1,10.9,8.94
9,0.312127471,0.312,1,10.729,8.796
10,0.3432495594,0.343,1,10.452,8.558
11,0.3522106409,0.352,1,10.361,8.485
12,0.391951412,0.391,1,9.988,8.179
13,0.4000297189,0.399,1,9.905,8.106
14,0.4406532943,0.44,1,9.511,7.759
15,0.4460378289,0.445,1,9.43,7.707
16,0.4893550873,0.489,1,8.85,7.315
17,0.5366054773,0.536,1,8.252,6.884
18,0.5380569696,0.537,1,8.234,6.871
19,0.538433373,0.538,1,8.229,6.867
20,0.5867587924,0.586,1,7.596,6.423
21,0.6354606152,0.635,1,7.004,5.991
22,0.639852047,0.639,1,6.955,5.954
23,0.6841624975,0.684,1,6.494,5.599
24,0.6871393919,0.687,1,6.465,5.577
25,0.725748837,0.725,1,6.109,5.297
26,0.7334083319,0.733,1,6.042,5.244
27,0.7597682476,0.759,1,5.826,5.068
28,0.7826541662,0.782,1,5.645,4.92
29,0.7888355851,0.788,1,5.597,4.88
30,0.8203781247,0.82,1,5.36,4.681
31,0.8319000006,0.831,1,5.276,4.609
32,0.8445658684,0.844,1,5.184,4.53
33,0.8743783236,0.873,1,4.972,4.346
34,0.8811458349,0.88,1,4.924,4.305
35,0.8859223127,0.885,1,4.891,4.276
36,0.9078535438,0.907,1,4.737,4.141
37,0.9289292693,0.928,1,4.59,4.012
38,0.9303916693,0.929,1,4.58,4.003
39,0.947828114,0.947,1,4.459,3.897
40,0.9655834436,0.965,1,4.335,3.788
41,0.9796375036,0.979,1,4.237,3.702
42,0.980689764,0.98,1,4.23,3.695
43,1.0072208643,1.006,1,4.046,3.533
44,1.0288832188,1.028,1,3.893,3.399
45,1.03028512,1.029,1,3.884,3.39
46,1.0505340099,1.049,1,3.741,3.266
47,1.0687311888,1.068,1,3.613,3.154
48,1.0781291723,1.077,1,3.548,3.095
49,1.0881040096,1.087,1,3.479,3.035
50,1.1019893885,1.101,1,3.384,2.949
51,1.1136133671,1.112,1,3.304,2.877
52,1.1233372688,1.122,1,3.239,2.816
53,1.1273750067,1.126,1,3.212,2.791
54,1.1462709904,1.145,1,3.099,2.678
55,1.1522778273,1.151,1,3.063,2.641
56,1.1589490175,1.158,1,3.011,2.592
57,1.1683647633,1.167,1,2.933,2.521
58,1.176297307,1.175,1,2.844,2.449
59,1.1766209602,1.175,1,2.84,2.445
60,1.177913785,1.177,1,2.823,2.432
61,1.180116415,1.179,1,2.772,2.396
62,1.1811156273,1.18,1,2.736,2.37
63,1.1815280914,1.18,1,2.721,2.359
64,1.189912796,1.189,2,2.634,2.246
65,1.2030228376,1.202,2,2.52,2.097
66,1.2130428553,1.212,2,2.437,1.968
67,1.2201023102,1.219,2,2.399,1.875
68,1.2250387669,1.224,2,2.416,1.833
69,1.2258666754,1.225,2,2.425,1.83
70,1.2266702652,1.226,2,2.433,1.827
71,1.2289321423,1.228,2,2.474,1.834
72,1.231802702,1.231,2,2.54,1.852
73,1.2358253002,1.235,2,2.604,1.85
74,1.2401381731,1.239,2,2.567,1.761
75,1.2407627106,1.24,2,2.542,1.732
76,1.2431902885,1.242,3,2.43,1.606
77,1.24512887,1.244,3,2.326,1.492
78,1.2470401525,1.246,3,2.213,1.371
79,1.2486542463,1.248,3,2.109,1.261
80,1.2502286434,1.249,3,2.0,1.145
81,1.2516641617,1.251,3,1.892,1.03
82,1.2529934645,1.252,3,1.782,0.914
83,1.2541878223,1.253,3,1.675,0.8
84,1.2553253174,1.254,3,1.566,0.683
85,1.2562890053,1.255,3,1.465,0.576
86,1.2571718693,1.256,3,1.367,0.469
87,1.2580040693,1.257,3,1.265,0.36
88,1.2587448359,1.258,3,1.168,0.255
89,1.2594535351,1.259,3,1.068,0.147
90,1.2600598335,1.259,3,0.976,0.047
91,1.2606475353,1.26,3,0.881,-0.057
92,1.2611708641,1.26,3,0.79,-0.156
93,1.2616555691,1.261,3,0.702,-0.252
94,1.262118578,1.261,3,0.613,-0.35
95,1.2625432014,1.262,3,0.529,-0.443
96,1.2629500628,1.262,3,0.449,-0.532
97,1.2633947134,1.263,3,0.373,-0.615
98,1.2637062073,1.263,3,0.341,-0.65
99,1.2638688087,1.263,3,0.369,-0.619
100,1.2641900778,1.263,3,0.431,-0.549
101,1.2643266916,1.264,3,0.471,-0.504
102,1.264498353,1.264,3,0.429,-0.551
103,1.264891386,1.264,3,0.33,-0.66
104,1.2652577162,1.264,3,0.235,-0.765
105,1.2656028271,1.265,3,0.144,-0.868
106,1.2659301758,1.265,3,0.052,-0.972
107,1.2662369013,1.265,3,-0.04,-1.076
108,1.2665122747,1.266,3,-0.129,-1.176
109,1.2667716742,1.266,3,-0.219,-1.278
110,1.2670092583,1.266,3,-0.307,-1.378
111,1.267229557,1.266,3,-0.393,-1.478
112,1.2674331665,1.267,3,-0.478,-1.576
113,1.2676247358,1.267,3,-0.564,-1.676
114,1.267799139,1.267,3,-0.647,-1.773
115,1.2679612637,1.267,3,-0.729,-1.87
116,1.2681109905,1.267,3,-0.807,-1.965
117,1.2682490349,1.267,3,-0.885,-2.058
118,1.2683774233,1.268,3,-0.961,-2.152
119,1.26849401,1.268,3,-1.035,-2.242
120,1.268606782,1.268,3,-1.109,-2.335
121,1.268710494,1.268,3,-1.18,-2.425
122,1.2688060999,1.268,3,-1.249,-2.514
123,1.2688970566,1.268,3,-1.319,-2.604
124,1.2689800262,1.268,3,-1.387,-2.692
125,1.2690601349,1.268,3,-1.453,-2.781
126,1.2691332102,1.268,3,-1.516,-2.866
127,1.2692013979,1.268,3,-1.577,-2.95
128,1.2692679167,1.268,3,-1.641,-3.038
129,1.2693420649,1.269,3,-1.716,-3.141
130,1.2693980932,1.269,3,-1.771,-3.223
131,1.2694517374,1.269,3,-1.826,-3.307
132,1.2695119381,1.269,3,-1.891,-3.406
133,1.2695684433,1.269,3,-1.954,-3.504
134,1.2696120739,1.269,3,-2.003,-3.585
135,1.2696626186,1.269,3,-2.062,-3.684
136,1.2697085142,1.269,3,-2.116,-3.778
137,1.269751668,1.269,3,-2.169,-3.871
138,1.2697923183,1.269,3,-2.213,-3.962
139,1.2698307037,1.269,3,-2.25,-4.046
140,1.2698425055,1.269,3,-2.26,-4.072
141,1.2698425055,1.27,4,0.412,-0.476
142,1.2701888084,1.27,4,0.388,-0.505
143,1.270498395,1.27,4,0.376,-0.518
144,1.270813942,1.271,4,0.369,-0.526
145,1.2711340189,1.271,4,0.364,-0.53
146,1.2714505196,1.271,4,0.36,-0.533
147,1.2717632055,1.271,4,0.357,-0.535
148,1.2721170187,1.272,4,0.353,-0.538
149,1.2724710703,1.272,4,0.349,-0.54
150,1.2728104591,1.273,4,0.345,-0.543
151,1.2731457949,1.273,4,0.341,-0.546
152,1.2734779119,1.273,4,0.336,-0.55
153,1.2738083601,1.274,4,0.332,-0.553
154,1.2741217613,1.274,4,0.328,-0.557
155,1.2744678259,1.274,4,0.323,-0.561
156,1.2747865915,1.275,4,0.318,-0.565
157,1.2748668194,1.275,4,0.317,-0.566
158,1.2749741077,1.275,4,0.315,-0.567
159,1.2753192186,1.275,4,0.31,-0.572
160,1.2756663561,1.275,4,0.305,-0.576
161,1.2760006189,1.276,4,0.3,-0.581
162,1.2763292789,1.276,4,0.295,-0.586
163,1.2766872644,1.276,4,0.289,-0.592
164,1.2770266533,1.277,4,0.284,-0.597
165,1.2773548365,1.277,4,0.278,-0.603
166,1.2773885727,1.277,4,0.278,-0.603
167,1.2776782513,1.277,4,0.272,-0.609
168,1.2779984474,1.278,4,0.266,-0.616
169,1.2783235312,1.278,4,0.26,-0.623
170,1.2786561251,1.278,4,0.252,-0.632
171,1.2789871693,1.279,4,0.244,-0.641
172,1.2793172598,1.279,4,0.234,-0.653
173,1.2796491385,1.279,4,0.223,-0.667
174,1.2799777985,1.28,4,0.21,-0.682
175,1.2803026438,1.28,4,0.194,-0.702
176,1.280641675,1.28,4,0.168,-0.735
177,1.2809677124,1.281,4,0.112,-0.803
178,1.2811815739,1.281,4,0.036,-0.897
179,1.2812772989,1.281,4,-0.048,-0.998
180,1.2813134193,1.281,4,-0.124,-1.089
181,1.281329751,1.281,4,-0.201,-1.18
182,1.2813380957,1.281,4,-0.273,-1.265
183,1.2813390493,1.281,4,-0.282,-1.275
184,1.2813391685,1.281,7,-0.283,-1.276
185,1.2813395262,1.281,7,-0.288,-1.283
186,1.2813462019,1.281,7,-0.383,-1.394
187,1.2813515663,1.281,7,-0.462,-1.487
188,1.2813568115,1.281,7,-0.535,-1.574
189,1.2813624144,1.281,7,-0.606,-1.658
190,1.2813776731,1.281,7,-0.587,-1.635
191,1.2813907862,1.281,7,-0.521,-1.557
192,1.2814234495,1.281,7,-0.451,-1.475
193,1.2816127539,1.28,7,-0.475,-1.503
194,1.2817344666,1.28,7,-0.56,-1.604
195,1.2818493843,1.28,7,-0.652,-1.713
196,1.2819486856,1.279,7,-0.739,-1.817
197,1.2820352316,1.278,7,-0.825,-1.921
198,1.2821096182,1.277,7,-0.91,-2.023
199,1.2821743488,1.277,7,-0.994,-2.124
200,1.2822319269,1.276,7,-1.074,-2.223
201,1.2822834253,1.275,7,-1.146,-2.32
202,1.2823306322,1.273,7,-1.219,-2.418
203,1.2823628187,1.272,7,-1.261,-2.487
204,1.2824029922,1.271,7,-1.334,-2.583
205,1.2824409008,1.269,7,-1.408,-2.68
206,1.282476902,1.267,7,-1.481,-2.778
207,1.2825098038,1.265,7,-1.552,-2.874
208,1.2825413942,1.262,7,-1.617,-2.965
209,1.2825733423,1.258,7,-1.682,-3.057
210,1.282605052,1.254,7,-1.747,-3.15
211,1.2826344967,1.249,7,-1.811,-3.248
212,1.2826566696,1.244,7,-1.873,-3.348
213,1.2826714516,1.241,7,-1.928,-3.437
214,1.282684803,1.236,7,-1.982,-3.527
215,1.2826968431,1.232,7,-2.033,-3.616
216,1.2827078104,1.226,7,-2.08,-3.705
217,1.2827187777,1.22,7,-2.127,-3.795
218,1.2827302217,1.212,7,-2.12,-3.787
219,1.282733202,1.21,7,-2.16,-3.868
220,1.2827336788,1.209,7,-2.133,-3.815
221,1.282733798,1.209,7,-2.182,-3.926
222,1.2827339172,1.209,7,-2.166,-3.883
223,1.2827340364,1.209,7,-2.158,-3.864
224,1.2827341557,1.209,7,-2.143,-3.834
225,1.2827349901,1.208,7,-2.161,-3.876
226,1.2827358246,1.208,7,-2.185,-3.936
227,1.2827365398,1.207,7,-2.201,-3.986
228,1.2827372551,1.206,7,-2.219,-4.039
229,1.2827382088,1.205,7,-2.237,-4.096
230,1.2827394009,1.203,7,-2.249,-4.153
231,1.2827408314,1.201,7,-2.253,-4.212
232,1.2827432156,1.197,7,-2.254,-4.272
233,1.2827448845,1.193,7,-2.253,-4.3
