,Mini,Mass,label,Vmag,Imag
0,0.0900000036,0.09,1,17.121,13.041
1,0.0933840126,0.093,1,16.737,12.792
2,0.099999994,0.1,1,15.945,12.215
3,0.1199999973,0.12,1,14.446,11.361
4,0.1399999857,0.14,1,13.574,10.848
5,0.1599999964,0.16,1,12.981,10.464
6,0.1999999732,0.2,1,12.162,9.886
7,0.25,0.25,1,11.478,9.357
8,0.3000000119,0.3,1,10.966,8.94
9,0.3499999642,0.35,1,10.506,8.554
10,0.3999999464,0.4,1,10.014,8.162
11,0.4499999583,0.45,1,9.511,7.724
12,0.4999999702,0.5,1,8.816,7.261
13,0.5500000119,0.55,1,8.163,6.796
14,0.5817782879,0.581,1,7.739,6.501
15,0.5999999642,0.6,1,7.506,6.336
16,0.6499999166,0.65,1,6.889,5.887
17,0.6756542921,0.676,1,6.61,5.674
18,0.6999999881,0.7,1,6.364,5.483
19,0.7013210654,0.701,1,6.351,5.473
20,0.7327896357,0.733,1,6.055,5.239
21,0.7477700114,0.748,1,5.921,5.133
22,0.7490025759,0.749,1,5.911,5.124
23,0.774987638,0.775,1,5.693,4.945
24,0.7955400944,0.795,1,5.525,4.806
25,0.8019331694,0.802,1,5.474,4.763
26,0.8267512321,0.826,1,5.278,4.596
27,0.8433101773,0.843,1,5.149,4.485
28,0.8514398336,0.851,1,5.086,4.431
29,0.8685218096,0.868,1,4.955,4.317
30,0.8910801411,0.89,1,4.783,4.165
31,0.8992000222,0.898,1,4.721,4.11
32,0.9263342619,0.926,1,4.512,3.924
33,0.938850224,0.938,1,4.414,3.836
34,0.9579761624,0.957,1,4.263,3.701
35,0.9788536429,0.978,1,4.095,3.549
36,0.9866204262,0.986,1,4.032,3.491
37,0.9971607924,0.997,1,3.947,3.414
38,1.0135599375,1.013,1,3.814,3.292
39,1.0290118456,1.028,1,3.689,3.175
40,1.0343903303,1.034,1,3.645,3.134
41,1.0347144604,1.034,1,3.642,3.131
42,1.048079133,1.047,1,3.525,3.021
43,1.0595781803,1.059,1,3.419,2.92
44,1.0620994568,1.061,1,3.395,2.898
45,1.0635490417,1.063,1,3.381,2.884
46,1.0724173784,1.072,1,3.294,2.798
47,1.0797525644,1.079,1,3.219,2.723
48,1.0821604729,1.081,1,3.194,2.697
49,1.0854314566,1.085,1,3.157,2.659
50,1.0865795612,1.086,1,3.143,2.645
51,1.0888625383,1.088,2,3.117,2.617
52,1.0940390825,1.093,2,3.058,2.554
53,1.0984545946,1.098,2,3.009,2.499
54,1.1050846577,1.104,2,2.934,2.414
55,1.1103466749,1.109,2,2.872,2.338
56,1.1164228916,1.115,2,2.805,2.244
57,1.1209728718,1.12,2,2.769,2.173
58,1.1240699291,1.123,2,2.768,2.135
59,1.1263122559,1.125,2,2.794,2.124
60,1.1278355122,1.127,2,2.834,2.132
61,1.1289600134,1.128,2,2.875,2.147
62,1.1299304962,1.129,2,2.909,2.157
63,1.1305834055,1.13,2,2.928,2.16
64,1.1322497129,1.131,2,2.928,2.127
65,1.1337325573,1.133,2,2.871,2.05
66,1.1343587637,1.133,2,2.838,2.011
67,1.1352347136,1.134,3,2.782,1.947
68,1.1365523338,1.136,3,2.689,1.844
69,1.1378061771,1.137,3,2.589,1.736
70,1.1391055584,1.138,3,2.475,1.614
71,1.1403768063,1.139,3,2.354,1.485
72,1.1414420605,1.141,3,2.244,1.368
73,1.1424822807,1.142,3,2.127,1.245
74,1.1434319019,1.143,3,2.011,1.122
75,1.1442980766,1.143,3,1.897,1.001
76,1.1450432539,1.144,3,1.79,0.887
77,1.1457597017,1.145,3,1.68,0.768
78,1.1464027166,1.145,3,1.571,0.651
79,1.1470140219,1.146,3,1.458,0.53
80,1.147539854,1.147,3,1.353,0.416
81,1.1480323076,1.147,3,1.246,0.3
82,1.1484823227,1.148,3,1.142,0.187
83,1.1488813162,1.148,3,1.043,0.078
84,1.1492718458,1.148,3,0.938,-0.036
85,1.1496186256,1.149,3,0.838,-0.146
86,1.149939537,1.149,3,0.74,-0.254
87,1.1502449512,1.149,3,0.641,-0.363
88,1.1505470276,1.15,3,0.545,-0.471
89,1.1509671211,1.15,3,0.447,-0.581
90,1.1510032415,1.15,3,0.443,-0.585
91,1.1512283087,1.15,3,0.506,-0.512
92,1.1513826847,1.15,3,0.578,-0.43
93,1.1514092684,1.15,3,0.592,-0.414
94,1.1516128778,1.151,3,0.511,-0.504
95,1.1518554688,1.151,3,0.414,-0.614
96,1.1520819664,1.151,3,0.319,-0.721
97,1.1522934437,1.151,3,0.226,-0.826
98,1.1524863243,1.152,3,0.136,-0.928
99,1.1526687145,1.152,3,0.046,-1.03
100,1.152837038,1.152,3,-0.043,-1.132
101,1.1529927254,1.152,3,-0.13,-1.233
102,1.1531387568,1.152,3,-0.219,-1.335
103,1.1532688141,1.152,3,-0.303,-1.433
104,1.1533920765,1.152,3,-0.386,-1.532
105,1.1535032988,1.153,3,-0.464,-1.626
106,1.1536078453,1.153,3,-0.543,-1.722
107,1.1537036896,1.153,3,-0.621,-1.816
108,1.153793335,1.153,3,-0.7,-1.912
109,1.1538757086,1.153,3,-0.775,-2.005
110,1.1539512873,1.153,3,-0.847,-2.096
111,1.1540225744,1.153,3,-0.919,-2.188
112,1.154086709,1.153,3,-0.987,-2.276
113,1.1541479826,1.153,3,-1.057,-2.365
114,1.1542048454,1.153,3,-1.122,-2.452
115,1.1542565823,1.153,3,-1.185,-2.537
116,1.1543064117,1.153,3,-1.248,-2.623
117,1.1543512344,1.153,3,-1.308,-2.706
118,1.1543939114,1.153,3,-1.369,-2.788
119,1.1544343233,1.154,3,-1.426,-2.87
120,1.1544793844,1.154,3,-1.492,-2.967
121,1.1545138359,1.154,3,-1.545,-3.046
122,1.1545464993,1.154,3,-1.597,-3.125
123,1.1545829773,1.154,3,-1.656,-3.218
124,1.1546169519,1.154,3,-1.71,-3.309
125,1.1546489,1.154,3,-1.764,-3.399
126,1.1546778679,1.154,3,-1.815,-3.487
127,1.154705286,1.154,3,-1.861,-3.573
128,1.1547299623,1.154,3,-1.9,-3.654
129,1.1547532082,1.154,3,-1.936,-3.734
130,1.1547751427,1.154,3,-1.971,-3.813
131,1.154795289,1.154,3,-1.996,-3.889
132,1.1548140049,1.154,3,-2.009,-3.959
133,1.1548320055,1.154,3,-2.02,-4.024
134,1.154836297,1.154,3,-2.023,-4.039
135,1.154836297,1.154,4,0.506,-0.41
136,1.1550372839,1.154,4,0.481,-0.438
137,1.1552443504,1.154,4,0.469,-0.452
138,1.1554527283,1.155,4,0.462,-0.459
139,1.1556642056,1.155,4,0.459,-0.461
140,1.1558768749,1.155,4,0.457,-0.461
141,1.1560901403,1.155,4,0.456,-0.462
142,1.1563030481,1.155,4,0.454,-0.462
143,1.1565145254,1.156,4,0.452,-0.462
144,1.1567394733,1.156,4,0.45,-0.463
145,1.156940341,1.156,4,0.447,-0.465
146,1.1571414471,1.156,4,0.444,-0.466
147,1.1573381424,1.156,4,0.442,-0.468
148,1.1575574875,1.157,4,0.438,-0.47
149,1.157776475,1.157,4,0.435,-0.473
150,1.1578242779,1.157,4,0.434,-0.473
151,1.1579806805,1.157,4,0.432,-0.475
152,1.1581940651,1.157,4,0.428,-0.478
153,1.1583954096,1.158,4,0.425,-0.481
154,1.158598423,1.158,4,0.421,-0.485
155,1.1588079929,1.158,4,0.417,-0.489
156,1.1590077877,1.158,4,0.412,-0.493
157,1.1592099667,1.158,4,0.408,-0.497
158,1.1593081951,1.158,4,0.406,-0.499
159,1.1594120264,1.159,4,0.403,-0.502
160,1.1596176624,1.159,4,0.397,-0.509
161,1.1598215103,1.159,4,0.391,-0.516
162,1.1600408554,1.159,4,0.383,-0.525
163,1.1602472067,1.159,4,0.375,-0.534
164,1.160464406,1.16,4,0.365,-0.546
165,1.1606731415,1.16,4,0.354,-0.559
166,1.1608768702,1.16,4,0.342,-0.574
167,1.1610826254,1.16,4,0.328,-0.591
168,1.161288023,1.16,4,0.32,-0.6
169,1.1614922285,1.161,4,0.288,-0.639
170,1.1616966724,1.161,4,0.224,-0.717
171,1.1618068218,1.161,4,0.152,-0.805
172,1.1618616581,1.161,4,0.07,-0.904
173,1.1618863344,1.161,4,-0.014,-1.004
174,1.1618974209,1.161,4,-0.093,-1.097
175,1.1619033813,1.161,4,-0.167,-1.187
176,1.161906004,1.161,4,-0.211,-1.24
177,1.1619061232,1.161,7,-0.213,-1.241
178,1.1619074345,1.161,7,-0.242,-1.276
179,1.1619114876,1.161,7,-0.332,-1.384
180,1.1619150639,1.161,7,-0.39,-1.452
181,1.1619231701,1.161,7,-0.413,-1.48
182,1.1619387865,1.161,7,-0.366,-1.425
183,1.1620849371,1.16,7,-0.376,-1.438
184,1.1621648073,1.159,7,-0.452,-1.528
185,1.1622262001,1.159,7,-0.53,-1.623
186,1.1622860432,1.158,7,-0.614,-1.724
187,1.1623381376,1.157,7,-0.695,-1.823
188,1.16238451,1.156,7,-0.775,-1.921
189,1.1624258757,1.155,7,-0.852,-2.019
190,1.1624624729,1.154,7,-0.929,-2.116
191,1.1624953747,1.152,7,-1.006,-2.214
192,1.1625248194,1.151,7,-1.07,-2.307
193,1.1625518799,1.149,7,-1.123,-2.399
194,1.1625766754,1.147,7,-1.192,-2.494
195,1.1626001596,1.145,7,-1.261,-2.588
196,1.1626226902,1.142,7,-1.329,-2.684
197,1.1626434326,1.139,7,-1.395,-2.778
198,1.162663579,1.135,7,-1.46,-2.872
199,1.1626842022,1.131,7,-1.522,-2.965
200,1.1627041101,1.125,7,-1.581,-3.059
201,1.1627206802,1.119,7,-1.638,-3.151
202,1.1627316475,1.115,7,-1.687,-3.23
203,1.1627397537,1.111,7,-1.732,-3.312
204,1.1627475023,1.106,7,-1.777,-3.396
205,1.162754178,1.101,7,-1.819,-3.477
206,1.1627603769,1.095,7,-1.861,-3.558
207,1.1627668142,1.088,7,-1.892,-3.642
208,1.162771821,1.082,7,-1.912,-3.703
209,1.1627730131,1.08,7,-1.917,-3.719
210,1.1627736092,1.079,7,-1.92,-3.729
211,1.1627745628,1.077,7,-1.923,-3.738
212,1.1627758741,1.076,7,-1.93,-3.764
213,1.1627759933,1.075,7,-1.931,-3.767
214,1.1627761126,1.075,7,-1.931,-3.771
215,1.1627762318,1.075,7,-1.932,-3.771
216,1.162776351,1.075,7,-1.932,-3.774
217,1.1627764702,1.075,7,-1.933,-3.777
218,1.1627765894,1.074,7,-1.934,-3.781
219,1.1627767086,1.074,7,-1.934,-3.782
220,1.1627770662,1.074,7,-1.94,-3.803
221,1.1627775431,1.073,7,-1.945,-3.83
222,1.1627779007,1.072,7,-1.947,-3.864
223,1.1627784967,1.071,7,-1.949,-3.913
224,1.1627790928,1.069,7,-1.949,-3.964
225,1.1627796888,1.067,7,-1.948,-4.008
226,1.1627806425,1.064,7,-1.945,-4.06
