,Mini,Mass,label,Vmag,Imag
0,0.0900000036,0.09,1,16.461,12.655
1,0.0935947075,0.094,1,15.933,12.266
2,0.1000000015,0.1,1,15.049,11.822
3,0.1199999973,0.12,1,13.636,11.067
4,0.1400000006,0.14,1,12.876,10.578
5,0.1599999964,0.16,1,12.367,10.215
6,0.2000000179,0.2,1,11.663,9.671
7,0.25,0.25,1,11.046,9.166
8,0.2858388126,0.286,1,10.692,8.869
9,0.3000000417,0.3,1,10.564,8.762
10,0.3424022198,0.342,1,10.201,8.434
11,0.3500000238,0.35,1,10.14,8.378
12,0.400000006,0.4,1,9.688,7.992
13,0.4499999881,0.45,1,9.078,7.549
14,0.4714547992,0.471,1,8.815,7.35
15,0.5,0.5,1,8.484,7.098
16,0.5500000715,0.55,1,7.798,6.613
17,0.6000000238,0.6,1,7.18,6.158
18,0.6499999762,0.65,1,6.638,5.738
19,0.6534050703,0.653,1,6.604,5.711
20,0.691650629,0.692,1,6.237,5.421
21,0.7000000477,0.7,1,6.161,5.36
22,0.7244048715,0.724,1,5.951,5.191
23,0.75,0.75,1,5.741,5.022
24,0.7807326913,0.781,1,5.501,4.82
25,0.8000000119,0.8,1,5.355,4.695
26,0.80850631,0.808,1,5.291,4.64
27,0.8475351334,0.847,1,5.003,4.39
28,0.8500000238,0.85,1,4.985,4.374
29,0.8810385466,0.88,1,4.759,4.178
30,0.8999999762,0.899,1,4.621,4.057
31,0.9120476246,0.912,1,4.534,3.982
32,0.9396879673,0.939,1,4.334,3.807
33,0.9499999881,0.95,1,4.26,3.741
34,0.975462079,0.975,1,4.073,3.58
35,0.9986684322,0.999,1,3.9,3.43
36,1.0,1.0,1,3.89,3.421
37,1.0198254585,1.02,1,3.741,3.293
38,1.0400737524,1.04,1,3.587,3.161
39,1.0499999523,1.05,1,3.511,3.095
40,1.0635706186,1.063,1,3.409,3.008
41,1.0802224874,1.08,1,3.28,2.898
42,1.0933955908,1.093,1,3.168,2.801
43,1.1000000238,1.099,1,3.11,2.75
44,1.1058208942,1.105,1,3.069,2.712
45,1.1162228584,1.116,1,2.997,2.641
46,1.1189879179,1.118,1,2.979,2.622
47,1.1293436289,1.129,1,2.881,2.532
48,1.133887291,1.133,1,2.814,2.482
49,1.1354898214,1.135,1,2.766,2.446
50,1.1355794668,1.135,1,2.762,2.444
51,1.1402215958,1.139,2,2.707,2.381
52,1.1485010386,1.148,2,2.624,2.29
53,1.1499999762,1.149,2,2.61,2.274
54,1.1530460119,1.152,2,2.579,2.237
55,1.1599184275,1.159,2,2.505,2.145
56,1.1645896435,1.164,2,2.453,2.073
57,1.1688615084,1.168,2,2.406,1.998
58,1.1720427275,1.171,2,2.372,1.937
59,1.1747364998,1.174,2,2.344,1.881
60,1.1773322821,1.177,2,2.322,1.825
61,1.1797631979,1.179,2,2.312,1.776
62,1.1821060181,1.182,2,2.319,1.738
63,1.184352994,1.184,2,2.35,1.72
64,1.186517477,1.186,2,2.4,1.722
65,1.1890773773,1.189,2,2.446,1.716
66,1.1921186447,1.192,2,2.45,1.668
67,1.1923696995,1.192,2,2.438,1.655
68,1.1941714287,1.194,3,2.345,1.547
69,1.1956732273,1.195,3,2.254,1.448
70,1.1971994638,1.197,3,2.152,1.337
71,1.1986087561,1.198,3,2.048,1.227
72,1.1999167204,1.199,3,1.944,1.117
73,1.2000000477,1.2,3,1.937,1.109
74,1.2012785673,1.201,3,1.834,1.0
75,1.2025257349,1.202,3,1.726,0.885
76,1.203622818,1.203,3,1.623,0.775
77,1.2046786547,1.204,3,1.515,0.661
78,1.2056406736,1.205,3,1.409,0.548
79,1.206510663,1.206,3,1.304,0.437
80,1.2073054314,1.207,3,1.201,0.327
81,1.2080569267,1.208,3,1.096,0.214
82,1.2087357044,1.208,3,0.994,0.103
83,1.2093695402,1.209,3,0.891,-0.008
84,1.2099347115,1.209,3,0.792,-0.115
85,1.2104638815,1.21,3,0.692,-0.223
86,1.2109538317,1.211,3,0.593,-0.331
87,1.2114191055,1.211,3,0.493,-0.441
88,1.211838603,1.211,3,0.397,-0.546
89,1.2122436762,1.212,3,0.301,-0.652
90,1.2126376629,1.212,3,0.208,-0.755
91,1.2130953074,1.213,3,0.121,-0.851
92,1.2132662535,1.213,3,0.101,-0.872
93,1.2135519981,1.213,3,0.152,-0.815
94,1.2137613297,1.213,3,0.231,-0.726
95,1.2138097286,1.213,3,0.22,-0.738
96,1.2141208649,1.214,3,0.123,-0.845
97,1.2144271135,1.214,3,0.03,-0.948
98,1.2147264481,1.214,3,-0.064,-1.053
99,1.2149994373,1.215,3,-0.157,-1.156
100,1.2152574062,1.215,3,-0.249,-1.259
101,1.2154914141,1.215,3,-0.338,-1.36
102,1.2157124281,1.215,3,-0.428,-1.462
103,1.2159153223,1.215,3,-0.517,-1.563
104,1.216100812,1.216,3,-0.604,-1.663
105,1.2162733078,1.216,3,-0.69,-1.762
106,1.2164344788,1.216,3,-0.775,-1.86
107,1.2165826559,1.216,3,-0.859,-1.958
108,1.2167190313,1.216,3,-0.941,-2.054
109,1.2168500423,1.216,3,-1.025,-2.152
110,1.2169687748,1.217,3,-1.106,-2.247
111,1.2170815468,1.217,3,-1.183,-2.341
112,1.2171837091,1.217,3,-1.258,-2.433
113,1.2172808647,1.217,3,-1.332,-2.525
114,1.2173711061,1.217,3,-1.406,-2.617
115,1.2174555063,1.217,3,-1.478,-2.708
116,1.2175364494,1.217,3,-1.55,-2.801
117,1.2176276445,1.217,3,-1.635,-2.911
118,1.2177119255,1.217,3,-1.72,-3.022
119,1.2177755833,1.217,3,-1.788,-3.111
120,1.2178490162,1.217,3,-1.866,-3.218
121,1.2179162502,1.218,3,-1.941,-3.324
122,1.2179790735,1.218,3,-2.013,-3.43
123,1.2180277109,1.218,3,-2.072,-3.517
124,1.218082428,1.218,3,-2.139,-3.619
125,1.2181340456,1.218,3,-2.206,-3.722
126,1.218182683,1.218,3,-2.272,-3.825
127,1.2182284594,1.218,3,-2.337,-3.927
128,1.2182710171,1.218,3,-2.394,-4.026
129,1.2182959318,1.218,3,-2.426,-4.079
130,1.2182959318,1.218,4,0.334,-0.516
131,1.2186049223,1.218,4,0.31,-0.545
132,1.2188894749,1.218,4,0.298,-0.558
133,1.219181776,1.219,4,0.29,-0.566
134,1.2194696665,1.219,4,0.284,-0.572
135,1.2197686434,1.219,4,0.279,-0.576
136,1.2200644016,1.22,4,0.274,-0.58
137,1.2203588486,1.22,4,0.269,-0.583
138,1.2206805944,1.22,4,0.264,-0.587
139,1.2210025787,1.221,4,0.259,-0.591
140,1.2213022709,1.221,4,0.253,-0.595
141,1.2216153145,1.221,4,0.248,-0.6
142,1.2219246626,1.222,4,0.242,-0.604
143,1.2222206593,1.222,4,0.237,-0.609
144,1.2225260735,1.222,4,0.231,-0.614
145,1.2228380442,1.222,4,0.225,-0.619
146,1.2229321003,1.223,4,0.224,-0.62
147,1.2230761051,1.223,4,0.221,-0.622
148,1.2233957052,1.223,4,0.215,-0.628
149,1.2237019539,1.223,4,0.209,-0.633
150,1.2240214348,1.224,4,0.203,-0.638
151,1.2243413925,1.224,4,0.197,-0.644
152,1.2246593237,1.224,4,0.191,-0.65
153,1.2249836922,1.225,4,0.185,-0.656
154,1.2252053022,1.225,4,0.18,-0.661
155,1.225292325,1.225,4,0.179,-0.663
156,1.2256042957,1.225,4,0.172,-0.67
157,1.2259100676,1.226,4,0.165,-0.677
158,1.2262306213,1.226,4,0.158,-0.685
159,1.2265536785,1.226,4,0.15,-0.695
160,1.2268600464,1.226,4,0.141,-0.705
161,1.227173686,1.227,4,0.131,-0.717
162,1.2274856567,1.227,4,0.121,-0.73
163,1.2277947664,1.227,4,0.109,-0.744
164,1.2281045914,1.228,4,0.107,-0.745
165,1.228431344,1.228,4,0.087,-0.772
166,1.2287403345,1.228,4,0.044,-0.826
167,1.2289983034,1.229,4,-0.033,-0.922
168,1.2291035652,1.229,4,-0.115,-1.021
169,1.2291427851,1.229,4,-0.197,-1.12
170,1.2291588783,1.229,4,-0.278,-1.216
171,1.2291669846,1.229,7,-0.357,-1.31
172,1.2291696072,1.229,7,-0.394,-1.352
173,1.2291749716,1.229,7,-0.477,-1.449
174,1.2291805744,1.229,7,-0.549,-1.533
175,1.2291958332,1.229,7,-0.563,-1.549
176,1.2292237282,1.228,7,-0.491,-1.465
177,1.2294272184,1.228,7,-0.547,-1.531
178,1.2295330763,1.227,7,-0.651,-1.652
179,1.2295978069,1.227,7,-0.731,-1.747
180,1.2296619415,1.226,7,-0.808,-1.837
181,1.229732275,1.226,7,-0.892,-1.937
182,1.2297962904,1.225,7,-0.978,-2.038
183,1.2298544645,1.224,7,-1.062,-2.137
184,1.2299078703,1.223,7,-1.145,-2.237
185,1.2299557924,1.222,7,-1.221,-2.335
186,1.2299993038,1.22,7,-1.285,-2.431
187,1.2300378084,1.219,7,-1.362,-2.528
188,1.2300733328,1.217,7,-1.437,-2.624
189,1.2301067114,1.215,7,-1.513,-2.72
190,1.2301384211,1.212,7,-1.588,-2.816
191,1.2301677465,1.21,7,-1.661,-2.911
192,1.2301950455,1.206,7,-1.731,-3.004
193,1.2302225828,1.202,7,-1.801,-3.098
194,1.2302502394,1.197,7,-1.869,-3.191
195,1.2302780151,1.191,7,-1.931,-3.282
196,1.2303036451,1.184,7,-1.991,-3.375
197,1.2303227186,1.178,7,-2.051,-3.468
198,1.2303355932,1.172,7,-2.107,-3.555
199,1.230348587,1.166,7,-2.16,-3.644
200,1.2303583622,1.16,7,-2.21,-3.726
201,1.230368495,1.152,7,-2.261,-3.813
202,1.2303801775,1.141,7,-2.313,-3.909
203,1.2303822041,1.139,7,-2.305,-3.895
204,1.2303830385,1.138,7,-2.297,-3.882
205,1.2303836346,1.137,7,-2.319,-3.922
206,1.2303843498,1.136,7,-2.338,-3.958
207,1.2303850651,1.136,7,-2.357,-3.993
208,1.2303860188,1.134,7,-2.374,-4.029
209,1.2303875685,1.132,7,-2.398,-4.083
210,1.2303897142,1.128,7,-2.436,-4.172
211,1.2303925753,1.12,7,-2.469,-4.269
