,Mini,Mass,label,Vmag,Imag
0,0.0900000036,0.09,1,16.393,12.6
1,0.0905865729,0.091,1,16.304,12.524
2,0.1000000015,0.1,1,14.962,11.794
3,0.1199999973,0.12,1,13.573,11.044
4,0.1287659109,0.129,1,13.221,10.821
5,0.1400000006,0.14,1,12.824,10.557
6,0.1457231343,0.146,1,12.67,10.449
7,0.1599999964,0.16,1,12.323,10.195
8,0.2000000179,0.2,1,11.623,9.652
9,0.2168278843,0.217,1,11.397,9.468
10,0.25,0.25,1,11.007,9.146
11,0.3000000417,0.3,1,10.526,8.74
12,0.349999994,0.35,1,10.111,8.359
13,0.3855472803,0.385,1,9.788,8.081
14,0.400000006,0.4,1,9.645,7.974
15,0.4074064195,0.407,1,9.546,7.903
16,0.4500000477,0.45,1,9.049,7.534
17,0.5,0.5,1,8.45,7.081
18,0.5500000715,0.55,1,7.763,6.593
19,0.6000000238,0.6,1,7.15,6.138
20,0.637601018,0.638,1,6.736,5.817
21,0.6499999762,0.65,1,6.609,5.717
22,0.6729823351,0.673,1,6.381,5.537
23,0.6999999881,0.7,1,6.131,5.337
24,0.7050817013,0.705,1,6.087,5.302
25,0.7392429113,0.739,1,5.797,5.067
26,0.75,0.75,1,5.709,4.996
27,0.7598464489,0.76,1,5.63,4.929
28,0.7927250266,0.793,1,5.374,4.712
29,0.8000000119,0.8,1,5.318,4.664
30,0.8252384067,0.825,1,5.126,4.498
31,0.8500000238,0.85,1,4.94,4.335
32,0.8581188917,0.858,1,4.879,4.283
33,0.8884559274,0.888,1,4.653,4.085
34,0.8999999762,0.899,1,4.566,4.008
35,0.915533483,0.915,1,4.45,3.907
36,0.9383801818,0.938,1,4.278,3.757
37,0.9499999881,0.95,1,4.19,3.679
38,0.9504733086,0.95,1,4.186,3.676
39,0.9731413126,0.973,1,4.011,3.524
40,0.9932433963,0.993,1,3.852,3.386
41,1.0,1.0,1,3.798,3.338
42,1.0139813423,1.014,1,3.686,3.243
43,1.032304287,1.032,1,3.539,3.115
44,1.0490627289,1.049,1,3.402,2.996
45,1.0499999523,1.05,1,3.395,2.989
46,1.0532437563,1.053,1,3.369,2.967
47,1.0657451153,1.065,1,3.261,2.873
48,1.0773210526,1.077,1,3.156,2.78
49,1.0868059397,1.086,1,3.066,2.7
50,1.0893262625,1.089,1,3.042,2.677
51,1.0944170952,1.094,1,2.987,2.625
52,1.1000000238,1.099,1,2.927,2.567
53,1.1034830809,1.103,1,2.896,2.535
54,1.1103417873,1.11,1,2.822,2.465
55,1.1127579212,1.112,1,2.782,2.43
56,1.1128931046,1.112,1,2.779,2.427
57,1.1168856621,1.116,1,2.728,2.37
58,1.1239218712,1.123,2,2.645,2.276
59,1.1318911314,1.131,2,2.549,2.158
60,1.1374156475,1.137,2,2.478,2.057
61,1.141446352,1.141,2,2.427,1.967
62,1.1438429356,1.143,2,2.399,1.907
63,1.1457202435,1.145,2,2.38,1.858
64,1.1471581459,1.146,2,2.372,1.821
65,1.1487159729,1.148,2,2.376,1.789
66,1.1499999762,1.149,2,2.387,1.768
67,1.1503008604,1.15,2,2.39,1.764
68,1.1536750793,1.153,2,2.487,1.778
69,1.1576812267,1.157,2,2.479,1.697
70,1.157905817,1.157,2,2.467,1.683
71,1.1595170498,1.159,3,2.369,1.572
72,1.1608601809,1.16,3,2.276,1.469
73,1.1622252464,1.162,3,2.17,1.355
74,1.1634857655,1.163,3,2.063,1.241
75,1.1646559238,1.164,3,1.956,1.128
76,1.1657932997,1.165,3,1.845,1.01
77,1.1668342352,1.166,3,1.735,0.894
78,1.167753458,1.167,3,1.631,0.784
79,1.1686410904,1.168,3,1.523,0.668
80,1.1694526672,1.169,3,1.415,0.554
81,1.1701886654,1.17,3,1.31,0.441
82,1.1708627939,1.17,3,1.205,0.33
83,1.1715018749,1.171,3,1.098,0.215
84,1.1720802784,1.171,3,0.993,0.103
85,1.1726216078,1.172,3,0.889,-0.011
86,1.1731053591,1.173,3,0.788,-0.12
87,1.1735589504,1.173,3,0.686,-0.231
88,1.1739795208,1.173,3,0.584,-0.342
89,1.1743795872,1.174,3,0.48,-0.455
90,1.1747409105,1.174,3,0.381,-0.565
91,1.1750901937,1.174,3,0.281,-0.674
92,1.1754302979,1.175,3,0.185,-0.781
93,1.1758259535,1.175,3,0.093,-0.882
94,1.1759738922,1.175,3,0.069,-0.908
95,1.1760821342,1.175,3,0.087,-0.888
96,1.1762959957,1.176,3,0.163,-0.802
97,1.1763868332,1.176,3,0.204,-0.756
98,1.1764291525,1.176,3,0.19,-0.772
99,1.1766883135,1.176,3,0.093,-0.879
100,1.176949501,1.176,3,-0.004,-0.986
101,1.1771897078,1.177,3,-0.097,-1.09
102,1.1774148941,1.177,3,-0.19,-1.194
103,1.1776241064,1.177,3,-0.281,-1.296
104,1.1778204441,1.177,3,-0.372,-1.399
105,1.1779983044,1.177,3,-0.461,-1.5
106,1.1781651974,1.178,3,-0.55,-1.602
107,1.1783159971,1.178,3,-0.637,-1.7
108,1.1784570217,1.178,3,-0.722,-1.799
109,1.1785875559,1.178,3,-0.806,-1.896
110,1.1787085533,1.178,3,-0.889,-1.993
111,1.1788226366,1.178,3,-0.973,-2.091
112,1.1789261103,1.178,3,-1.053,-2.186
113,1.1790251732,1.178,3,-1.134,-2.281
114,1.179115057,1.179,3,-1.208,-2.372
115,1.1792012453,1.179,3,-1.285,-2.466
116,1.1792793274,1.179,3,-1.357,-2.556
117,1.1793529987,1.179,3,-1.43,-2.647
118,1.179422617,1.179,3,-1.502,-2.738
119,1.1795021296,1.179,3,-1.587,-2.848
120,1.1795624495,1.179,3,-1.655,-2.937
121,1.1796317101,1.179,3,-1.739,-3.047
122,1.1796950102,1.179,3,-1.819,-3.154
123,1.1797540188,1.179,3,-1.895,-3.26
124,1.1797989607,1.179,3,-1.955,-3.345
125,1.1798496246,1.179,3,-2.025,-3.447
126,1.1798968315,1.179,3,-2.092,-3.549
127,1.1799339056,1.179,3,-2.147,-3.632
128,1.1799765825,1.179,3,-2.214,-3.734
129,1.1800156832,1.179,3,-2.277,-3.833
130,1.1800529957,1.179,3,-2.339,-3.932
131,1.1800880432,1.179,3,-2.395,-4.027
132,1.1801067591,1.18,3,-2.423,-4.075
133,1.1801067591,1.18,4,0.342,-0.505
134,1.1803761721,1.18,4,0.317,-0.534
135,1.1806160212,1.18,4,0.306,-0.547
136,1.1808567047,1.18,4,0.298,-0.555
137,1.181104064,1.181,4,0.292,-0.561
138,1.1813495159,1.181,4,0.288,-0.564
139,1.1815954447,1.181,4,0.283,-0.568
140,1.1818617582,1.181,4,0.278,-0.571
141,1.1821055412,1.182,4,0.274,-0.574
142,1.1823630333,1.182,4,0.269,-0.578
143,1.1826184988,1.182,4,0.264,-0.581
144,1.1828680038,1.182,4,0.259,-0.585
145,1.1831233501,1.183,4,0.254,-0.59
146,1.1833680868,1.183,4,0.249,-0.594
147,1.1836282015,1.183,4,0.243,-0.598
148,1.1838872433,1.183,4,0.238,-0.603
149,1.1839746237,1.183,4,0.236,-0.604
150,1.1842000484,1.184,4,0.231,-0.608
151,1.1844569445,1.184,4,0.226,-0.613
152,1.1847370863,1.184,4,0.22,-0.618
153,1.1850110292,1.184,4,0.214,-0.624
154,1.1852773428,1.185,4,0.208,-0.629
155,1.1855527163,1.185,4,0.202,-0.635
156,1.1858329773,1.185,4,0.196,-0.642
157,1.1858850718,1.185,4,0.194,-0.643
158,1.1861314774,1.186,4,0.189,-0.649
159,1.1863861084,1.186,4,0.182,-0.656
160,1.1866505146,1.186,4,0.175,-0.664
161,1.1868993044,1.186,4,0.168,-0.673
162,1.1871522665,1.187,4,0.16,-0.682
163,1.1874012947,1.187,4,0.151,-0.692
164,1.1876541376,1.187,4,0.142,-0.704
165,1.1879079342,1.187,4,0.131,-0.717
166,1.1881594658,1.188,4,0.121,-0.729
167,1.1884073019,1.188,4,0.114,-0.737
168,1.1886577606,1.188,4,0.092,-0.766
169,1.188906908,1.188,4,0.043,-0.827
170,1.18909657,1.189,4,-0.032,-0.921
171,1.1891770363,1.189,4,-0.112,-1.017
172,1.1892068386,1.189,4,-0.186,-1.107
173,1.1892199516,1.189,4,-0.263,-1.199
174,1.1892268658,1.189,4,-0.337,-1.285
175,1.189227581,1.189,7,-0.346,-1.296
176,1.1892297268,1.189,7,-0.382,-1.338
177,1.1892342567,1.189,7,-0.468,-1.438
178,1.1892390251,1.188,7,-0.55,-1.534
179,1.1892518997,1.188,7,-0.566,-1.552
180,1.1892752647,1.188,7,-0.489,-1.462
181,1.1894464493,1.187,7,-0.54,-1.522
182,1.1895353794,1.187,7,-0.64,-1.639
183,1.1895897388,1.186,7,-0.726,-1.74
184,1.1896437407,1.186,7,-0.803,-1.831
185,1.1897028685,1.185,7,-0.889,-1.932
186,1.1897567511,1.184,7,-0.974,-2.033
187,1.1898057461,1.183,7,-1.058,-2.133
188,1.1898505688,1.182,7,-1.141,-2.233
189,1.1898908615,1.18,7,-1.222,-2.332
190,1.1899274588,1.179,7,-1.284,-2.429
191,1.1899598837,1.177,7,-1.36,-2.526
192,1.1899898052,1.175,7,-1.436,-2.622
193,1.1900178194,1.173,7,-1.512,-2.719
194,1.1900445223,1.17,7,-1.587,-2.815
195,1.1900690794,1.167,7,-1.66,-2.911
196,1.1900919676,1.163,7,-1.73,-3.004
197,1.1901152134,1.159,7,-1.799,-3.097
198,1.1901384592,1.153,7,-1.866,-3.189
199,1.1901618242,1.146,7,-1.927,-3.28
200,1.1901834011,1.138,7,-1.988,-3.376
201,1.1901993752,1.13,7,-2.053,-3.477
202,1.1902102232,1.124,7,-2.11,-3.567
203,1.1902211905,1.116,7,-2.162,-3.655
204,1.1902294159,1.109,7,-2.213,-3.741
205,1.1902378798,1.099,7,-2.263,-3.827
206,1.1902477741,1.086,7,-2.315,-3.931
207,1.1902494431,1.083,7,-2.304,-3.912
208,1.1902501583,1.082,7,-2.291,-3.893
209,1.1902506351,1.081,7,-2.328,-3.961
210,1.1902512312,1.08,7,-2.359,-4.026
211,1.1902518272,1.078,7,-2.391,-4.094
212,1.1902526617,1.076,7,-2.416,-4.152
213,1.190253973,1.072,7,-2.444,-4.235
214,1.1902557611,1.066,7,-2.466,-4.31
215,1.1902581453,1.055,7,-2.477,-4.361
