,Mini,Mass,label,Vmag,Imag
0,0.0900000036,0.09,1,16.89,12.924
1,0.0989617482,0.099,1,15.72,12.101
2,0.0996596217,0.1,1,15.631,12.051
3,0.118978858,0.119,1,14.168,11.272
4,0.1382980943,0.138,1,13.337,10.774
5,0.1576173306,0.157,1,12.776,10.401
6,0.1729387641,0.173,1,12.45,10.166
7,0.1962558329,0.196,1,12.014,9.845
8,0.2445539236,0.244,1,11.358,9.328
9,0.2928520441,0.292,1,10.857,8.916
10,0.341150105,0.341,1,10.425,8.549
11,0.3894482255,0.389,1,9.972,8.173
12,0.437746346,0.437,1,9.488,7.757
13,0.4860444069,0.485,1,8.839,7.315
14,0.5343425274,0.534,1,8.218,6.866
15,0.5480583906,0.547,1,8.029,6.734
16,0.5826405883,0.582,1,7.572,6.41
17,0.6309386492,0.63,1,6.976,5.972
18,0.6630225182,0.663,1,6.624,5.703
19,0.6792368293,0.679,1,6.458,5.573
20,0.689314127,0.689,1,6.358,5.494
21,0.7158942819,0.715,1,6.107,5.295
22,0.7282481194,0.728,1,5.995,5.205
23,0.7401271462,0.74,1,5.892,5.122
24,0.7624546885,0.762,1,5.703,4.967
25,0.7772594094,0.777,1,5.581,4.866
26,0.7942538857,0.794,1,5.443,4.749
27,0.8158662319,0.815,1,5.272,4.603
28,0.8262706995,0.825,1,5.19,4.532
29,0.8422284722,0.841,1,5.065,4.424
30,0.8630273342,0.862,1,4.904,4.283
31,0.87528193,0.874,1,4.809,4.199
32,0.8797878623,0.879,1,4.774,4.168
33,0.8953613043,0.894,1,4.652,4.06
34,0.9092923403,0.908,1,4.543,3.963
35,0.9228161573,0.922,1,4.436,3.867
36,0.9242932796,0.923,1,4.424,3.856
37,0.9464430213,0.945,1,4.245,3.697
38,0.9673817754,0.966,1,4.072,3.541
39,0.9733045101,0.972,1,4.022,3.496
40,0.9759184122,0.975,1,4.001,3.477
41,0.9910335541,0.99,1,3.874,3.362
42,1.0053060055,1.004,1,3.754,3.253
43,1.0188382864,1.018,1,3.639,3.147
44,1.0223157406,1.021,1,3.608,3.118
45,1.0301277637,1.029,1,3.538,3.053
46,1.0393449068,1.038,1,3.452,2.972
47,1.0505256653,1.049,1,3.342,2.869
48,1.0513011217,1.05,1,3.335,2.862
49,1.0605108738,1.059,1,3.237,2.766
50,1.0673264265,1.066,1,3.161,2.689
51,1.0713270903,1.07,1,3.115,2.643
52,1.0749217272,1.074,1,3.069,2.594
53,1.0769952536,1.076,2,3.043,2.566
54,1.0816698074,1.08,2,2.986,2.502
55,1.0876280069,1.086,2,2.912,2.417
56,1.0923948288,1.091,2,2.852,2.345
57,1.0977600813,1.096,2,2.784,2.254
58,1.1026245356,1.101,2,2.728,2.165
59,1.106086731,1.105,2,2.702,2.105
60,1.1085745096,1.107,2,2.701,2.071
61,1.1104129553,1.109,2,2.716,2.055
62,1.1118545532,1.11,2,2.738,2.049
63,1.1130753756,1.112,2,2.77,2.054
64,1.1139893532,1.113,2,2.802,2.063
65,1.1149053574,1.114,2,2.825,2.063
66,1.1162959337,1.115,2,2.815,2.025
67,1.1175580025,1.116,2,2.765,1.958
68,1.1180981398,1.117,2,2.733,1.92
69,1.1187441349,1.117,3,2.688,1.869
70,1.1200402975,1.119,3,2.586,1.756
71,1.1203383207,1.119,3,2.561,1.729
72,1.1213415861,1.12,3,2.471,1.632
73,1.1224427223,1.121,3,2.365,1.519
74,1.1234550476,1.122,3,2.259,1.406
75,1.1244674921,1.123,3,2.146,1.286
76,1.1253896952,1.124,3,2.034,1.168
77,1.1261759996,1.125,3,1.932,1.059
78,1.1269470453,1.126,3,1.823,0.944
79,1.1276527643,1.126,3,1.716,0.831
80,1.1283031702,1.127,3,1.61,0.717
81,1.1288928986,1.128,3,1.506,0.606
82,1.1294521093,1.128,3,1.399,0.491
83,1.1299319267,1.129,3,1.3,0.384
84,1.1303886175,1.129,3,1.199,0.274
85,1.1307992935,1.129,3,1.1,0.167
86,1.1311670542,1.13,3,1.006,0.065
87,1.1315187216,1.13,3,0.91,-0.04
88,1.1318414211,1.131,3,0.816,-0.142
89,1.1321412325,1.131,3,0.723,-0.244
90,1.1324156523,1.131,3,0.633,-0.344
91,1.1326696873,1.131,3,0.545,-0.441
92,1.1329154968,1.132,3,0.458,-0.537
93,1.1331511736,1.132,3,0.379,-0.625
94,1.133493185,1.132,3,0.299,-0.714
95,1.1336580515,1.132,3,0.346,-0.66
96,1.1338145733,1.132,3,0.422,-0.573
97,1.1338557005,1.133,3,0.446,-0.546
98,1.134024024,1.133,3,0.372,-0.629
99,1.1342409849,1.133,3,0.277,-0.735
100,1.1344442368,1.133,3,0.185,-0.838
101,1.1346378326,1.133,3,0.093,-0.942
102,1.1348180771,1.133,3,0.002,-1.045
103,1.1349829435,1.134,3,-0.088,-1.146
104,1.1351380348,1.134,3,-0.178,-1.248
105,1.1352806091,1.134,3,-0.265,-1.349
106,1.1354094744,1.134,3,-0.349,-1.447
107,1.1355326176,1.134,3,-0.435,-1.547
108,1.1356440783,1.134,3,-0.519,-1.644
109,1.1357494593,1.134,3,-0.602,-1.742
110,1.1358442307,1.135,3,-0.68,-1.835
111,1.1359339952,1.135,3,-0.758,-1.93
112,1.1360150576,1.135,3,-0.834,-2.022
113,1.1360909939,1.135,3,-0.91,-2.115
114,1.136162281,1.135,3,-0.984,-2.206
115,1.1362272501,1.135,3,-1.054,-2.295
116,1.1362893581,1.135,3,-1.124,-2.385
117,1.1363458633,1.135,3,-1.192,-2.473
118,1.1363989115,1.135,3,-1.259,-2.56
119,1.136449337,1.135,3,-1.326,-2.648
120,1.1364952326,1.135,3,-1.387,-2.732
121,1.1365389824,1.135,3,-1.449,-2.816
122,1.1365892887,1.135,3,-1.526,-2.921
123,1.1366355419,1.135,3,-1.599,-3.022
124,1.1366707087,1.135,3,-1.654,-3.104
125,1.1367034912,1.135,3,-1.707,-3.185
126,1.1367406845,1.135,3,-1.772,-3.282
127,1.1367756128,1.135,3,-1.833,-3.378
128,1.1368029118,1.135,3,-1.882,-3.457
129,1.1368330717,1.136,3,-1.938,-3.55
130,1.1368615627,1.136,3,-1.993,-3.643
131,1.136887908,1.136,3,-2.044,-3.733
132,1.1369128227,1.136,3,-2.09,-3.822
133,1.1369359493,1.136,3,-2.129,-3.908
134,1.136957407,1.136,3,-2.163,-3.99
135,1.1369738579,1.136,3,-2.187,-4.049
136,1.1369738579,1.136,4,0.453,-0.437
137,1.1371577978,1.136,4,0.428,-0.466
138,1.1373518705,1.136,4,0.416,-0.48
139,1.1375479698,1.136,4,0.409,-0.487
140,1.1377420425,1.137,4,0.405,-0.49
141,1.1379457712,1.137,4,0.402,-0.491
142,1.1381436586,1.137,4,0.4,-0.492
143,1.1383423805,1.137,4,0.397,-0.494
144,1.1385402679,1.137,4,0.394,-0.495
145,1.1387244463,1.138,4,0.391,-0.496
146,1.1389226913,1.138,4,0.388,-0.498
147,1.139129281,1.138,4,0.384,-0.501
148,1.1393228769,1.138,4,0.381,-0.503
149,1.1395289898,1.138,4,0.377,-0.506
150,1.1397333145,1.139,4,0.373,-0.509
151,1.1397507191,1.139,4,0.373,-0.509
152,1.1399416924,1.139,4,0.369,-0.512
153,1.1401453018,1.139,4,0.365,-0.516
154,1.1403436661,1.139,4,0.361,-0.52
155,1.1405332088,1.139,4,0.356,-0.523
156,1.140734911,1.14,4,0.352,-0.528
157,1.140925169,1.14,4,0.347,-0.533
158,1.1411126852,1.14,4,0.342,-0.538
159,1.1411321163,1.14,4,0.341,-0.538
160,1.141305089,1.14,4,0.336,-0.544
161,1.1414948702,1.14,4,0.33,-0.55
162,1.1416789293,1.141,4,0.324,-0.558
163,1.1418659687,1.141,4,0.316,-0.566
164,1.142052412,1.141,4,0.308,-0.576
165,1.1422352791,1.141,4,0.299,-0.586
166,1.1424185038,1.141,4,0.289,-0.598
167,1.142603159,1.142,4,0.278,-0.612
168,1.1427881718,1.142,4,0.266,-0.626
169,1.1429748535,1.142,4,0.258,-0.636
170,1.1431686878,1.142,4,0.231,-0.669
171,1.1433544159,1.142,4,0.174,-0.74
172,1.1434754133,1.142,4,0.1,-0.831
173,1.1435316801,1.142,4,0.017,-0.931
174,1.1435550451,1.142,4,-0.062,-1.025
175,1.1435656548,1.143,4,-0.138,-1.116
176,1.1435712576,1.143,4,-0.211,-1.203
177,1.1435738802,1.142,7,-0.257,-1.257
178,1.1435757875,1.142,7,-0.304,-1.312
179,1.143579483,1.142,7,-0.391,-1.416
180,1.1435848475,1.142,7,-0.461,-1.499
181,1.1436100006,1.142,7,-0.399,-1.424
182,1.143763423,1.141,7,-0.448,-1.483
183,1.1438323259,1.14,7,-0.546,-1.6
184,1.1438947916,1.14,7,-0.649,-1.723
185,1.1439468861,1.139,7,-0.737,-1.83
186,1.143992424,1.138,7,-0.824,-1.935
187,1.1440323591,1.136,7,-0.91,-2.039
188,1.1440671682,1.135,7,-0.991,-2.138
189,1.1440979242,1.134,7,-1.063,-2.234
190,1.1441254616,1.132,7,-1.129,-2.329
191,1.1441503763,1.13,7,-1.2,-2.424
192,1.1441679001,1.129,7,-1.241,-2.493
193,1.1441893578,1.126,7,-1.312,-2.586
194,1.1442095041,1.124,7,-1.381,-2.679
195,1.144228816,1.121,7,-1.45,-2.773
196,1.1442470551,1.117,7,-1.515,-2.864
197,1.1442638636,1.113,7,-1.575,-2.95
198,1.1442810297,1.108,7,-1.635,-3.037
199,1.144298315,1.101,7,-1.691,-3.125
200,1.1443141699,1.094,7,-1.747,-3.217
201,1.1443258524,1.088,7,-1.806,-3.314
202,1.1443333626,1.082,7,-1.857,-3.399
203,1.1443402767,1.077,7,-1.902,-3.479
204,1.1443465948,1.07,7,-1.946,-3.56
205,1.1443525553,1.063,7,-1.988,-3.644
206,1.1443582773,1.054,7,-2.029,-3.728
207,1.1443632841,1.045,7,-2.058,-3.812
208,1.1443648338,1.041,7,-2.061,-3.829
209,1.1443650723,1.041,7,-2.051,-3.796
210,1.1443651915,1.041,7,-1.998,-3.682
211,1.1443653107,1.04,7,-2.047,-3.791
212,1.1443654299,1.04,7,-2.037,-3.764
213,1.1443656683,1.04,7,-2.048,-3.791
214,1.1443657875,1.039,7,-2.062,-3.832
215,1.1443660259,1.039,7,-2.076,-3.875
216,1.1443665028,1.038,7,-2.091,-3.924
217,1.1443668604,1.037,7,-2.105,-3.973
218,1.1443674564,1.035,7,-2.116,-4.025
219,1.1443681717,1.032,7,-2.12,-4.084
220,1.1443692446,1.026,7,-2.118,-4.153
221,1.1443710327,1.017,7,-2.109,-4.222
