,Mini,Mass,label,Vmag,Imag
0,0.0900000036,0.09,1,17.149,13.073
1,0.0951431394,0.095,1,16.667,12.73
2,0.099999994,0.1,1,16.089,12.327
3,0.1199999899,0.12,1,14.621,11.426
4,0.1399999857,0.14,1,13.725,10.906
5,0.1599999964,0.16,1,13.118,10.519
6,0.1999999881,0.2,1,12.287,9.94
7,0.25,0.25,1,11.59,9.411
8,0.3000000119,0.3,1,11.071,8.995
9,0.3242564201,0.324,1,10.834,8.797
10,0.3499999642,0.35,1,10.597,8.597
11,0.3999999762,0.4,1,10.105,8.208
12,0.4496077299,0.449,1,9.59,7.781
13,0.4499999881,0.45,1,9.586,7.777
14,0.4999999404,0.5,1,8.932,7.317
15,0.5353115201,0.535,1,8.458,6.99
16,0.5500000119,0.55,1,8.28,6.863
17,0.551660955,0.551,1,8.258,6.848
18,0.5999999046,0.6,1,7.635,6.416
19,0.6239290237,0.624,1,7.329,6.199
20,0.6499999166,0.65,1,7.015,5.972
21,0.6920186281,0.692,1,6.564,5.632
22,0.6999999285,0.7,1,6.485,5.57
23,0.7188418508,0.719,1,6.305,5.43
24,0.7485320568,0.749,1,6.037,5.22
25,0.7776053548,0.777,1,5.797,5.025
26,0.7970641851,0.797,1,5.642,4.898
27,0.8051835895,0.805,1,5.58,4.846
28,0.8373560309,0.837,1,5.336,4.642
29,0.8455961943,0.845,1,5.275,4.591
30,0.8570118546,0.856,1,5.193,4.52
31,0.8811079264,0.88,1,5.019,4.371
32,0.8941283226,0.893,1,4.927,4.291
33,0.9017459154,0.901,1,4.874,4.244
34,0.9194296598,0.919,1,4.749,4.135
35,0.9363036752,0.936,1,4.63,4.03
36,0.9426603317,0.942,1,4.586,3.991
37,0.9597869515,0.959,1,4.466,3.885
38,0.9761990309,0.976,1,4.351,3.783
39,0.9908575416,0.991,1,4.248,3.691
40,0.9911924601,0.991,1,4.245,3.689
41,1.0048745871,1.005,1,4.149,3.603
42,1.0295966864,1.029,1,3.974,3.447
43,1.0397244692,1.039,1,3.902,3.382
44,1.0456172228,1.045,1,3.86,3.345
45,1.0583769083,1.058,1,3.771,3.264
46,1.0703769922,1.07,1,3.687,3.189
47,1.0882565975,1.087,1,3.564,3.076
48,1.1019294262,1.101,1,3.471,2.989
49,1.1134793758,1.113,1,3.391,2.914
50,1.1234383583,1.122,1,3.325,2.85
51,1.1287866831,1.128,1,3.288,2.815
52,1.1334323883,1.132,1,3.239,2.771
53,1.1367132664,1.136,1,3.203,2.738
54,1.1367887259,1.136,1,3.202,2.737
55,1.1414937973,1.141,1,3.162,2.7
56,1.1448706388,1.144,1,3.121,2.664
57,1.1459000111,1.145,1,3.104,2.651
58,1.1539032459,1.153,2,3.031,2.577
59,1.1689692736,1.168,2,2.903,2.443
60,1.1839624643,1.183,2,2.772,2.298
61,1.1853208542,1.185,2,2.76,2.283
62,1.1961294413,1.195,2,2.669,2.165
63,1.2066763639,1.206,2,2.599,2.049
64,1.2140381336,1.213,2,2.601,1.992
65,1.2183853388,1.218,2,2.652,1.99
66,1.2211530209,1.221,2,2.707,2.002
67,1.2230365276,1.222,2,2.751,2.015
68,1.2244279385,1.224,2,2.779,2.02
69,1.2255523205,1.225,2,2.789,2.013
70,1.2263638973,1.226,2,2.795,2.007
71,1.227152586,1.227,2,2.798,1.999
72,1.2283058167,1.228,2,2.8,1.985
73,1.2293088436,1.229,2,2.775,1.951
74,1.2297261953,1.229,2,2.763,1.936
75,1.2310069799,1.23,3,2.711,1.877
76,1.2329362631,1.232,3,2.627,1.782
77,1.2338528633,1.233,3,2.582,1.733
78,1.2348499298,1.234,3,2.534,1.681
79,1.236959219,1.236,3,2.421,1.559
80,1.2388421297,1.238,3,2.31,1.441
81,1.2405353785,1.24,3,2.2,1.325
82,1.2420998812,1.242,3,2.089,1.207
83,1.2435901165,1.243,3,1.973,1.084
84,1.2448790073,1.244,3,1.865,0.969
85,1.2460925579,1.246,3,1.754,0.85
86,1.2471358776,1.247,3,1.65,0.739
87,1.2481195927,1.248,3,1.544,0.624
88,1.2489955425,1.249,3,1.44,0.512
89,1.2497639656,1.249,3,1.342,0.406
90,1.2505114079,1.25,3,1.238,0.294
91,1.2511789799,1.251,3,1.14,0.186
92,1.2517715693,1.251,3,1.046,0.084
93,1.2523282766,1.252,3,0.952,-0.019
94,1.2528562546,1.252,3,0.857,-0.123
95,1.2533272505,1.253,3,0.768,-0.221
96,1.2537839413,1.253,3,0.679,-0.32
97,1.2542463541,1.254,3,0.599,-0.408
98,1.2547404766,1.254,3,0.541,-0.473
99,1.2550382614,1.255,3,0.583,-0.424
100,1.2553210258,1.255,3,0.648,-0.35
101,1.2553954124,1.255,3,0.668,-0.328
102,1.2556204796,1.255,3,0.613,-0.388
103,1.2560263872,1.256,3,0.516,-0.497
104,1.2564086914,1.256,3,0.422,-0.603
105,1.2567662001,1.256,3,0.329,-0.708
106,1.257101059,1.257,3,0.236,-0.813
107,1.2574100494,1.257,3,0.144,-0.916
108,1.257694602,1.257,3,0.055,-1.018
109,1.2579590082,1.258,3,-0.034,-1.12
110,1.2582035065,1.258,3,-0.122,-1.221
111,1.2584297657,1.258,3,-0.209,-1.322
112,1.2586326599,1.258,3,-0.293,-1.42
113,1.2588248253,1.258,3,-0.377,-1.518
114,1.2590018511,1.259,3,-0.457,-1.614
115,1.2591674328,1.259,3,-0.537,-1.711
116,1.2593197823,1.259,3,-0.616,-1.807
117,1.2594585419,1.259,3,-0.693,-1.901
118,1.2595908642,1.259,3,-0.771,-1.997
119,1.2597081661,1.259,3,-0.843,-2.087
120,1.259819746,1.259,3,-0.916,-2.179
121,1.2599225044,1.259,3,-0.987,-2.27
122,1.2600185871,1.26,3,-1.057,-2.361
123,1.260109067,1.26,3,-1.125,-2.451
124,1.2601902485,1.26,3,-1.188,-2.536
125,1.2602682114,1.26,3,-1.253,-2.624
126,1.2603410482,1.26,3,-1.317,-2.711
127,1.260407567,1.26,3,-1.377,-2.794
128,1.2604720592,1.26,3,-1.437,-2.879
129,1.2605307102,1.26,3,-1.494,-2.961
130,1.2605855465,1.26,3,-1.55,-3.043
131,1.2606387138,1.26,3,-1.604,-3.126
132,1.2606979609,1.26,3,-1.667,-3.224
133,1.2607530355,1.26,3,-1.724,-3.32
134,1.2607949972,1.26,3,-1.77,-3.397
135,1.2608441114,1.26,3,-1.826,-3.493
136,1.2608879805,1.26,3,-1.873,-3.583
137,1.2609295845,1.26,3,-1.915,-3.673
138,1.2609680891,1.261,3,-1.954,-3.76
139,1.2610044479,1.261,3,-1.992,-3.847
140,1.2610381842,1.261,3,-2.013,-3.929
141,1.2610692978,1.261,3,-2.025,-4.006
142,1.2610903978,1.261,3,-2.031,-4.054
143,1.2610903978,1.261,4,0.498,-0.424
144,1.2613985538,1.261,4,0.474,-0.453
145,1.2617278099,1.261,4,0.46,-0.468
146,1.2620555162,1.262,4,0.454,-0.475
147,1.2623866796,1.262,4,0.451,-0.477
148,1.2626861334,1.262,4,0.448,-0.478
149,1.2630181313,1.263,4,0.446,-0.478
150,1.2633221149,1.263,4,0.444,-0.479
151,1.2636483908,1.263,4,0.442,-0.48
152,1.2639908791,1.264,4,0.439,-0.482
153,1.2642958164,1.264,4,0.436,-0.484
154,1.2646130323,1.264,4,0.433,-0.486
155,1.2649152279,1.265,4,0.43,-0.488
156,1.2652205229,1.265,4,0.427,-0.491
157,1.2655541897,1.265,4,0.423,-0.494
158,1.2657067776,1.265,4,0.421,-0.495
159,1.265745163,1.265,4,0.421,-0.495
160,1.266058445,1.266,4,0.417,-0.498
161,1.2663718462,1.266,4,0.413,-0.502
162,1.2667008638,1.266,4,0.409,-0.506
163,1.2669965029,1.267,4,0.405,-0.509
164,1.2672948837,1.267,4,0.401,-0.513
165,1.2676062584,1.267,4,0.396,-0.518
166,1.2679247856,1.268,4,0.391,-0.523
167,1.2680405378,1.268,4,0.389,-0.525
168,1.2680642605,1.268,4,0.389,-0.525
169,1.2683824301,1.268,4,0.383,-0.532
170,1.2686812878,1.268,4,0.377,-0.538
171,1.2689869404,1.269,4,0.371,-0.546
172,1.2692935467,1.269,4,0.363,-0.554
173,1.269616127,1.269,4,0.354,-0.565
174,1.2699168921,1.27,4,0.344,-0.577
175,1.2702293396,1.27,4,0.332,-0.592
176,1.2705516815,1.27,4,0.315,-0.612
177,1.2708660364,1.271,4,0.292,-0.641
178,1.2711882591,1.271,4,0.255,-0.685
179,1.2714688778,1.271,4,0.181,-0.775
180,1.2715991735,1.271,4,0.101,-0.871
181,1.2716543674,1.271,4,0.024,-0.963
182,1.2716795206,1.271,4,-0.057,-1.06
183,1.2716912031,1.271,4,-0.13,-1.147
184,1.2716981173,1.271,4,-0.202,-1.233
185,1.2716984749,1.271,7,-0.207,-1.239
186,1.2717038393,1.271,7,-0.288,-1.335
187,1.2717087269,1.271,7,-0.366,-1.428
188,1.2717134953,1.271,7,-0.442,-1.519
189,1.271718502,1.271,7,-0.512,-1.604
190,1.2717311382,1.271,7,-0.528,-1.623
191,1.2717396021,1.271,7,-0.478,-1.563
192,1.2717579603,1.271,7,-0.405,-1.474
193,1.2718192339,1.271,7,-0.352,-1.412
194,1.2719910145,1.271,7,-0.406,-1.476
195,1.2721089125,1.27,7,-0.486,-1.573
196,1.2722166777,1.27,7,-0.571,-1.676
197,1.2723089457,1.269,7,-0.656,-1.778
198,1.2723886967,1.268,7,-0.74,-1.88
199,1.2724573612,1.267,7,-0.819,-1.98
200,1.2725170851,1.267,7,-0.897,-2.078
201,1.2725702524,1.266,7,-0.975,-2.177
202,1.2726180553,1.265,7,-1.05,-2.274
203,1.2726616859,1.264,7,-1.111,-2.367
204,1.2726923227,1.262,7,-1.152,-2.437
205,1.2727299929,1.261,7,-1.223,-2.533
206,1.2727657557,1.259,7,-1.291,-2.628
207,1.2727997303,1.257,7,-1.36,-2.725
208,1.2728307247,1.255,7,-1.426,-2.818
209,1.2728613615,1.252,7,-1.49,-2.91
210,1.2728923559,1.248,7,-1.552,-3.002
211,1.2729218006,1.244,7,-1.614,-3.098
212,1.2729458809,1.24,7,-1.678,-3.199
213,1.2729617357,1.236,7,-1.733,-3.292
214,1.2729740143,1.233,7,-1.78,-3.378
215,1.2729856968,1.229,7,-1.829,-3.468
216,1.2729957104,1.225,7,-1.874,-3.553
217,1.2730050087,1.221,7,-1.909,-3.634
218,1.2730145454,1.215,7,-1.935,-3.706
219,1.2730220556,1.21,7,-1.953,-3.761
220,1.273023963,1.209,7,-1.958,-3.776
221,1.2730249166,1.208,7,-1.963,-3.792
222,1.2730259895,1.207,7,-1.968,-3.809
223,1.2730283737,1.205,7,-1.973,-3.831
224,1.2730287313,1.205,7,-1.96,-3.794
225,1.2730288506,1.205,7,-1.979,-3.877
226,1.2730289698,1.205,7,-1.981,-3.858
227,1.273029089,1.205,7,-1.975,-3.832
228,1.2730292082,1.205,7,-1.968,-3.811
229,1.2730293274,1.205,7,-1.978,-3.852
230,1.2730294466,1.205,7,-1.984,-3.897
231,1.2730295658,1.204,7,-1.976,-3.836
232,1.273029685,1.204,7,-1.966,-3.807
233,1.2730298042,1.204,7,-1.965,-3.805
234,1.2730306387,1.203,7,-1.979,-3.849
235,1.273031354,1.203,7,-1.983,-3.905
236,1.2730320692,1.202,7,-1.986,-3.962
237,1.2730327845,1.201,7,-1.986,-4.012
238,1.2730337381,1.2,7,-1.985,-4.066
239,1.273034811,1.198,7,-1.983,-4.109
240,1.2730363607,1.195,7,-1.955,-4.153
241,1.2730374336,1.193,7,-1.942,-4.171
