,Mini,Mass,label,Vmag,Imag
0,0.0900000036,0.09,0,16.296,12.526
1,0.0964770317,0.096,1,15.327,11.978
2,0.1000000089,0.1,1,14.854,11.759
3,0.1070025861,0.107,1,14.321,11.481
4,0.1199999899,0.12,1,13.493,11.013
5,0.1400000006,0.14,1,12.76,10.531
6,0.1599999964,0.16,1,12.268,10.171
7,0.2000000179,0.2,1,11.577,9.631
8,0.25,0.25,1,10.968,9.129
9,0.3000000417,0.3,1,10.496,8.725
10,0.3393317759,0.339,1,10.163,8.42
11,0.3499999642,0.35,0,10.079,8.341
12,0.4000000358,0.4,1,9.599,7.957
13,0.4500000179,0.45,1,9.023,7.524
14,0.5,0.5,1,8.422,7.07
15,0.5500000715,0.55,1,7.744,6.586
16,0.6000000238,0.6,1,7.143,6.137
17,0.6050270796,0.605,1,7.085,6.093
18,0.6499999762,0.65,1,6.611,5.723
19,0.6626622677,0.663,1,6.486,5.624
20,0.6999999285,0.7,1,6.141,5.349
21,0.7349590659,0.735,1,5.848,5.113
22,0.75,0.75,1,5.727,5.015
23,0.7535626292,0.754,1,5.699,4.991
24,0.7922699451,0.792,1,5.403,4.741
25,0.8000000715,0.8,1,5.345,4.692
26,0.8203528523,0.82,1,5.195,4.562
27,0.8500000238,0.85,1,4.978,4.375
28,0.8579823971,0.858,1,4.921,4.325
29,0.8940663934,0.893,1,4.663,4.1
30,0.8999999762,0.899,1,4.62,4.063
31,0.9256148338,0.925,1,4.438,3.906
32,0.9499999881,0.95,1,4.264,3.754
33,0.9631463885,0.963,1,4.17,3.674
34,0.9903908372,0.99,1,3.974,3.505
35,1.0,1.0,1,3.903,3.444
36,1.0128532648,1.013,1,3.81,3.366
37,1.0353025198,1.035,1,3.644,3.226
38,1.0499999523,1.05,1,3.535,3.134
39,1.0614753962,1.061,1,3.451,3.065
40,1.0777839422,1.077,1,3.331,2.965
41,1.0936100483,1.093,1,3.213,2.865
42,1.1000000238,1.099,1,3.162,2.822
43,1.1079161167,1.107,1,3.106,2.773
44,1.1229288578,1.122,1,3.008,2.68
45,1.1352591515,1.135,1,2.931,2.602
46,1.1385400295,1.138,1,2.911,2.581
47,1.1461504698,1.145,1,2.829,2.518
48,1.1495673656,1.149,1,2.762,2.478
49,1.1499999762,1.149,1,2.745,2.468
50,1.1514157057,1.151,1,2.71,2.444
51,1.1522438526,1.152,1,2.686,2.425
52,1.1528855562,1.152,1,2.678,2.416
53,1.1542764902,1.154,1,2.66,2.396
54,1.1607410908,1.16,2,2.584,2.309
55,1.1748603582,1.174,2,2.441,2.138
56,1.1848154068,1.184,2,2.337,1.999
57,1.1895755529,1.189,2,2.285,1.919
58,1.1928390265,1.192,2,2.25,1.855
59,1.1958441734,1.195,2,2.219,1.788
60,1.1980950832,1.198,2,2.2,1.732
61,1.2000000477,1.2,2,2.187,1.684
62,1.2023380995,1.202,2,2.184,1.634
63,1.2050087452,1.205,2,2.211,1.601
64,1.2075134516,1.207,2,2.282,1.613
65,1.2098909616,1.209,2,2.353,1.635
66,1.213775754,1.213,2,2.35,1.575
67,1.2140555382,1.214,2,2.339,1.561
68,1.2160544395,1.216,3,2.243,1.451
69,1.2177091837,1.217,3,2.15,1.348
70,1.2193806171,1.219,3,2.043,1.233
71,1.2209147215,1.221,3,1.936,1.119
72,1.2223310471,1.222,3,1.829,1.005
73,1.2237004042,1.223,3,1.717,0.887
74,1.224947691,1.225,3,1.608,0.771
75,1.2260442972,1.226,3,1.505,0.662
76,1.227099061,1.227,3,1.399,0.549
77,1.2280597687,1.228,3,1.294,0.438
78,1.2289280891,1.229,3,1.192,0.329
79,1.2297210693,1.229,3,1.091,0.221
80,1.2304705381,1.23,3,0.987,0.11
81,1.2311472893,1.231,3,0.887,0.002
82,1.2317789793,1.231,3,0.787,-0.106
83,1.232342124,1.232,3,0.691,-0.21
84,1.2328692675,1.232,3,0.595,-0.314
85,1.2333573103,1.233,3,0.5,-0.418
86,1.2338205576,1.233,3,0.404,-0.523
87,1.2342382669,1.234,3,0.312,-0.623
88,1.2346413136,1.234,3,0.22,-0.725
89,1.2350335121,1.235,3,0.133,-0.82
90,1.2354887724,1.235,3,0.054,-0.907
91,1.235658884,1.235,3,0.035,-0.928
92,1.2359595299,1.236,3,0.087,-0.87
93,1.2361797094,1.236,3,0.164,-0.783
94,1.2362308502,1.236,3,0.154,-0.794
95,1.2365591526,1.236,3,0.058,-0.9
96,1.2368824482,1.237,3,-0.035,-1.003
97,1.2371981144,1.237,3,-0.13,-1.109
98,1.2374862432,1.237,3,-0.223,-1.212
99,1.2377585173,1.237,3,-0.316,-1.316
100,1.2380053997,1.238,3,-0.406,-1.417
101,1.2382385731,1.238,3,-0.496,-1.518
102,1.238452673,1.238,3,-0.585,-1.619
103,1.2386482954,1.238,3,-0.671,-1.718
104,1.238830328,1.238,3,-0.757,-1.817
105,1.2390004396,1.239,3,-0.844,-1.916
106,1.2391566038,1.239,3,-0.927,-2.012
107,1.2393006086,1.239,3,-1.007,-2.106
108,1.2394387722,1.239,3,-1.091,-2.204
109,1.2395640612,1.239,3,-1.171,-2.298
110,1.2396829128,1.239,3,-1.252,-2.393
111,1.239790678,1.239,3,-1.325,-2.483
112,1.2398933172,1.24,3,-1.399,-2.574
113,1.239988327,1.24,3,-1.471,-2.664
114,1.2400774956,1.24,3,-1.543,-2.754
115,1.2401629686,1.24,3,-1.617,-2.845
116,1.2402590513,1.24,3,-1.7,-2.953
117,1.2403479815,1.24,3,-1.783,-3.061
118,1.2404150963,1.24,3,-1.849,-3.148
119,1.2404924631,1.24,3,-1.93,-3.254
120,1.2405635118,1.24,3,-2.003,-3.357
121,1.2406297922,1.24,3,-2.074,-3.459
122,1.2406810522,1.24,3,-2.133,-3.544
123,1.2407387495,1.24,3,-2.2,-3.643
124,1.2407932281,1.24,3,-2.265,-3.742
125,1.2408446074,1.241,3,-2.329,-3.842
126,1.2408927679,1.241,3,-2.393,-3.94
127,1.2409377098,1.241,3,-2.451,-4.034
128,1.2409639359,1.241,3,-2.483,-4.085
129,1.2409639359,1.241,4,0.296,-0.543
130,1.2413009405,1.241,4,0.273,-0.57
131,1.2416111231,1.241,4,0.262,-0.583
132,1.2419298887,1.242,4,0.253,-0.592
133,1.2422436476,1.242,4,0.246,-0.599
134,1.2425698042,1.242,4,0.24,-0.604
135,1.2428922653,1.243,4,0.234,-0.608
136,1.2432132959,1.243,4,0.229,-0.612
137,1.2435641289,1.243,4,0.223,-0.617
138,1.2439152002,1.244,4,0.216,-0.622
139,1.2442419529,1.244,4,0.21,-0.628
140,1.2445832491,1.244,4,0.204,-0.633
141,1.2449206114,1.245,4,0.197,-0.638
142,1.2452431917,1.245,4,0.191,-0.644
143,1.2455762625,1.245,4,0.184,-0.649
144,1.2459162474,1.246,4,0.178,-0.655
145,1.2460188866,1.246,4,0.176,-0.657
146,1.2461745739,1.246,4,0.173,-0.659
147,1.246519804,1.246,4,0.166,-0.665
148,1.246850729,1.247,4,0.16,-0.671
149,1.2471959591,1.247,4,0.154,-0.677
150,1.2475417852,1.247,4,0.147,-0.683
151,1.2478852272,1.248,4,0.14,-0.69
152,1.2482359409,1.248,4,0.133,-0.696
153,1.2484753132,1.248,4,0.129,-0.701
154,1.2485669851,1.248,4,0.127,-0.703
155,1.2488956451,1.249,4,0.12,-0.71
156,1.2492179871,1.249,4,0.114,-0.717
157,1.2495555878,1.249,4,0.106,-0.726
158,1.2498959303,1.25,4,0.098,-0.735
159,1.25,1.25,4,0.095,-0.739
160,1.2502423525,1.25,4,0.09,-0.746
161,1.250608325,1.25,4,0.08,-0.757
162,1.250972271,1.251,4,0.07,-0.769
163,1.2513325214,1.251,4,0.059,-0.783
164,1.2516936064,1.251,4,0.057,-0.784
165,1.2520741224,1.252,4,0.036,-0.813
166,1.2524336576,1.252,4,-0.002,-0.862
167,1.2527337074,1.252,4,-0.074,-0.952
168,1.2528561354,1.253,4,-0.151,-1.046
169,1.2529016733,1.253,4,-0.229,-1.14
170,1.2529203892,1.253,4,-0.305,-1.23
171,1.2529298067,1.253,4,-0.377,-1.315
172,1.2529299259,1.253,7,-0.378,-1.316
173,1.2529346943,1.253,7,-0.438,-1.386
174,1.2529406548,1.253,7,-0.513,-1.473
175,1.2529466152,1.253,7,-0.575,-1.545
176,1.2529526949,1.253,7,-0.608,-1.583
177,1.2529665232,1.252,7,-0.625,-1.603
178,1.2529792786,1.252,7,-0.581,-1.551
179,1.2530050278,1.252,7,-0.544,-1.508
180,1.2531709671,1.252,7,-0.55,-1.516
181,1.2532931566,1.252,7,-0.633,-1.613
182,1.2534110546,1.251,7,-0.742,-1.74
183,1.2535171509,1.25,7,-0.844,-1.859
184,1.2536104918,1.25,7,-0.936,-1.968
185,1.2536916733,1.249,7,-1.027,-2.074
186,1.2537628412,1.248,7,-1.115,-2.177
187,1.2538257837,1.247,7,-1.2,-2.278
188,1.2538820505,1.246,7,-1.271,-2.376
189,1.2539203167,1.245,7,-1.322,-2.448
190,1.2539669275,1.243,7,-1.405,-2.548
191,1.2540102005,1.241,7,-1.482,-2.645
192,1.2540507317,1.239,7,-1.558,-2.742
193,1.2540887594,1.237,7,-1.635,-2.839
194,1.2541234493,1.234,7,-1.71,-2.935
195,1.254155755,1.231,7,-1.781,-3.029
196,1.2541882992,1.228,7,-1.851,-3.122
197,1.2542207241,1.223,7,-1.919,-3.214
198,1.254253149,1.217,7,-1.986,-3.306
199,1.2542841434,1.211,7,-2.048,-3.398
200,1.2543090582,1.204,7,-2.106,-3.488
201,1.2543253899,1.199,7,-2.162,-3.574
202,1.254340291,1.193,7,-2.217,-3.66
203,1.2543526888,1.187,7,-2.266,-3.74
204,1.2543638945,1.18,7,-2.313,-3.821
205,1.254376173,1.171,7,-2.362,-3.905
206,1.2543846369,1.164,7,-2.399,-3.971
207,1.2543867826,1.162,7,-2.413,-3.995
208,1.2543879747,1.161,7,-2.421,-4.011
209,1.2543891668,1.16,7,-2.435,-4.037
210,1.2543913126,1.158,7,-2.483,-4.132
211,1.2543946505,1.152,7,-2.538,-4.256
212,1.2543953657,1.15,7,-2.544,-4.27
