,Mini,Mass,label,Vmag,Imag
0,0.0900000036,0.09,1,16.346,12.563
1,0.0923167542,0.092,1,15.988,12.312
2,0.1000000015,0.1,1,14.907,11.776
3,0.1199999973,0.12,1,13.532,11.028
4,0.1400000006,0.14,1,12.792,10.544
5,0.1599999964,0.16,1,12.295,10.183
6,0.2000000179,0.2,1,11.599,9.641
7,0.25,0.25,1,10.986,9.136
8,0.3000000417,0.3,1,10.509,8.73
9,0.349999994,0.35,1,10.094,8.35
10,0.400000006,0.4,1,9.621,7.964
11,0.4287224412,0.429,1,9.248,7.7
12,0.4500000179,0.45,1,9.035,7.528
13,0.5,0.5,1,8.434,7.074
14,0.5500000715,0.55,1,7.751,6.587
15,0.6000000238,0.6,1,7.143,6.134
16,0.6499999762,0.65,1,6.605,5.716
17,0.6806812286,0.681,1,6.307,5.48
18,0.6999999881,0.7,1,6.131,5.339
19,0.7131023407,0.713,1,6.018,5.248
20,0.74766922,0.748,1,5.73,5.015
21,0.75,0.75,1,5.711,4.999
22,0.7685595155,0.769,1,5.565,4.876
23,0.8000000119,0.8,1,5.323,4.67
24,0.8346188664,0.834,1,5.063,4.445
25,0.8500000238,0.85,1,4.948,4.345
26,0.8678104281,0.867,1,4.817,4.231
27,0.8985236883,0.898,1,4.59,4.033
28,0.8999999762,0.899,1,4.579,4.023
29,0.9258880615,0.925,1,4.388,3.857
30,0.9490394592,0.949,1,4.216,3.706
31,0.9500000477,0.95,1,4.209,3.7
32,0.9612901807,0.961,1,4.124,3.627
33,0.9842532873,0.984,1,3.949,3.476
34,1.0,1.0,1,3.827,3.369
35,1.0054029226,1.005,1,3.785,3.334
36,1.0253937244,1.025,1,3.628,3.2
37,1.0439304113,1.043,1,3.481,3.074
38,1.0499999523,1.05,1,3.433,3.033
39,1.0644356012,1.064,1,3.319,2.935
40,1.0768396854,1.076,1,3.214,2.844
41,1.0883234739,1.088,1,3.113,2.756
42,1.0977313519,1.097,1,3.028,2.679
43,1.1000000238,1.099,1,3.007,2.66
44,1.100279808,1.1,1,3.005,2.658
45,1.113974452,1.113,1,2.883,2.539
46,1.1200221777,1.119,1,2.81,2.476
47,1.1221584082,1.121,1,2.764,2.44
48,1.1222779751,1.122,1,2.761,2.437
49,1.1268699169,1.126,2,2.703,2.371
50,1.134857893,1.134,2,2.614,2.273
51,1.1437555552,1.143,2,2.512,2.151
52,1.1498366594,1.149,2,2.435,2.043
53,1.1499999762,1.149,2,2.433,2.04
54,1.1524962187,1.152,2,2.404,1.987
55,1.1554657221,1.155,2,2.37,1.92
56,1.1582504511,1.158,2,2.344,1.854
57,1.1609375477,1.16,2,2.328,1.792
58,1.1635174751,1.163,2,2.334,1.743
59,1.1660048962,1.165,2,2.371,1.721
60,1.1689493656,1.168,2,2.445,1.727
61,1.172450304,1.172,2,2.439,1.659
62,1.1726845503,1.172,2,2.427,1.645
63,1.1743655205,1.174,3,2.331,1.536
64,1.1757663488,1.175,3,2.239,1.434
65,1.1771899462,1.177,3,2.134,1.321
66,1.1785042286,1.178,3,2.028,1.208
67,1.1797240973,1.179,3,1.922,1.096
68,1.1809095144,1.18,3,1.811,0.979
69,1.181994319,1.181,3,1.703,0.864
70,1.1829521656,1.182,3,1.6,0.754
71,1.1838769913,1.183,3,1.492,0.64
72,1.1847224236,1.184,3,1.385,0.526
73,1.1854890585,1.185,3,1.28,0.415
74,1.1861912012,1.186,3,1.176,0.304
75,1.1868568659,1.186,3,1.07,0.19
76,1.1874592304,1.187,3,0.966,0.079
77,1.1880229712,1.187,3,0.862,-0.034
78,1.1885265112,1.188,3,0.762,-0.142
79,1.1889988184,1.188,3,0.661,-0.252
80,1.1894367933,1.189,3,0.56,-0.362
81,1.1898533106,1.189,3,0.458,-0.474
82,1.1902294159,1.19,3,0.359,-0.582
83,1.1905930042,1.19,3,0.26,-0.691
84,1.1909470558,1.19,3,0.164,-0.797
85,1.1913589239,1.191,3,0.072,-0.899
86,1.1915128231,1.191,3,0.052,-0.921
87,1.1916255951,1.191,3,0.074,-0.896
88,1.191848278,1.191,3,0.143,-0.818
89,1.1919429302,1.191,3,0.183,-0.773
90,1.1919875145,1.191,3,0.169,-0.789
91,1.1922599077,1.192,3,0.072,-0.896
92,1.1925345659,1.192,3,-0.025,-1.003
93,1.1927871704,1.192,3,-0.117,-1.106
94,1.1930239201,1.192,3,-0.211,-1.21
95,1.193243742,1.193,3,-0.302,-1.313
96,1.1934502125,1.193,3,-0.394,-1.416
97,1.1936370134,1.193,3,-0.482,-1.516
98,1.1938124895,1.193,3,-0.571,-1.618
99,1.1939710379,1.193,3,-0.658,-1.716
100,1.194119215,1.194,3,-0.744,-1.815
101,1.1942565441,1.194,3,-0.827,-1.912
102,1.1943836212,1.194,3,-0.91,-2.009
103,1.194503665,1.194,3,-0.994,-2.106
104,1.1946123838,1.194,3,-1.074,-2.2
105,1.1947165728,1.194,3,-1.156,-2.297
106,1.1948109865,1.194,3,-1.23,-2.388
107,1.1949015856,1.194,3,-1.307,-2.481
108,1.1949836016,1.194,3,-1.379,-2.57
109,1.1950610876,1.194,3,-1.451,-2.661
110,1.1951342821,1.195,3,-1.524,-2.752
111,1.1952177286,1.195,3,-1.609,-2.862
112,1.195281148,1.195,3,-1.677,-2.95
113,1.1953539848,1.195,3,-1.761,-3.059
114,1.1954205036,1.195,3,-1.842,-3.166
115,1.1954824924,1.195,3,-1.918,-3.271
116,1.1955298185,1.195,3,-1.978,-3.356
117,1.1955829859,1.195,3,-2.046,-3.457
118,1.1956326962,1.195,3,-2.115,-3.558
119,1.1956715584,1.195,3,-2.17,-3.641
120,1.1957163811,1.195,3,-2.235,-3.741
121,1.1957576275,1.195,3,-2.298,-3.839
122,1.1957967281,1.195,3,-2.361,-3.938
123,1.1958335638,1.195,3,-2.417,-4.032
124,1.1958532333,1.195,3,-2.445,-4.079
125,1.1958532333,1.195,4,0.327,-0.517
126,1.1961394548,1.196,4,0.302,-0.546
127,1.1963940859,1.196,4,0.291,-0.558
128,1.1966497898,1.196,4,0.283,-0.567
129,1.1969125271,1.196,4,0.277,-0.573
130,1.1971732378,1.197,4,0.272,-0.577
131,1.1974345446,1.197,4,0.267,-0.58
132,1.197717309,1.197,4,0.262,-0.584
133,1.1979761124,1.197,4,0.257,-0.588
134,1.1982495785,1.198,4,0.252,-0.592
135,1.1985208988,1.198,4,0.246,-0.596
136,1.1987859011,1.198,4,0.241,-0.6
137,1.1990572214,1.198,4,0.235,-0.605
138,1.1993170977,1.199,4,0.23,-0.609
139,1.1995931864,1.199,4,0.224,-0.614
140,1.1998683214,1.199,4,0.218,-0.619
141,1.1999611855,1.199,4,0.216,-0.621
142,1.2000000477,1.2,4,0.215,-0.622
143,1.200094223,1.2,4,0.213,-0.623
144,1.2003942728,1.2,4,0.208,-0.628
145,1.2006818056,1.2,4,0.202,-0.633
146,1.2009818554,1.201,4,0.196,-0.639
147,1.201282382,1.201,4,0.19,-0.645
148,1.2015810013,1.201,4,0.184,-0.651
149,1.2018857002,1.201,4,0.177,-0.657
150,1.2020938396,1.202,4,0.173,-0.662
151,1.2021744251,1.202,4,0.171,-0.663
152,1.2024630308,1.202,4,0.165,-0.67
153,1.2027460337,1.202,4,0.158,-0.677
154,1.2030426264,1.203,4,0.151,-0.686
155,1.2033414841,1.203,4,0.143,-0.695
156,1.203625083,1.203,4,0.134,-0.705
157,1.2039152384,1.203,4,0.125,-0.717
158,1.2042039633,1.204,4,0.114,-0.73
159,1.2044899464,1.204,4,0.104,-0.742
160,1.2047767639,1.204,4,0.097,-0.751
161,1.2050791979,1.205,4,0.078,-0.775
162,1.2053650618,1.205,4,0.036,-0.829
163,1.205603838,1.205,4,-0.041,-0.924
164,1.205701232,1.205,4,-0.122,-1.023
165,1.2057374716,1.205,4,-0.203,-1.12
166,1.2057523727,1.205,4,-0.281,-1.213
167,1.2057598829,1.205,4,-0.355,-1.3
168,1.2057600021,1.205,7,-0.356,-1.301
169,1.2057623863,1.205,7,-0.392,-1.343
170,1.2057675123,1.205,7,-0.477,-1.442
171,1.2057727575,1.205,7,-0.56,-1.539
172,1.2057871819,1.205,7,-0.588,-1.571
173,1.2058132887,1.205,7,-0.503,-1.472
174,1.2060050964,1.204,7,-0.559,-1.537
175,1.2061048746,1.204,7,-0.657,-1.652
176,1.2061657906,1.203,7,-0.741,-1.751
177,1.2062263489,1.203,7,-0.818,-1.841
178,1.2062926292,1.202,7,-0.902,-1.94
179,1.2063529491,1.201,7,-0.987,-2.04
180,1.2064077854,1.2,7,-1.072,-2.141
181,1.2064580917,1.199,7,-1.155,-2.241
182,1.2065032721,1.197,7,-1.235,-2.34
183,1.2065442801,1.196,7,-1.3,-2.438
184,1.2065805197,1.194,7,-1.377,-2.535
185,1.2066140175,1.192,7,-1.453,-2.631
186,1.2066454887,1.19,7,-1.529,-2.728
187,1.2066754103,1.187,7,-1.605,-2.824
188,1.2067030668,1.184,7,-1.679,-2.921
189,1.2067286968,1.181,7,-1.749,-3.014
190,1.2067546844,1.176,7,-1.82,-3.108
191,1.2067807913,1.171,7,-1.887,-3.201
192,1.2068068981,1.164,7,-1.951,-3.293
193,1.2068310976,1.157,7,-2.012,-3.388
194,1.2068490982,1.149,7,-2.075,-3.485
195,1.2068611383,1.143,7,-2.131,-3.573
196,1.2068734169,1.136,7,-2.184,-3.661
197,1.206882596,1.129,7,-2.234,-3.745
198,1.2068921328,1.12,7,-2.285,-3.831
199,1.2069032192,1.108,7,-2.332,-3.92
200,1.2069051266,1.105,7,-2.309,-3.88
201,1.2069058418,1.104,7,-2.289,-3.849
202,1.2069064379,1.104,7,-2.329,-3.918
203,1.2069071531,1.103,7,-2.361,-3.977
204,1.2069077492,1.102,7,-2.391,-4.035
205,1.2069085836,1.1,7,-2.416,-4.092
206,1.2069102526,1.097,7,-2.451,-4.174
207,1.2069120407,1.092,7,-2.485,-4.265
208,1.2069147825,1.083,7,-2.504,-4.333
