,Mini,Mass,label,Vmag,Imag
0,0.090000011,0.09,1,16.687,12.83
1,0.0967810526,0.097,1,15.758,12.145
2,0.0994170234,0.099,1,15.407,11.954
3,0.1182510555,0.118,1,13.992,11.219
4,0.1370850801,0.137,1,13.188,10.73
5,0.1530840099,0.153,1,12.725,10.416
6,0.1559191346,0.156,1,12.65,10.363
7,0.1935872138,0.193,1,11.922,9.823
8,0.2261594832,0.225,1,11.469,9.462
9,0.2406722903,0.24,1,11.29,9.318
10,0.2877573967,0.287,1,10.801,8.915
11,0.3332443535,0.332,1,10.391,8.564
12,0.3348424733,0.334,1,10.378,8.553
13,0.3819275498,0.381,1,9.957,8.185
14,0.4290127158,0.428,1,9.467,7.788
15,0.4760977626,0.475,1,8.87,7.364
16,0.523182869,0.522,1,8.28,6.931
17,0.5250194669,0.524,1,8.254,6.913
18,0.5702679157,0.569,1,7.648,6.484
19,0.6173529625,0.617,1,7.071,6.059
20,0.6573829651,0.657,1,6.636,5.724
21,0.6644381285,0.664,1,6.565,5.668
22,0.689470768,0.689,1,6.32,5.476
23,0.7127447128,0.712,1,6.108,5.307
24,0.7220764756,0.722,1,6.027,5.241
25,0.7500904202,0.75,1,5.792,5.051
26,0.7610512972,0.761,1,5.703,4.979
27,0.7802708745,0.78,1,5.551,4.851
28,0.8078324199,0.807,1,5.339,4.672
29,0.8093579412,0.809,1,5.327,4.662
30,0.8324974179,0.832,1,5.153,4.512
31,0.8576644659,0.857,1,4.967,4.349
32,0.8651176095,0.864,1,4.912,4.301
33,0.8855170608,0.884,1,4.762,4.169
34,0.9039719701,0.903,1,4.626,4.05
35,0.9059710503,0.905,1,4.611,4.037
36,0.9212018847,0.92,1,4.499,3.939
37,0.9375400543,0.936,1,4.378,3.833
38,0.9521491528,0.951,1,4.27,3.737
39,0.9542776346,0.953,1,4.254,3.723
40,0.9618561268,0.961,1,4.198,3.674
41,0.9843606353,0.984,1,4.028,3.524
42,1.002584219,1.002,1,3.888,3.401
43,1.0043025017,1.004,1,3.875,3.39
44,1.0220724344,1.021,1,3.738,3.269
45,1.0379804373,1.037,1,3.614,3.16
46,1.0508908033,1.05,1,3.514,3.071
47,1.0592286587,1.058,1,3.449,3.014
48,1.0720824003,1.071,1,3.346,2.921
49,1.0828510523,1.082,1,3.255,2.839
50,1.0919498205,1.091,1,3.176,2.767
51,1.097235918,1.096,1,3.129,2.723
52,1.0991973877,1.098,1,3.109,2.705
53,1.1026986837,1.101,1,3.079,2.675
54,1.1117129326,1.11,1,2.997,2.595
55,1.11947155,1.118,1,2.914,2.516
56,1.1241680384,1.123,1,2.838,2.45
57,1.1273360252,1.126,2,2.8,2.408
58,1.1340448856,1.133,2,2.73,2.328
59,1.1418477297,1.14,2,2.646,2.23
60,1.1475039721,1.146,2,2.582,2.147
61,1.1512892246,1.15,2,2.541,2.088
62,1.1566319466,1.155,2,2.487,1.992
63,1.1603839397,1.159,2,2.462,1.924
64,1.163064003,1.162,2,2.462,1.882
65,1.1650787592,1.164,2,2.478,1.86
66,1.1666784286,1.165,2,2.509,1.856
67,1.1680208445,1.167,2,2.541,1.858
68,1.1692129374,1.168,2,2.566,1.858
69,1.1703395844,1.169,2,2.583,1.851
70,1.1714535952,1.17,2,2.594,1.842
71,1.1730407476,1.172,2,2.587,1.807
72,1.1741251945,1.173,2,2.567,1.771
73,1.1749004126,1.174,3,2.526,1.725
74,1.1766287088,1.175,3,2.425,1.61
75,1.1780568361,1.177,3,2.328,1.505
76,1.1795191765,1.178,3,2.218,1.388
77,1.1807539463,1.179,3,2.118,1.282
78,1.1819970608,1.181,3,2.011,1.168
79,1.1832264662,1.182,3,1.897,1.047
80,1.1842596531,1.183,3,1.792,0.936
81,1.1852281094,1.184,3,1.686,0.823
82,1.1861701012,1.185,3,1.574,0.704
83,1.1869740486,1.186,3,1.471,0.594
84,1.187739253,1.186,3,1.364,0.48
85,1.1884008646,1.187,3,1.264,0.373
86,1.1890343428,1.188,3,1.162,0.263
87,1.1896340847,1.188,3,1.057,0.149
88,1.1901702881,1.189,3,0.957,0.04
89,1.1906547546,1.189,3,0.858,-0.067
90,1.1911153793,1.19,3,0.758,-0.176
91,1.1915341616,1.19,3,0.66,-0.282
92,1.1919203997,1.191,3,0.566,-0.387
93,1.1922875643,1.191,3,0.471,-0.491
94,1.192625761,1.191,3,0.38,-0.591
95,1.192966938,1.192,3,0.295,-0.686
96,1.1934367418,1.192,3,0.207,-0.782
97,1.1936430931,1.192,3,0.253,-0.73
98,1.1938388348,1.193,3,0.319,-0.655
99,1.1938903332,1.193,3,0.341,-0.63
100,1.1941812038,1.193,3,0.242,-0.74
101,1.194457531,1.193,3,0.147,-0.846
102,1.1947264671,1.193,3,0.051,-0.953
103,1.1949677467,1.194,3,-0.039,-1.054
104,1.1951994896,1.194,3,-0.13,-1.157
105,1.1954107285,1.194,3,-0.22,-1.258
106,1.1956094503,1.194,3,-0.311,-1.361
107,1.1957883835,1.195,3,-0.398,-1.461
108,1.1958105564,1.195,3,-0.409,-1.474
109,1.1958602667,1.195,3,-0.434,-1.501
110,1.1960268021,1.195,3,-0.519,-1.6
111,1.1961807013,1.195,3,-0.603,-1.698
112,1.1963254213,1.195,3,-0.688,-1.796
113,1.1964571476,1.195,3,-0.771,-1.893
114,1.1965796947,1.195,3,-0.853,-1.989
115,1.1966929436,1.196,3,-0.93,-2.082
116,1.1967972517,1.196,3,-1.006,-2.174
117,1.1968941689,1.196,3,-1.08,-2.264
118,1.1969823837,1.196,3,-1.152,-2.352
119,1.1970674992,1.196,3,-1.225,-2.443
120,1.1971459389,1.196,3,-1.293,-2.531
121,1.1972181797,1.196,3,-1.36,-2.617
122,1.1972868443,1.196,3,-1.427,-2.704
123,1.1973495483,1.196,3,-1.491,-2.787
124,1.1974101067,1.196,3,-1.557,-2.873
125,1.1974653006,1.196,3,-1.617,-2.954
126,1.197516799,1.196,3,-1.675,-3.034
127,1.1975669861,1.196,3,-1.735,-3.117
128,1.1976231337,1.196,3,-1.805,-3.215
129,1.1976653337,1.197,3,-1.858,-3.292
130,1.1977059841,1.197,3,-1.908,-3.37
131,1.1977515221,1.197,3,-1.969,-3.462
132,1.1977940798,1.197,3,-2.028,-3.553
133,1.1978271008,1.197,3,-2.076,-3.628
134,1.1978652477,1.197,3,-2.131,-3.717
135,1.1978999376,1.197,3,-2.182,-3.803
136,1.1979324818,1.197,3,-2.232,-3.888
137,1.1979632378,1.197,3,-2.279,-3.97
138,1.1979922056,1.197,3,-2.318,-4.047
139,1.1980011463,1.197,3,-2.328,-4.069
140,1.1980011463,1.197,4,0.386,-0.484
141,1.1982822418,1.198,4,0.36,-0.514
142,1.198554635,1.198,4,0.348,-0.528
143,1.1988307238,1.198,4,0.34,-0.535
144,1.1991093159,1.198,4,0.335,-0.54
145,1.1993869543,1.199,4,0.331,-0.543
146,1.1996581554,1.199,4,0.327,-0.545
147,1.1999356747,1.199,4,0.323,-0.548
148,1.2002110481,1.2,4,0.319,-0.55
149,1.2004964352,1.2,4,0.314,-0.554
150,1.200789094,1.2,4,0.309,-0.558
151,1.2010536194,1.2,4,0.305,-0.561
152,1.2013425827,1.201,4,0.3,-0.565
153,1.2016038895,1.201,4,0.295,-0.569
154,1.2018754482,1.201,4,0.29,-0.573
155,1.2019377947,1.201,4,0.289,-0.574
156,1.2021358013,1.201,4,0.285,-0.578
157,1.202403903,1.202,4,0.28,-0.582
158,1.2026818991,1.202,4,0.275,-0.587
159,1.2029460669,1.202,4,0.27,-0.591
160,1.2032084465,1.202,4,0.264,-0.596
161,1.2034672499,1.203,4,0.259,-0.602
162,1.2037338018,1.203,4,0.253,-0.607
163,1.2038794756,1.203,4,0.25,-0.61
164,1.2040110826,1.203,4,0.247,-0.614
165,1.2042847872,1.204,4,0.241,-0.62
166,1.204559207,1.204,4,0.234,-0.628
167,1.2048469782,1.204,4,0.226,-0.637
168,1.2051230669,1.204,4,0.217,-0.648
169,1.2054017782,1.205,4,0.207,-0.659
170,1.2056763172,1.205,4,0.197,-0.672
171,1.2059489489,1.205,4,0.185,-0.686
172,1.206228137,1.206,4,0.175,-0.697
173,1.2065056562,1.206,4,0.165,-0.71
174,1.2067866325,1.206,4,0.131,-0.753
175,1.2070610523,1.206,4,0.056,-0.846
176,1.2071706057,1.206,4,-0.01,-0.928
177,1.2072236538,1.207,4,-0.075,-1.006
178,1.2072484493,1.207,4,-0.142,-1.086
179,1.2072621584,1.207,4,-0.218,-1.176
180,1.2072694302,1.207,4,-0.292,-1.264
181,1.2072712183,1.206,7,-0.315,-1.29
182,1.2072734833,1.206,7,-0.353,-1.335
183,1.2072782516,1.206,7,-0.437,-1.433
184,1.2072831392,1.206,7,-0.506,-1.514
185,1.2072966099,1.206,7,-0.512,-1.521
186,1.2073210478,1.206,7,-0.452,-1.451
187,1.2074999809,1.205,7,-0.497,-1.504
188,1.2075929642,1.205,7,-0.588,-1.611
189,1.207649827,1.204,7,-0.663,-1.701
190,1.2077063322,1.204,7,-0.737,-1.788
191,1.2077682018,1.203,7,-0.82,-1.886
192,1.2078243494,1.202,7,-0.901,-1.983
193,1.2078756094,1.201,7,-0.982,-2.08
194,1.2079225779,1.2,7,-1.063,-2.179
195,1.2079647779,1.199,7,-1.142,-2.276
196,1.2080029249,1.198,7,-1.205,-2.37
197,1.2080368996,1.196,7,-1.275,-2.464
198,1.2080681324,1.194,7,-1.346,-2.558
199,1.2080975771,1.192,7,-1.418,-2.653
200,1.2081253529,1.19,7,-1.489,-2.747
201,1.2081512213,1.187,7,-1.56,-2.841
202,1.2081751823,1.184,7,-1.628,-2.933
203,1.208199501,1.18,7,-1.696,-3.026
204,1.2082238197,1.175,7,-1.759,-3.117
205,1.2082482576,1.169,7,-1.822,-3.209
206,1.2082707882,1.163,7,-1.884,-3.305
207,1.2082875967,1.156,7,-1.944,-3.401
208,1.2082989216,1.151,7,-1.997,-3.488
209,1.2083103657,1.145,7,-2.053,-3.582
210,1.2083189487,1.139,7,-2.104,-3.668
211,1.2083278894,1.131,7,-2.152,-3.758
212,1.2083381414,1.12,7,-2.197,-3.85
213,1.2083399296,1.118,7,-2.19,-3.838
214,1.2083406448,1.117,7,-2.181,-3.824
215,1.2083412409,1.116,7,-2.205,-3.868
216,1.2083418369,1.115,7,-2.225,-3.907
217,1.208342433,1.114,7,-2.243,-3.943
218,1.2083432674,1.113,7,-2.261,-3.984
219,1.208344698,1.11,7,-2.284,-4.057
220,1.2083464861,1.106,7,-2.314,-4.153
221,1.2083489895,1.098,7,-2.337,-4.24
