,Mini,Mass,label,Vmag,Imag
0,0.0900000036,0.09,0,16.27,12.506
1,0.0941046029,0.094,1,15.637,12.133
2,0.1000000015,0.1,1,14.827,11.75
3,0.1199999899,0.12,1,13.472,11.005
4,0.1400000006,0.14,1,12.742,10.524
5,0.1599999964,0.16,1,12.253,10.164
6,0.2000000179,0.2,1,11.563,9.624
7,0.25,0.25,1,10.954,9.121
8,0.2722811401,0.272,1,10.73,8.932
9,0.3000000417,0.3,1,10.482,8.715
10,0.3494270742,0.349,1,10.073,8.338
11,0.349999994,0.35,1,10.069,8.334
12,0.400000006,0.4,1,9.584,7.95
13,0.4500000477,0.45,1,9.012,7.518
14,0.4692472816,0.469,1,8.773,7.337
15,0.5,0.5,1,8.408,7.063
16,0.5500000715,0.55,1,7.729,6.577
17,0.6000000238,0.6,1,7.129,6.127
18,0.6499999762,0.65,1,6.596,5.712
19,0.6880296469,0.688,1,6.233,5.423
20,0.6999999881,0.7,1,6.126,5.337
21,0.720754981,0.721,1,5.948,5.194
22,0.75,0.75,1,5.709,5.0
23,0.7768922448,0.777,1,5.5,4.823
24,0.8000000119,0.8,1,5.324,4.673
25,0.8046517968,0.804,1,5.289,4.643
26,0.8436227441,0.843,1,4.999,4.392
27,0.8500000238,0.85,1,4.952,4.351
28,0.8771315813,0.877,1,4.754,4.179
29,0.8999999762,0.899,1,4.587,4.033
30,0.9081849456,0.908,1,4.528,3.982
31,0.9359174371,0.935,1,4.325,3.806
32,0.9500000477,0.95,1,4.222,3.716
33,0.971799314,0.972,1,4.061,3.578
34,0.9950703979,0.995,1,3.886,3.427
35,1.0,1.0,1,3.848,3.394
36,1.016272068,1.016,1,3.724,3.29
37,1.0364923477,1.036,1,3.568,3.157
38,1.0499999523,1.05,1,3.462,3.068
39,1.0592623949,1.059,1,3.392,3.009
40,1.0746828318,1.074,1,3.272,2.908
41,1.0868706703,1.086,1,3.172,2.822
42,1.098151207,1.097,1,3.078,2.74
43,1.1000000238,1.099,1,3.062,2.725
44,1.1098858118,1.109,1,2.993,2.659
45,1.1131739616,1.112,1,2.97,2.636
46,1.1249707937,1.124,1,2.86,2.536
47,1.1302313805,1.13,1,2.787,2.48
48,1.1320977211,1.131,1,2.735,2.442
49,1.1322022676,1.131,1,2.731,2.439
50,1.137468338,1.137,2,2.663,2.361
51,1.1464434862,1.146,2,2.567,2.255
52,1.1499999762,1.149,2,2.529,2.212
53,1.155801177,1.155,2,2.465,2.13
54,1.1602249146,1.16,2,2.414,2.058
55,1.1642950773,1.164,2,2.367,1.983
56,1.1673407555,1.167,2,2.332,1.919
57,1.1699295044,1.169,2,2.305,1.86
58,1.1724324226,1.172,2,2.283,1.801
59,1.1747834682,1.174,2,2.271,1.747
60,1.1770557165,1.176,2,2.273,1.703
61,1.1792408228,1.179,2,2.298,1.676
62,1.1813508272,1.181,2,2.344,1.672
63,1.1838527918,1.183,2,2.395,1.669
64,1.1868336201,1.186,2,2.392,1.615
65,1.1870766878,1.187,2,2.38,1.601
66,1.1888196468,1.188,3,2.286,1.493
67,1.1902718544,1.19,3,2.193,1.392
68,1.1917473078,1.191,3,2.09,1.28
69,1.1931091547,1.193,3,1.985,1.168
70,1.1943728924,1.194,3,1.879,1.056
71,1.1956007481,1.195,3,1.769,0.94
72,1.1967242956,1.196,3,1.661,0.825
73,1.1977161169,1.197,3,1.559,0.717
74,1.1986736059,1.198,3,1.452,0.603
75,1.1995487213,1.199,3,1.345,0.49
76,1.2000000477,1.2,3,1.286,0.427
77,1.2003645897,1.2,3,1.241,0.379
78,1.2011371851,1.201,3,1.137,0.267
79,1.2018672228,1.201,3,1.03,0.154
80,1.2025264502,1.202,3,0.927,0.042
81,1.2031416893,1.203,3,0.823,-0.07
82,1.2036902905,1.203,3,0.723,-0.178
83,1.2042037249,1.204,3,0.623,-0.287
84,1.2046790123,1.204,3,0.523,-0.395
85,1.2051301003,1.205,3,0.422,-0.506
86,1.2055369616,1.205,3,0.324,-0.612
87,1.2059295177,1.205,3,0.226,-0.72
88,1.2063113451,1.206,3,0.132,-0.825
89,1.2067548037,1.206,3,0.042,-0.924
90,1.2069203854,1.206,3,0.024,-0.944
91,1.2071923018,1.207,3,0.078,-0.882
92,1.2073913813,1.207,3,0.153,-0.798
93,1.2074375153,1.207,3,0.141,-0.812
94,1.2077337503,1.207,3,0.045,-0.917
95,1.2080252171,1.208,3,-0.048,-1.02
96,1.2083101273,1.208,3,-0.142,-1.125
97,1.2085698843,1.208,3,-0.235,-1.228
98,1.2088154554,1.208,3,-0.328,-1.332
99,1.2090382576,1.209,3,-0.417,-1.433
100,1.2092485428,1.209,3,-0.507,-1.534
101,1.209441781,1.209,3,-0.596,-1.635
102,1.2096182108,1.209,3,-0.682,-1.734
103,1.2097824812,1.209,3,-0.768,-1.832
104,1.2099359035,1.209,3,-0.853,-1.93
105,1.2100768089,1.21,3,-0.936,-2.026
106,1.2102067471,1.21,3,-1.017,-2.121
107,1.21033144,1.21,3,-1.099,-2.218
108,1.2104444504,1.21,3,-1.18,-2.312
109,1.2105517387,1.21,3,-1.258,-2.406
110,1.2106488943,1.21,3,-1.331,-2.495
111,1.2107415199,1.21,3,-1.404,-2.586
112,1.2108272314,1.21,3,-1.476,-2.675
113,1.2109075785,1.21,3,-1.548,-2.765
114,1.2109847069,1.211,3,-1.62,-2.856
115,1.2110714912,1.211,3,-1.703,-2.963
116,1.2111517191,1.211,3,-1.785,-3.07
117,1.2112122774,1.211,3,-1.85,-3.156
118,1.2112821341,1.211,3,-1.93,-3.262
119,1.2113461494,1.211,3,-2.002,-3.364
120,1.2114059925,1.211,3,-2.071,-3.465
121,1.2114522457,1.211,3,-2.128,-3.548
122,1.2115043402,1.211,3,-2.196,-3.647
123,1.2115534544,1.211,3,-2.26,-3.745
124,1.2115998268,1.211,3,-2.322,-3.843
125,1.2116433382,1.211,3,-2.384,-3.94
126,1.2116838694,1.211,3,-2.442,-4.032
127,1.211707592,1.211,3,-2.472,-4.083
128,1.211707592,1.211,4,0.308,-0.531
129,1.2120147943,1.212,4,0.284,-0.559
130,1.212297678,1.212,4,0.273,-0.572
131,1.2125883102,1.212,4,0.265,-0.581
132,1.2128744125,1.212,4,0.258,-0.587
133,1.2131718397,1.213,4,0.252,-0.591
134,1.2134658098,1.213,4,0.247,-0.596
135,1.2137585878,1.213,4,0.241,-0.6
136,1.2140784264,1.214,4,0.236,-0.604
137,1.2143986225,1.214,4,0.23,-0.609
138,1.2146967649,1.214,4,0.224,-0.613
139,1.2150079012,1.215,4,0.218,-0.619
140,1.2153155804,1.215,4,0.211,-0.624
141,1.2156099081,1.215,4,0.206,-0.629
142,1.2159136534,1.215,4,0.2,-0.634
143,1.2162238359,1.216,4,0.193,-0.639
144,1.2163174152,1.216,4,0.192,-0.641
145,1.2164603472,1.216,4,0.189,-0.643
146,1.2167772055,1.216,4,0.182,-0.649
147,1.2170809507,1.217,4,0.176,-0.654
148,1.217397809,1.217,4,0.17,-0.66
149,1.2177151442,1.217,4,0.164,-0.666
150,1.2180305719,1.218,4,0.157,-0.672
151,1.218352437,1.218,4,0.151,-0.678
152,1.2185721397,1.218,4,0.146,-0.683
153,1.2186563015,1.218,4,0.144,-0.685
154,1.2189577818,1.219,4,0.138,-0.692
155,1.2192534208,1.219,4,0.131,-0.699
156,1.2195631266,1.219,4,0.124,-0.707
157,1.2198753357,1.219,4,0.116,-0.717
158,1.2201714516,1.22,4,0.107,-0.727
159,1.2204744816,1.22,4,0.098,-0.738
160,1.2207759619,1.22,4,0.088,-0.751
161,1.2210747004,1.221,4,0.077,-0.764
162,1.2213741541,1.221,4,0.072,-0.771
163,1.2216899395,1.221,4,0.052,-0.796
164,1.2219884396,1.222,4,0.013,-0.847
165,1.2222378254,1.222,4,-0.061,-0.939
166,1.2223393917,1.222,4,-0.139,-1.035
167,1.2223773003,1.222,4,-0.218,-1.13
168,1.2223929167,1.222,4,-0.295,-1.22
169,1.2224006653,1.222,4,-0.366,-1.305
170,1.2224007845,1.222,7,-0.367,-1.306
171,1.2224032879,1.222,7,-0.405,-1.35
172,1.2224086523,1.222,7,-0.488,-1.446
173,1.2224142551,1.222,7,-0.568,-1.539
174,1.2224295139,1.222,7,-0.614,-1.592
175,1.2224570513,1.222,7,-0.536,-1.501
176,1.2226593494,1.221,7,-0.584,-1.558
177,1.222764492,1.22,7,-0.685,-1.675
178,1.2228287458,1.22,7,-0.763,-1.767
179,1.2228925228,1.219,7,-0.838,-1.855
180,1.2229624987,1.219,7,-0.922,-1.953
181,1.223025918,1.218,7,-1.006,-2.053
182,1.2230838537,1.217,7,-1.091,-2.153
183,1.2231367826,1.216,7,-1.176,-2.254
184,1.2231844664,1.214,7,-1.253,-2.352
185,1.2232277393,1.213,7,-1.321,-2.451
186,1.2232660055,1.211,7,-1.402,-2.55
187,1.2233012915,1.209,7,-1.478,-2.646
188,1.2233344316,1.207,7,-1.554,-2.742
189,1.2233660221,1.205,7,-1.63,-2.839
190,1.2233951092,1.202,7,-1.706,-2.936
191,1.2234221697,1.198,7,-1.777,-3.03
192,1.2234495878,1.194,7,-1.847,-3.124
193,1.2234771252,1.189,7,-1.916,-3.217
194,1.2235046625,1.182,7,-1.984,-3.312
195,1.2235300541,1.175,7,-2.045,-3.406
196,1.2235491276,1.168,7,-2.105,-3.499
197,1.223561883,1.162,7,-2.159,-3.583
198,1.2235747576,1.155,7,-2.215,-3.673
199,1.2235845327,1.148,7,-2.263,-3.753
200,1.2235945463,1.14,7,-2.312,-3.839
201,1.2236062288,1.128,7,-2.365,-3.933
202,1.2236081362,1.126,7,-2.357,-3.921
203,1.2236089706,1.125,7,-2.349,-3.908
204,1.2236096859,1.124,7,-2.372,-3.948
205,1.2236102819,1.123,7,-2.393,-3.984
206,1.2236109972,1.122,7,-2.411,-4.019
207,1.2236119509,1.121,7,-2.429,-4.054
208,1.2236135006,1.118,7,-2.458,-4.119
209,1.2236155272,1.114,7,-2.503,-4.219
210,1.2236183882,1.106,7,-2.537,-4.308
