,Mini,Mass,label,Vmag,Imag
0,0.0900000036,0.09,1,16.551,12.729
1,0.0965232626,0.096,1,15.627,12.089
2,0.0992550179,0.099,1,15.261,11.906
3,0.117765069,0.118,1,13.877,11.184
4,0.1362751126,0.136,1,13.088,10.7
5,0.1471183449,0.147,1,12.773,10.482
6,0.1547851712,0.154,1,12.565,10.338
7,0.1918052733,0.191,1,11.859,9.807
8,0.2215219736,0.221,1,11.446,9.474
9,0.2380803972,0.237,1,11.24,9.307
10,0.2843555212,0.283,1,10.758,8.906
11,0.3306306303,0.33,1,10.343,8.551
12,0.3769057393,0.376,1,9.943,8.19
13,0.4231809378,0.422,1,9.449,7.804
14,0.469456017,0.469,1,8.883,7.39
15,0.4964663386,0.496,1,8.542,7.138
16,0.5157311559,0.515,1,8.308,6.965
17,0.5620062351,0.561,1,7.681,6.52
18,0.6082813144,0.608,1,7.113,6.1
19,0.6545565128,0.654,1,6.61,5.711
20,0.6843814254,0.684,1,6.318,5.481
21,0.7023925185,0.702,1,6.153,5.349
22,0.7169028521,0.717,1,6.026,5.247
23,0.7447927594,0.745,1,5.791,5.057
24,0.7502285242,0.75,1,5.747,5.021
25,0.7748987079,0.775,1,5.551,4.857
26,0.7980645895,0.798,1,5.372,4.706
27,0.7983060479,0.798,1,5.37,4.704
28,0.8270078897,0.826,1,5.153,4.516
29,0.8459006548,0.845,1,5.011,4.393
30,0.8595582247,0.859,1,4.91,4.305
31,0.8799859285,0.879,1,4.758,4.172
32,0.8937367201,0.893,1,4.657,4.083
33,0.8984229565,0.897,1,4.622,4.052
34,0.9156600833,0.915,1,4.494,3.94
35,0.9320303798,0.931,1,4.373,3.833
36,0.9415726662,0.941,1,4.301,3.77
37,0.9563904405,0.956,1,4.19,3.673
38,0.9789967537,0.978,1,4.018,3.522
39,0.9894086719,0.989,1,3.936,3.451
40,0.9989527464,0.998,1,3.863,3.387
41,1.0168061256,1.016,1,3.722,3.265
42,1.0327908993,1.032,1,3.596,3.154
43,1.0372446775,1.036,1,3.561,3.123
44,1.0380626917,1.037,1,3.555,3.118
45,1.0543893576,1.053,1,3.425,3.004
46,1.0680955648,1.067,1,3.311,2.903
47,1.0795879364,1.078,1,3.209,2.812
48,1.0850807428,1.084,1,3.159,2.767
49,1.0931985378,1.092,1,3.094,2.705
50,1.096014142,1.095,1,3.071,2.683
51,1.1013422012,1.1,1,3.022,2.636
52,1.109066844,1.108,1,2.946,2.563
53,1.1157692671,1.115,1,2.868,2.491
54,1.1198523045,1.119,1,2.797,2.43
55,1.1223729849,1.121,2,2.765,2.392
56,1.127887249,1.127,2,2.703,2.321
57,1.1329168081,1.132,2,2.647,2.256
58,1.1377439499,1.137,2,2.592,2.187
59,1.1441307068,1.143,2,2.517,2.079
60,1.1490600109,1.148,2,2.461,1.982
61,1.1525924206,1.152,2,2.43,1.908
62,1.1551516056,1.154,2,2.423,1.858
63,1.1570953131,1.156,2,2.435,1.832
64,1.1586509943,1.158,2,2.46,1.822
65,1.1599647999,1.159,2,2.489,1.82
66,1.1611378193,1.16,2,2.513,1.817
67,1.1622521877,1.161,2,2.529,1.809
68,1.1633592844,1.162,2,2.539,1.798
69,1.16494596,1.164,2,2.535,1.765
70,1.1660362482,1.165,2,2.523,1.735
71,1.1667729616,1.166,3,2.483,1.688
72,1.168415308,1.167,3,2.381,1.574
73,1.1697723866,1.169,3,2.284,1.468
74,1.17116189,1.17,3,2.174,1.35
75,1.1723351479,1.171,3,2.072,1.242
76,1.1735162735,1.172,3,1.963,1.127
77,1.1746844053,1.174,3,1.848,1.004
78,1.1756660938,1.175,3,1.742,0.892
79,1.1765861511,1.176,3,1.636,0.779
80,1.1774811745,1.176,3,1.523,0.659
81,1.1782449484,1.177,3,1.418,0.548
82,1.1789718866,1.178,3,1.311,0.433
83,1.1796004772,1.179,3,1.21,0.325
84,1.1802022457,1.179,3,1.107,0.214
85,1.1807527542,1.18,3,1.005,0.104
86,1.1809152365,1.18,3,0.975,0.072
87,1.181432128,1.18,3,0.875,-0.037
88,1.1819343567,1.181,3,0.77,-0.151
89,1.1823824644,1.181,3,0.67,-0.261
90,1.1827981472,1.182,3,0.569,-0.37
91,1.1831959486,1.182,3,0.468,-0.482
92,1.1835613251,1.183,3,0.37,-0.589
93,1.1839120388,1.183,3,0.274,-0.695
94,1.1842957735,1.183,3,0.182,-0.797
95,1.1845649481,1.184,3,0.141,-0.843
96,1.1846810579,1.184,3,0.159,-0.822
97,1.1849105358,1.184,3,0.233,-0.738
98,1.185008049,1.184,3,0.276,-0.69
99,1.1851319075,1.184,3,0.234,-0.737
100,1.1854155064,1.184,3,0.135,-0.846
101,1.1856797934,1.185,3,0.042,-0.95
102,1.1859287024,1.185,3,-0.05,-1.052
103,1.186164856,1.185,3,-0.142,-1.155
104,1.1863861084,1.185,3,-0.233,-1.258
105,1.1865845919,1.186,3,-0.321,-1.357
106,1.1867716312,1.186,3,-0.41,-1.459
107,1.186942935,1.186,3,-0.498,-1.559
108,1.187101841,1.186,3,-0.584,-1.658
109,1.1872485876,1.186,3,-0.668,-1.755
110,1.187386632,1.186,3,-0.752,-1.853
111,1.1875122786,1.187,3,-0.835,-1.949
112,1.1876291037,1.187,3,-0.917,-2.045
113,1.1877369881,1.187,3,-0.996,-2.139
114,1.1878365278,1.187,3,-1.071,-2.229
115,1.1879290342,1.187,3,-1.144,-2.319
116,1.1880130768,1.187,3,-1.214,-2.406
117,1.1880942583,1.187,3,-1.286,-2.495
118,1.1881690025,1.187,3,-1.355,-2.582
119,1.1882379055,1.187,3,-1.421,-2.667
120,1.1883033514,1.187,3,-1.487,-2.752
121,1.1883630753,1.187,3,-1.55,-2.834
122,1.1884208918,1.187,3,-1.615,-2.918
123,1.1884734631,1.188,3,-1.676,-2.998
124,1.1885225773,1.188,3,-1.732,-3.076
125,1.1885704994,1.188,3,-1.791,-3.156
126,1.1886239052,1.188,3,-1.858,-3.251
127,1.1886641979,1.188,3,-1.911,-3.327
128,1.1887029409,1.188,3,-1.961,-3.402
129,1.1887463331,1.188,3,-2.019,-3.491
130,1.1887869835,1.188,3,-2.077,-3.579
131,1.1888183355,1.188,3,-2.124,-3.65
132,1.1888546944,1.188,3,-2.18,-3.737
133,1.1888878345,1.188,3,-2.229,-3.819
134,1.188918829,1.188,3,-2.278,-3.9
135,1.1889481544,1.188,3,-2.324,-3.978
136,1.188975811,1.188,3,-2.365,-4.05
137,1.1889842749,1.188,3,-2.376,-4.072
138,1.1889842749,1.188,4,0.365,-0.494
139,1.1892315149,1.189,4,0.341,-0.522
140,1.1894924641,1.189,4,0.328,-0.537
141,1.1897560358,1.189,4,0.319,-0.546
142,1.1900169849,1.189,4,0.314,-0.55
143,1.1902909279,1.19,4,0.309,-0.554
144,1.1905571222,1.19,4,0.304,-0.557
145,1.1908243895,1.19,4,0.3,-0.56
146,1.1910905838,1.19,4,0.295,-0.563
147,1.1913384199,1.191,4,0.291,-0.566
148,1.1916052103,1.191,4,0.286,-0.57
149,1.1918830872,1.191,4,0.28,-0.575
150,1.1921436787,1.191,4,0.275,-0.579
151,1.1924210787,1.192,4,0.269,-0.584
152,1.1926962137,1.192,4,0.264,-0.588
153,1.1927195787,1.192,4,0.263,-0.589
154,1.1929748058,1.192,4,0.258,-0.593
155,1.1932469606,1.193,4,0.252,-0.598
156,1.1935120821,1.193,4,0.247,-0.603
157,1.193765521,1.193,4,0.242,-0.608
158,1.1940352917,1.193,4,0.236,-0.614
159,1.1942898035,1.194,4,0.23,-0.619
160,1.1945405006,1.194,4,0.224,-0.625
161,1.1945664883,1.194,4,0.223,-0.626
162,1.1947968006,1.194,4,0.218,-0.632
163,1.1950492859,1.194,4,0.211,-0.639
164,1.1952941418,1.195,4,0.205,-0.647
165,1.1954433918,1.195,4,0.2,-0.652
166,1.1954956055,1.195,4,0.199,-0.653
167,1.1957843304,1.195,4,0.19,-0.664
168,1.1960760355,1.196,4,0.18,-0.675
169,1.1963634491,1.196,4,0.17,-0.687
170,1.1966488361,1.196,4,0.158,-0.702
171,1.1969411373,1.196,4,0.148,-0.712
172,1.1972317696,1.197,4,0.139,-0.724
173,1.1975262165,1.197,4,0.103,-0.77
174,1.1978137493,1.197,4,0.025,-0.867
175,1.1979286671,1.197,4,-0.039,-0.946
176,1.1979842186,1.197,4,-0.1,-1.019
177,1.1980102062,1.197,4,-0.165,-1.097
178,1.1980245113,1.197,4,-0.24,-1.186
179,1.1980321407,1.197,4,-0.31,-1.27
180,1.1980339289,1.197,4,-0.331,-1.294
181,1.1980340481,1.197,7,-0.332,-1.295
182,1.1980363131,1.197,7,-0.368,-1.337
183,1.1980410814,1.197,7,-0.454,-1.437
184,1.1980462074,1.197,7,-0.533,-1.53
185,1.1980599165,1.197,7,-0.533,-1.53
186,1.198084712,1.197,7,-0.449,-1.432
187,1.1982666254,1.196,7,-0.512,-1.505
188,1.1983612776,1.196,7,-0.61,-1.62
189,1.1984192133,1.195,7,-0.695,-1.721
190,1.198476553,1.195,7,-0.774,-1.814
191,1.1985394955,1.194,7,-0.858,-1.914
192,1.1985967159,1.193,7,-0.943,-2.015
193,1.1986488104,1.192,7,-1.025,-2.113
194,1.1986964941,1.191,7,-1.108,-2.213
195,1.1987394094,1.19,7,-1.189,-2.311
196,1.1987782717,1.188,7,-1.247,-2.406
197,1.1988128424,1.187,7,-1.32,-2.501
198,1.198844552,1.185,7,-1.395,-2.597
199,1.1988744736,1.182,7,-1.47,-2.693
200,1.1989028454,1.18,7,-1.541,-2.787
201,1.1989290714,1.177,7,-1.614,-2.883
202,1.1989533901,1.174,7,-1.683,-2.975
203,1.1989780664,1.169,7,-1.753,-3.068
204,1.199002862,1.164,7,-1.815,-3.158
205,1.1990276575,1.158,7,-1.876,-3.249
206,1.1990505457,1.15,7,-1.936,-3.344
207,1.1990677118,1.143,7,-2.001,-3.444
208,1.1990791559,1.138,7,-2.056,-3.534
209,1.1990908384,1.13,7,-2.108,-3.623
210,1.1990995407,1.124,7,-2.161,-3.711
211,1.1991086006,1.115,7,-2.21,-3.798
212,1.199119091,1.103,7,-2.251,-3.885
213,1.1991208792,1.1,7,-2.222,-3.831
214,1.1991215944,1.1,7,-2.199,-3.791
215,1.1991221905,1.099,7,-2.244,-3.874
216,1.1991227865,1.098,7,-2.283,-3.945
217,1.1991235018,1.097,7,-2.316,-4.016
218,1.199124217,1.095,7,-2.345,-4.086
219,1.1991257668,1.092,7,-2.375,-4.175
220,1.1991275549,1.087,7,-2.399,-4.258
221,1.1991300583,1.078,7,-2.413,-4.317
