,Mini,Mass,label,Vmag,Imag
0,0.0900000036,0.09,1,16.752,12.86
1,0.0943330973,0.094,1,16.164,12.402
2,0.0994979441,0.099,1,15.479,11.984
3,0.1165424362,0.116,1,14.172,11.304
4,0.1184938252,0.118,1,14.047,11.235
5,0.1374897063,0.137,1,13.235,10.743
6,0.1564855874,0.156,1,12.689,10.374
7,0.1944773495,0.194,1,11.948,9.826
8,0.2419670522,0.241,1,11.303,9.313
9,0.2894567847,0.289,1,10.807,8.903
10,0.2936730087,0.293,1,10.767,8.869
11,0.3369464576,0.336,1,10.387,8.545
12,0.3844361603,0.384,1,9.956,8.176
13,0.4319258928,0.431,1,9.465,7.77
14,0.4794155955,0.479,1,8.848,7.338
15,0.5269052982,0.526,1,8.24,6.895
16,0.5743949413,0.574,1,7.596,6.439
17,0.6218847036,0.621,1,7.007,6.005
18,0.6410220265,0.64,1,6.789,5.838
19,0.6693744659,0.669,1,6.491,5.605
20,0.6716445684,0.671,1,6.468,5.587
21,0.6977264285,0.697,1,6.212,5.384
22,0.7179160714,0.717,1,6.024,5.234
23,0.721516788,0.721,1,5.992,5.208
24,0.7433312535,0.743,1,5.801,5.052
25,0.7664576769,0.766,1,5.605,4.891
26,0.7745116949,0.774,1,5.538,4.834
27,0.7957122922,0.795,1,5.365,4.687
28,0.8149626851,0.814,1,5.209,4.553
29,0.8149994016,0.814,1,5.209,4.553
30,0.8217098117,0.821,1,5.155,4.506
31,0.8421384692,0.841,1,4.992,4.363
32,0.8608295321,0.86,1,4.842,4.231
33,0.863541007,0.862,1,4.821,4.212
34,0.8740510941,0.873,1,4.736,4.137
35,0.8877549171,0.887,1,4.625,4.039
36,0.9010593295,0.9,1,4.516,3.941
37,0.9120826721,0.911,1,4.425,3.859
38,0.9244274497,0.923,1,4.322,3.768
39,0.9450598955,0.944,1,4.144,3.609
40,0.960624218,0.96,1,4.007,3.484
41,0.9684562087,0.967,1,3.938,3.422
42,0.9825443625,0.982,1,3.813,3.308
43,0.9959022999,0.995,1,3.693,3.198
44,1.0071371794,1.006,1,3.588,3.1
45,1.0091658831,1.008,1,3.568,3.081
46,1.0162655115,1.015,1,3.497,3.015
47,1.0273121595,1.026,1,3.382,2.906
48,1.0280784369,1.027,1,3.374,2.898
49,1.0375922918,1.036,1,3.266,2.793
50,1.0448611975,1.044,1,3.179,2.704
51,1.052308321,1.051,1,3.084,2.604
52,1.0538700819,1.053,1,3.064,2.582
53,1.0555938482,1.054,2,3.042,2.558
54,1.0577075481,1.057,2,3.014,2.526
55,1.0601804256,1.059,2,2.979,2.486
56,1.0652378798,1.064,2,2.908,2.401
57,1.0691994429,1.068,2,2.852,2.33
58,1.0735747814,1.072,2,2.791,2.242
59,1.0774703026,1.076,2,2.747,2.16
60,1.0802032948,1.079,2,2.737,2.112
61,1.0821478367,1.081,2,2.751,2.092
62,1.0835745335,1.082,2,2.774,2.086
63,1.0846873522,1.083,2,2.795,2.082
64,1.0856257677,1.084,2,2.813,2.078
65,1.0863258839,1.085,2,2.827,2.074
66,1.087025404,1.086,2,2.829,2.061
67,1.0880836248,1.087,2,2.807,2.018
68,1.0890401602,1.088,2,2.762,1.959
69,1.0894482136,1.088,2,2.736,1.928
70,1.0900461674,1.089,3,2.69,1.876
71,1.0912460089,1.09,3,2.587,1.763
72,1.0923686028,1.091,3,2.478,1.645
73,1.0934199095,1.092,3,2.367,1.526
74,1.094383955,1.093,3,2.256,1.409
75,1.0952732563,1.094,3,2.146,1.292
76,1.0961601734,1.095,3,2.027,1.166
77,1.0969004631,1.095,3,1.919,1.053
78,1.0976262093,1.096,3,1.806,0.932
79,1.0982887745,1.097,3,1.693,0.812
80,1.098887682,1.097,3,1.582,0.694
81,1.0994080305,1.098,3,1.478,0.583
82,1.0998990536,1.098,3,1.372,0.469
83,1.1003439426,1.099,3,1.268,0.357
84,1.1007578373,1.099,3,1.164,0.244
85,1.1011205912,1.1,3,1.066,0.138
86,1.1014728546,1.1,3,0.963,0.026
87,1.1017845869,1.1,3,0.865,-0.081
88,1.1020679474,1.101,3,0.771,-0.183
89,1.1023298502,1.101,3,0.678,-0.285
90,1.1025785208,1.101,3,0.584,-0.388
91,1.1028008461,1.101,3,0.496,-0.486
92,1.1030169725,1.102,3,0.407,-0.584
93,1.1032184362,1.102,3,0.327,-0.673
94,1.1034712791,1.102,3,0.255,-0.753
95,1.1035460234,1.102,3,0.235,-0.775
96,1.1037598848,1.102,3,0.324,-0.673
97,1.1038547754,1.102,3,0.382,-0.608
98,1.1038826704,1.102,3,0.368,-0.624
99,1.1040587425,1.103,3,0.277,-0.725
100,1.1042407751,1.103,3,0.184,-0.829
101,1.1044113636,1.103,3,0.093,-0.931
102,1.1045742035,1.103,3,0.001,-1.035
103,1.1047239304,1.103,3,-0.089,-1.137
104,1.1048625708,1.103,3,-0.179,-1.238
105,1.1049907207,1.104,3,-0.267,-1.339
106,1.1051098108,1.104,3,-0.353,-1.438
107,1.1052174568,1.104,3,-0.437,-1.535
108,1.1053198576,1.104,3,-0.522,-1.634
109,1.1054124832,1.104,3,-0.604,-1.73
110,1.1055006981,1.104,3,-0.687,-1.827
111,1.1055803299,1.104,3,-0.764,-1.92
112,1.1056542397,1.104,3,-0.84,-2.013
113,1.105722785,1.104,3,-0.916,-2.104
114,1.1057854891,1.104,3,-0.989,-2.194
115,1.1058455706,1.104,3,-1.061,-2.284
116,1.1058994532,1.104,3,-1.129,-2.371
117,1.10595119,1.104,3,-1.197,-2.459
118,1.1059986353,1.105,3,-1.264,-2.544
119,1.1060433388,1.105,3,-1.33,-2.63
120,1.1060860157,1.105,3,-1.395,-2.716
121,1.1061329842,1.105,3,-1.469,-2.816
122,1.1061692238,1.105,3,-1.529,-2.899
123,1.1062033176,1.105,3,-1.589,-2.98
124,1.1062419415,1.105,3,-1.659,-3.079
125,1.1062492132,1.105,3,-1.672,-3.098
126,1.1062659025,1.105,3,-1.701,-3.141
127,1.1062942743,1.105,3,-1.753,-3.22
128,1.1063264608,1.105,3,-1.815,-3.314
129,1.1063566208,1.105,3,-1.875,-3.406
130,1.1063802242,1.105,3,-1.924,-3.483
131,1.1064063311,1.105,3,-1.977,-3.572
132,1.1064310074,1.105,3,-2.031,-3.661
133,1.1064537764,1.105,3,-2.081,-3.747
134,1.106475234,1.105,3,-2.13,-3.832
135,1.1064952612,1.105,3,-2.169,-3.915
136,1.1065138578,1.105,3,-2.202,-3.993
137,1.1065280437,1.105,3,-2.226,-4.049
138,1.1065280437,1.105,4,0.443,-0.436
139,1.1066906452,1.105,4,0.417,-0.466
140,1.1068623066,1.106,4,0.405,-0.48
141,1.1070356369,1.106,4,0.398,-0.487
142,1.1072071791,1.106,4,0.394,-0.49
143,1.1073871851,1.106,4,0.391,-0.492
144,1.1075621843,1.106,4,0.389,-0.493
145,1.1077377796,1.106,4,0.386,-0.493
146,1.1079126596,1.107,4,0.384,-0.495
147,1.1080753803,1.107,4,0.381,-0.496
148,1.1082504988,1.107,4,0.377,-0.498
149,1.1084330082,1.107,4,0.374,-0.5
150,1.1086039543,1.107,4,0.37,-0.503
151,1.1087859869,1.107,4,0.366,-0.506
152,1.1089664698,1.108,4,0.362,-0.509
153,1.1089817286,1.108,4,0.362,-0.509
154,1.1091341972,1.108,4,0.359,-0.512
155,1.1093140841,1.108,4,0.354,-0.515
156,1.1094871759,1.108,4,0.35,-0.519
157,1.1096516848,1.108,4,0.346,-0.522
158,1.1098146439,1.108,4,0.342,-0.526
159,1.1099829674,1.109,4,0.337,-0.531
160,1.1101561785,1.109,4,0.332,-0.536
161,1.1102052927,1.109,4,0.331,-0.538
162,1.1102205515,1.109,4,0.33,-0.538
163,1.1103751659,1.109,4,0.325,-0.544
164,1.1105298996,1.109,4,0.319,-0.55
165,1.110688448,1.109,4,0.313,-0.557
166,1.1108477116,1.109,4,0.306,-0.565
167,1.1110038757,1.11,4,0.298,-0.574
168,1.1111588478,1.11,4,0.29,-0.584
169,1.111315012,1.11,4,0.281,-0.595
170,1.111472249,1.11,4,0.27,-0.608
171,1.1116415262,1.11,4,0.256,-0.625
172,1.1118048429,1.11,4,0.244,-0.639
173,1.1119543314,1.111,4,0.236,-0.649
174,1.1121163368,1.111,4,0.201,-0.693
175,1.1122740507,1.111,4,0.126,-0.785
176,1.1123437881,1.111,4,0.043,-0.886
177,1.1123741865,1.111,4,-0.041,-0.988
178,1.112388134,1.111,4,-0.126,-1.09
179,1.1123945713,1.111,4,-0.208,-1.187
180,1.1123974323,1.111,7,-0.265,-1.254
181,1.1123987436,1.111,7,-0.302,-1.298
182,1.1124016047,1.111,7,-0.378,-1.387
183,1.1124056578,1.111,7,-0.458,-1.482
184,1.1124229431,1.111,7,-0.43,-1.448
185,1.1125574112,1.11,7,-0.451,-1.473
186,1.1126202345,1.109,7,-0.546,-1.587
187,1.1126768589,1.108,7,-0.656,-1.718
188,1.1127237082,1.107,7,-0.753,-1.834
189,1.1127644777,1.106,7,-0.842,-1.942
190,1.1128002405,1.104,7,-0.929,-2.047
191,1.1128313541,1.103,7,-1.014,-2.15
192,1.1128587723,1.101,7,-1.089,-2.247
193,1.1128833294,1.099,7,-1.152,-2.342
194,1.1129055023,1.097,7,-1.227,-2.44
195,1.1129261255,1.095,7,-1.287,-2.533
196,1.1129448414,1.092,7,-1.358,-2.627
197,1.1129624844,1.089,7,-1.428,-2.72
198,1.1129794121,1.085,7,-1.499,-2.815
199,1.1129956245,1.081,7,-1.564,-2.907
200,1.1130104065,1.076,7,-1.623,-2.992
201,1.1130255461,1.07,7,-1.68,-3.078
202,1.1130405664,1.063,7,-1.738,-3.167
203,1.1130536795,1.054,7,-1.794,-3.26
204,1.1130627394,1.048,7,-1.848,-3.351
205,1.1130690575,1.042,7,-1.896,-3.431
206,1.1130751371,1.035,7,-1.941,-3.51
207,1.1130803823,1.027,7,-1.982,-3.589
208,1.1130855083,1.019,7,-2.022,-3.669
209,1.1130903959,1.009,7,-2.061,-3.75
210,1.113093257,1.002,7,-2.078,-3.792
211,1.1130940914,1.0,7,-2.093,-3.835
212,1.1130946875,0.998,7,-2.101,-3.866
213,1.1130955219,0.996,7,-2.117,-3.921
214,1.1130963564,0.992,7,-2.119,-3.929
215,1.1130964756,0.992,7,-2.134,-3.982
216,1.1130965948,0.991,7,-2.104,-3.88
217,1.113096714,0.991,7,-2.13,-3.962
218,1.1130968332,0.99,7,-2.108,-3.895
219,1.1130974293,0.988,7,-2.122,-3.942
220,1.1130977869,0.987,7,-2.132,-3.977
221,1.1130980253,0.985,7,-2.142,-4.013
222,1.1130985022,0.983,7,-2.152,-4.05
223,1.113098979,0.981,7,-2.153,-4.085
224,1.1130994558,0.978,7,-2.154,-4.122
225,1.1131001711,0.973,7,-2.152,-4.158
226,1.113101244,0.965,7,-2.146,-4.201
227,1.1131016016,0.962,7,-2.144,-4.207
