,Mini,Mass,label,Vmag,Imag
0,0.0900000036,0.09,1,17.11,13.029
1,0.0929344893,0.093,1,16.726,12.794
2,0.0999285132,0.1,1,15.879,12.163
3,0.1197855473,0.12,1,14.382,11.339
4,0.1396425813,0.14,1,13.517,10.83
5,0.1594996154,0.159,1,12.932,10.449
6,0.1992136687,0.199,1,12.126,9.877
7,0.2488562763,0.249,1,11.452,9.353
8,0.2984988689,0.298,1,10.946,8.94
9,0.3412276506,0.341,1,10.547,8.605
10,0.348141402,0.348,1,10.487,8.554
11,0.3977839947,0.398,1,10.004,8.167
12,0.4474266171,0.447,1,9.511,7.733
13,0.49706918,0.497,1,8.824,7.275
14,0.523920238,0.524,1,8.469,7.022
15,0.5467118025,0.546,1,8.182,6.817
16,0.55307585,0.553,1,8.096,6.757
17,0.5963543653,0.596,1,7.531,6.361
18,0.6428443193,0.643,1,6.959,5.945
19,0.6459969282,0.646,1,6.923,5.918
20,0.6560125947,0.656,1,6.811,5.834
21,0.6950509548,0.695,1,6.409,5.523
22,0.6956394911,0.696,1,6.403,5.518
23,0.7188422084,0.719,1,6.182,5.345
24,0.7454319,0.745,1,5.945,5.156
25,0.7462339401,0.746,1,5.938,5.151
26,0.7714071274,0.771,1,5.729,4.98
27,0.7946047187,0.794,1,5.543,4.826
28,0.7952242494,0.795,1,5.538,4.822
29,0.8033171892,0.803,1,5.475,4.768
30,0.8272874355,0.827,1,5.29,4.611
31,0.8450166583,0.844,1,5.155,4.495
32,0.8535209894,0.853,1,5.091,4.44
33,0.8765120506,0.876,1,4.92,4.291
34,0.894808948,0.894,1,4.785,4.172
35,0.8980533481,0.897,1,4.761,4.151
36,0.9148860574,0.914,1,4.636,4.04
37,0.9308701754,0.93,1,4.517,3.935
38,0.9446012974,0.944,1,4.415,3.843
39,0.9451597333,0.945,1,4.41,3.84
40,0.958868444,0.958,1,4.307,3.748
41,0.9830368161,0.983,1,4.123,3.583
42,0.9943937063,0.994,1,4.035,3.504
43,0.995796442,0.996,1,4.024,3.494
44,1.0130084753,1.013,1,3.891,3.374
45,1.0284256935,1.028,1,3.772,3.266
46,1.0429826975,1.042,1,3.661,3.164
47,1.0441859961,1.044,1,3.651,3.156
48,1.0566284657,1.056,1,3.555,3.067
49,1.0680850744,1.067,1,3.461,2.98
50,1.0774703026,1.077,1,3.381,2.905
51,1.0888534784,1.088,1,3.28,2.81
52,1.0896430016,1.089,1,3.273,2.803
53,1.093978405,1.093,1,3.233,2.764
54,1.0940024853,1.093,1,3.233,2.764
55,1.0989857912,1.098,1,3.184,2.715
56,1.103489995,1.103,1,3.136,2.668
57,1.1063153744,1.105,1,3.102,2.634
58,1.1088615656,1.108,2,3.075,2.607
59,1.1147326231,1.114,2,3.016,2.546
60,1.1224738359,1.122,2,2.939,2.464
61,1.1288723946,1.128,2,2.873,2.391
62,1.1362916231,1.135,2,2.792,2.297
63,1.1432185173,1.142,2,2.714,2.197
64,1.1437706947,1.143,2,2.708,2.188
65,1.1494461298,1.149,2,2.652,2.097
66,1.1535367966,1.153,2,2.635,2.039
67,1.1563181877,1.155,2,2.651,2.016
68,1.1583719254,1.158,2,2.685,2.013
69,1.1600307226,1.159,2,2.733,2.026
70,1.1612277031,1.16,2,2.778,2.043
71,1.1623905897,1.162,2,2.816,2.054
72,1.1640902758,1.163,2,2.824,2.029
73,1.1655683517,1.165,2,2.782,1.968
74,1.1661831141,1.165,2,2.754,1.934
75,1.1669365168,1.166,3,2.713,1.886
76,1.1686342955,1.168,3,2.605,1.766
77,1.1700161695,1.169,3,2.507,1.66
78,1.1713320017,1.171,3,2.404,1.55
79,1.1725429296,1.172,3,2.302,1.441
80,1.1737549305,1.173,3,2.193,1.325
81,1.1748600006,1.174,3,2.085,1.211
82,1.1758027077,1.175,3,1.985,1.105
83,1.176727891,1.176,3,1.88,0.994
84,1.1775752306,1.177,3,1.777,0.884
85,1.1783566475,1.178,3,1.674,0.774
86,1.1790653467,1.178,3,1.573,0.665
87,1.1797376871,1.179,3,1.47,0.554
88,1.1803150177,1.18,3,1.373,0.45
89,1.1808645725,1.18,3,1.275,0.343
90,1.1813591719,1.181,3,1.179,0.24
91,1.1818020344,1.181,3,1.088,0.141
92,1.182225585,1.181,3,0.996,0.04
93,1.1826145649,1.182,3,0.906,-0.059
94,1.1829760075,1.182,3,0.817,-0.157
95,1.1833068132,1.183,3,0.73,-0.252
96,1.1836131811,1.183,3,0.646,-0.345
97,1.1839095354,1.183,3,0.562,-0.437
98,1.1841939688,1.183,3,0.489,-0.519
99,1.1846066713,1.184,3,0.414,-0.602
100,1.1848160028,1.184,3,0.448,-0.562
101,1.1850147247,1.184,3,0.534,-0.465
102,1.1850670576,1.184,3,0.555,-0.441
103,1.185279727,1.184,3,0.481,-0.524
104,1.1855539083,1.185,3,0.386,-0.63
105,1.1858106852,1.185,3,0.294,-0.734
106,1.1860554218,1.185,3,0.201,-0.839
107,1.1862832308,1.185,3,0.109,-0.942
108,1.1864917278,1.186,3,0.02,-1.044
109,1.1866877079,1.186,3,-0.07,-1.146
110,1.1868679523,1.186,3,-0.157,-1.246
111,1.1870309114,1.186,3,-0.242,-1.345
112,1.1871865988,1.186,3,-0.329,-1.445
113,1.1873276234,1.187,3,-0.413,-1.543
114,1.1874607801,1.187,3,-0.496,-1.641
115,1.1875805855,1.187,3,-0.573,-1.735
116,1.1876941919,1.187,3,-0.653,-1.831
117,1.1877967119,1.187,3,-0.73,-1.925
118,1.1878927946,1.187,3,-0.807,-2.019
119,1.1879829168,1.187,3,-0.882,-2.112
120,1.1880651712,1.187,3,-0.954,-2.203
121,1.188143611,1.187,3,-1.026,-2.295
122,1.1882151365,1.187,3,-1.096,-2.385
123,1.1882821321,1.187,3,-1.165,-2.475
124,1.1883459091,1.188,3,-1.232,-2.565
125,1.1884040833,1.188,3,-1.297,-2.653
126,1.1884592772,1.188,3,-1.362,-2.741
127,1.1885230541,1.188,3,-1.441,-2.849
128,1.1885814667,1.188,3,-1.514,-2.954
129,1.1886259317,1.188,3,-1.574,-3.04
130,1.1886674166,1.188,3,-1.631,-3.126
131,1.1887146235,1.188,3,-1.698,-3.229
132,1.1887586117,1.188,3,-1.761,-3.33
133,1.1887931824,1.188,3,-1.813,-3.415
134,1.1888314486,1.188,3,-1.871,-3.514
135,1.1888674498,1.188,3,-1.928,-3.613
136,1.1889007092,1.188,3,-1.976,-3.709
137,1.1889322996,1.188,3,-2.021,-3.805
138,1.1889616251,1.188,3,-2.062,-3.899
139,1.1889888048,1.188,3,-2.092,-3.987
140,1.1890095472,1.188,3,-2.104,-4.051
141,1.1890095472,1.188,4,0.478,-0.43
142,1.1892566681,1.189,4,0.452,-0.459
143,1.1894960403,1.189,4,0.44,-0.473
144,1.1897387505,1.189,4,0.433,-0.48
145,1.1899836063,1.189,4,0.43,-0.482
146,1.1902276278,1.19,4,0.427,-0.483
147,1.1904658079,1.19,4,0.425,-0.484
148,1.1907095909,1.19,4,0.423,-0.485
149,1.1909515858,1.19,4,0.42,-0.486
150,1.1912021637,1.191,4,0.417,-0.488
151,1.1914592981,1.191,4,0.414,-0.49
152,1.1916915178,1.191,4,0.41,-0.493
153,1.1919451952,1.191,4,0.407,-0.495
154,1.1921746731,1.192,4,0.403,-0.498
155,1.1924129725,1.192,4,0.399,-0.501
156,1.1924678087,1.192,4,0.399,-0.502
157,1.1926429272,1.192,4,0.396,-0.504
158,1.1928799152,1.192,4,0.392,-0.507
159,1.1931259632,1.192,4,0.388,-0.511
160,1.1933594942,1.193,4,0.383,-0.515
161,1.1935915947,1.193,4,0.379,-0.519
162,1.1938204765,1.193,4,0.374,-0.524
163,1.1940562725,1.193,4,0.37,-0.528
164,1.1941851377,1.194,4,0.367,-0.531
165,1.1942979097,1.194,4,0.364,-0.534
166,1.194532156,1.194,4,0.358,-0.54
167,1.1947671175,1.194,4,0.352,-0.548
168,1.1950132847,1.194,4,0.344,-0.556
169,1.1952493191,1.195,4,0.336,-0.566
170,1.1954874992,1.195,4,0.327,-0.577
171,1.1957222223,1.195,4,0.316,-0.59
172,1.1959550381,1.195,4,0.304,-0.604
173,1.1961933374,1.196,4,0.291,-0.62
174,1.1964302063,1.196,4,0.275,-0.639
175,1.1966700554,1.196,4,0.249,-0.672
176,1.1969040632,1.196,4,0.179,-0.758
177,1.1969975233,1.196,4,0.103,-0.849
178,1.1970427036,1.196,4,0.026,-0.942
179,1.1970638037,1.196,4,-0.05,-1.034
180,1.1970754862,1.196,4,-0.134,-1.133
181,1.1970816851,1.196,4,-0.214,-1.227
182,1.1970832348,1.196,7,-0.239,-1.257
183,1.1970853806,1.196,7,-0.279,-1.305
184,1.1970899105,1.196,7,-0.363,-1.405
185,1.1970946789,1.196,7,-0.432,-1.486
186,1.1971075535,1.196,7,-0.439,-1.496
187,1.1971309185,1.196,7,-0.398,-1.449
188,1.1973024607,1.195,7,-0.394,-1.446
189,1.1973916292,1.195,7,-0.468,-1.532
190,1.1974461079,1.194,7,-0.526,-1.6
191,1.1975002289,1.194,7,-0.587,-1.674
192,1.1975595951,1.193,7,-0.66,-1.762
193,1.1976134777,1.193,7,-0.735,-1.853
194,1.1976627111,1.192,7,-0.812,-1.946
195,1.197707653,1.191,7,-0.887,-2.04
196,1.197748065,1.19,7,-0.961,-2.134
197,1.1977849007,1.189,7,-1.035,-2.229
198,1.1978173256,1.187,7,-1.103,-2.321
199,1.1978473663,1.186,7,-1.157,-2.41
200,1.1978754997,1.184,7,-1.221,-2.503
201,1.1979023218,1.182,7,-1.293,-2.598
202,1.1979271173,1.18,7,-1.36,-2.69
203,1.1979500055,1.177,7,-1.424,-2.78
204,1.1979733706,1.174,7,-1.491,-2.875
205,1.1979968548,1.169,7,-1.557,-2.97
206,1.1980202198,1.164,7,-1.619,-3.065
207,1.1980419159,1.159,7,-1.68,-3.163
208,1.1980580091,1.153,7,-1.741,-3.262
209,1.1980688572,1.149,7,-1.796,-3.354
210,1.1980798244,1.143,7,-1.854,-3.461
211,1.1980880499,1.137,7,-1.903,-3.553
212,1.198096633,1.13,7,-1.953,-3.652
213,1.1981065273,1.12,7,-1.991,-3.761
214,1.1981081963,1.118,7,-2.003,-3.793
215,1.1981089115,1.117,7,-2.007,-3.805
216,1.1981095076,1.116,7,-2.011,-3.82
217,1.1981099844,1.116,7,-2.012,-3.821
218,1.1981105804,1.115,7,-2.011,-3.818
219,1.1981114149,1.114,7,-2.015,-3.834
220,1.1981127262,1.112,7,-2.04,-3.929
221,1.1981145144,1.108,7,-2.045,-4.048
222,1.1981168985,1.101,7,-2.041,-4.145
