,Mini,Mass,label,Vmag,Imag
0,0.0900000036,0.09,1,16.778,12.872
1,0.0980773121,0.098,1,15.697,12.101
2,0.0995249003,0.099,1,15.508,11.997
3,0.1185747087,0.118,1,14.07,11.242
4,0.1376245171,0.137,1,13.255,10.75
5,0.1566743255,0.156,1,12.707,10.381
6,0.1703540832,0.17,1,12.416,10.171
7,0.1947739422,0.194,1,11.965,9.834
8,0.2423984557,0.242,1,11.324,9.327
9,0.2900229692,0.289,1,10.832,8.922
10,0.3279594779,0.327,1,10.485,8.626
11,0.3376474977,0.337,1,10.402,8.554
12,0.3852719963,0.385,1,9.967,8.183
13,0.4328965545,0.432,1,9.481,7.778
14,0.4805210233,0.48,1,8.862,7.347
15,0.5281455517,0.527,1,8.262,6.909
16,0.5543000102,0.553,1,7.907,6.66
17,0.5757700205,0.575,1,7.628,6.462
18,0.6233944893,0.623,1,7.045,6.034
19,0.6657541394,0.665,1,6.59,5.684
20,0.6710191369,0.671,1,6.538,5.643
21,0.6971380711,0.697,1,6.285,5.444
22,0.7196390629,0.719,1,6.082,5.282
23,0.7299718857,0.73,1,5.993,5.211
24,0.7582457066,0.758,1,5.759,5.02
25,0.7682590485,0.768,1,5.679,4.955
26,0.788653791,0.788,1,5.519,4.82
27,0.816400826,0.816,1,5.308,4.642
28,0.816879034,0.816,1,5.304,4.639
29,0.8412135243,0.84,1,5.123,4.482
30,0.8654989004,0.864,1,4.945,4.328
31,0.8740112782,0.873,1,4.883,4.273
32,0.894513309,0.893,1,4.734,4.142
33,0.9130595326,0.912,1,4.599,4.024
34,0.9141190052,0.913,1,4.591,4.017
35,0.9303634763,0.929,1,4.473,3.913
36,0.9467754364,0.946,1,4.353,3.808
37,0.9614466429,0.96,1,4.246,3.712
38,0.9627388716,0.962,1,4.236,3.704
39,0.9711766839,0.97,1,4.175,3.65
40,0.993742466,0.993,1,4.007,3.502
41,1.0113588572,1.01,1,3.874,3.385
42,1.0137313604,1.013,1,3.856,3.37
43,1.0315448046,1.03,1,3.721,3.251
44,1.0474904776,1.046,1,3.601,3.144
45,1.0599788427,1.059,1,3.506,3.06
46,1.0684099197,1.067,1,3.442,3.003
47,1.08078897,1.079,1,3.346,2.916
48,1.0911544561,1.09,1,3.262,2.84
49,1.0999088287,1.098,1,3.19,2.774
50,1.1049933434,1.104,1,3.148,2.734
51,1.1085987091,1.107,1,3.111,2.7
52,1.1092835665,1.108,1,3.106,2.695
53,1.1190233231,1.118,1,3.021,2.612
54,1.1273579597,1.126,1,2.936,2.533
55,1.1323808432,1.131,1,2.856,2.464
56,1.1363044977,1.135,2,2.813,2.417
57,1.1443600655,1.143,2,2.732,2.326
58,1.1533308029,1.152,2,2.64,2.218
59,1.1572188139,1.156,2,2.598,2.167
60,1.1639478207,1.163,2,2.529,2.066
61,1.1695711613,1.168,2,2.482,1.975
62,1.1734608412,1.172,2,2.466,1.914
63,1.1762102842,1.175,2,2.475,1.881
64,1.1782615185,1.177,2,2.497,1.865
65,1.1798809767,1.179,2,2.532,1.866
66,1.1812335253,1.18,2,2.565,1.871
67,1.1824299097,1.181,2,2.588,1.869
68,1.1835566759,1.182,2,2.6,1.86
69,1.184666872,1.183,2,2.609,1.849
70,1.1862422228,1.185,2,2.602,1.817
71,1.1873140335,1.186,2,2.585,1.785
72,1.1881365776,1.187,3,2.544,1.739
73,1.1899697781,1.189,3,2.444,1.626
74,1.1914848089,1.19,3,2.348,1.521
75,1.1930359602,1.192,3,2.24,1.406
76,1.1943455935,1.193,3,2.141,1.301
77,1.1956640482,1.194,3,2.035,1.189
78,1.1969680786,1.196,3,1.922,1.068
79,1.1980639696,1.197,3,1.818,0.958
80,1.1990910769,1.198,3,1.713,0.847
81,1.2000901699,1.199,3,1.603,0.729
82,1.2009427547,1.2,3,1.5,0.62
83,1.2017543316,1.2,3,1.394,0.507
84,1.2024559975,1.201,3,1.296,0.401
85,1.2031277418,1.202,3,1.195,0.292
86,1.2037638426,1.202,3,1.091,0.179
87,1.2043324709,1.203,3,0.991,0.071
88,1.2048462629,1.204,3,0.894,-0.035
89,1.2053345442,1.204,3,0.795,-0.143
90,1.205778718,1.205,3,0.698,-0.248
91,1.2058386803,1.205,3,0.685,-0.262
92,1.205915451,1.205,3,0.668,-0.28
93,1.2063471079,1.205,3,0.57,-0.389
94,1.2067431211,1.206,3,0.474,-0.494
95,1.2071230412,1.206,3,0.381,-0.598
96,1.2075382471,1.206,3,0.292,-0.695
97,1.2078294754,1.207,3,0.252,-0.74
98,1.2079598904,1.207,3,0.273,-0.715
99,1.2082175016,1.207,3,0.342,-0.638
100,1.208327055,1.207,3,0.384,-0.59
101,1.2084653378,1.207,3,0.342,-0.637
102,1.2087818384,1.208,3,0.243,-0.747
103,1.2090768814,1.208,3,0.149,-0.851
104,1.2093547583,1.208,3,0.058,-0.953
105,1.2096184492,1.208,3,-0.034,-1.056
106,1.2098654509,1.209,3,-0.125,-1.16
107,1.2100871801,1.209,3,-0.214,-1.26
108,1.2102960348,1.209,3,-0.303,-1.361
109,1.2104873657,1.209,3,-0.391,-1.462
110,1.2106647491,1.209,3,-0.476,-1.56
111,1.2108287811,1.21,3,-0.561,-1.658
112,1.2109829187,1.21,3,-0.646,-1.757
113,1.2111233473,1.21,3,-0.729,-1.854
114,1.2112538815,1.21,3,-0.81,-1.95
115,1.211374402,1.21,3,-0.888,-2.044
116,1.2114856243,1.21,3,-0.964,-2.136
117,1.2115889788,1.21,3,-1.039,-2.228
118,1.2116827965,1.211,3,-1.111,-2.316
119,1.2117735147,1.211,3,-1.184,-2.408
120,1.2118570805,1.211,3,-1.253,-2.496
121,1.2119340897,1.211,3,-1.321,-2.583
122,1.2120072842,1.211,3,-1.389,-2.671
123,1.2120740414,1.211,3,-1.454,-2.756
124,1.2121385336,1.211,3,-1.52,-2.843
125,1.212197423,1.211,3,-1.58,-2.925
126,1.2122522593,1.211,3,-1.639,-3.006
127,1.2123057842,1.211,3,-1.701,-3.091
128,1.2123655081,1.211,3,-1.772,-3.19
129,1.2124105692,1.211,3,-1.825,-3.269
130,1.2124538422,1.211,3,-1.877,-3.348
131,1.2125023603,1.211,3,-1.939,-3.443
132,1.2125477791,1.211,3,-2.0,-3.537
133,1.2125829458,1.211,3,-2.048,-3.613
134,1.2126235962,1.211,3,-2.103,-3.705
135,1.2126605511,1.212,3,-2.155,-3.794
136,1.212695241,1.212,3,-2.206,-3.881
137,1.2127280235,1.212,3,-2.254,-3.966
138,1.2127588987,1.212,3,-2.289,-4.046
139,1.2127684355,1.212,3,-2.299,-4.069
140,1.2127684355,1.212,4,0.397,-0.479
141,1.2130551338,1.212,4,0.372,-0.509
142,1.2133328915,1.213,4,0.359,-0.523
143,1.2136144638,1.213,4,0.352,-0.531
144,1.2138985395,1.213,4,0.347,-0.535
145,1.2141816616,1.213,4,0.343,-0.538
146,1.2144582272,1.214,4,0.339,-0.54
147,1.21474123,1.214,4,0.335,-0.543
148,1.2150218487,1.214,4,0.331,-0.545
149,1.2153128386,1.215,4,0.327,-0.548
150,1.2156112194,1.215,4,0.322,-0.552
151,1.2158807516,1.215,4,0.317,-0.556
152,1.216175437,1.215,4,0.312,-0.56
153,1.2164417505,1.216,4,0.308,-0.564
154,1.2167185545,1.216,4,0.303,-0.568
155,1.216782093,1.216,4,0.302,-0.569
156,1.216983676,1.216,4,0.298,-0.572
157,1.2172567844,1.217,4,0.293,-0.576
158,1.2175400257,1.217,4,0.288,-0.581
159,1.2178090811,1.217,4,0.283,-0.586
160,1.2180762291,1.217,4,0.277,-0.591
161,1.2183398008,1.218,4,0.272,-0.596
162,1.2186113596,1.218,4,0.267,-0.601
163,1.218759656,1.218,4,0.263,-0.604
164,1.2188911438,1.218,4,0.261,-0.608
165,1.2191644907,1.218,4,0.254,-0.614
166,1.2194385529,1.219,4,0.247,-0.622
167,1.2197258472,1.219,4,0.239,-0.631
168,1.2200014591,1.219,4,0.231,-0.641
169,1.2202796936,1.22,4,0.222,-0.652
170,1.2205537558,1.22,4,0.211,-0.665
171,1.2208257914,1.22,4,0.2,-0.679
172,1.2211043835,1.22,4,0.19,-0.69
173,1.2213813066,1.221,4,0.175,-0.707
174,1.2216615677,1.221,4,0.146,-0.745
175,1.2217357159,1.221,4,0.127,-0.768
176,1.221955657,1.221,4,0.076,-0.832
177,1.2220759392,1.221,4,0.008,-0.916
178,1.2221342325,1.222,4,-0.061,-0.998
179,1.2221615314,1.222,4,-0.13,-1.081
180,1.2221764326,1.222,4,-0.208,-1.173
181,1.2221845388,1.222,4,-0.283,-1.262
182,1.222186327,1.222,4,-0.305,-1.288
183,1.2221864462,1.221,7,-0.306,-1.289
184,1.2221868038,1.221,7,-0.311,-1.295
185,1.2221926451,1.221,7,-0.403,-1.402
186,1.2221974134,1.221,7,-0.467,-1.478
187,1.2222019434,1.221,7,-0.51,-1.528
188,1.2222069502,1.221,7,-0.516,-1.535
189,1.22222054,1.221,7,-0.502,-1.519
190,1.2222319841,1.221,7,-0.474,-1.486
191,1.2222608328,1.221,7,-0.452,-1.461
192,1.2224282026,1.221,7,-0.47,-1.483
193,1.2225358486,1.22,7,-0.546,-1.572
194,1.2226372957,1.22,7,-0.651,-1.696
195,1.222725153,1.219,7,-0.746,-1.809
196,1.2228015661,1.218,7,-0.836,-1.916
197,1.2228672504,1.217,7,-0.922,-2.019
198,1.2229244709,1.216,7,-1.006,-2.12
199,1.2229752541,1.215,7,-1.086,-2.22
200,1.223020792,1.214,7,-1.154,-2.315
201,1.223062396,1.212,7,-1.23,-2.414
202,1.2230910063,1.211,7,-1.281,-2.486
203,1.2231265306,1.209,7,-1.352,-2.583
204,1.2231599092,1.207,7,-1.426,-2.68
205,1.2231917381,1.205,7,-1.5,-2.779
206,1.2232208252,1.202,7,-1.572,-2.875
207,1.223248601,1.199,7,-1.642,-2.969
208,1.2232768536,1.194,7,-1.707,-3.063
209,1.2233048677,1.189,7,-1.772,-3.156
210,1.2233308554,1.183,7,-1.831,-3.247
211,1.2233505249,1.178,7,-1.885,-3.332
212,1.2233633995,1.174,7,-1.933,-3.409
213,1.2233752012,1.169,7,-1.984,-3.493
214,1.2233858109,1.164,7,-2.033,-3.575
215,1.223395586,1.158,7,-2.082,-3.662
216,1.2234053612,1.151,7,-2.129,-3.751
217,1.2234153748,1.142,7,-2.17,-3.835
218,1.2234179974,1.139,7,-2.18,-3.857
219,1.223418355,1.139,7,-2.18,-3.857
220,1.2234184742,1.139,7,-2.176,-3.85
221,1.2234185934,1.139,7,-2.181,-3.86
222,1.2234187126,1.138,7,-2.181,-3.86
223,1.2234188318,1.138,7,-2.181,-3.859
224,1.2234196663,1.138,7,-2.193,-3.883
225,1.2234203815,1.137,7,-2.201,-3.897
226,1.2234208584,1.136,7,-2.206,-3.908
227,1.2234215736,1.135,7,-2.214,-3.925
228,1.2234224081,1.134,7,-2.221,-3.947
229,1.223423481,1.133,7,-2.238,-3.999
230,1.2234247923,1.131,7,-2.261,-4.073
231,1.2234268188,1.126,7,-2.287,-4.16
232,1.2234283686,1.122,7,-2.297,-4.205
