,Mini,Mass,label,Vmag,Imag
0,0.0900000036,0.09,1,17.139,13.061
1,0.09086667,0.091,1,17.09,13.014
2,0.1000000089,0.1,1,16.04,12.289
3,0.1200000048,0.12,1,14.559,11.403
4,0.1400000006,0.14,1,13.672,10.885
5,0.1599999964,0.16,1,13.07,10.499
6,0.1992481947,0.199,1,12.255,9.929
7,0.1999999881,0.2,1,12.241,9.919
8,0.25,0.25,1,11.545,9.385
9,0.3000000119,0.3,1,11.024,8.965
10,0.3499999642,0.35,1,10.562,8.578
11,0.3999999762,0.4,1,10.069,8.187
12,0.4499999881,0.45,1,9.554,7.753
13,0.4857593775,0.486,1,9.075,7.413
14,0.4999999702,0.5,1,8.869,7.287
15,0.5036203861,0.504,1,8.819,7.252
16,0.5500000119,0.55,1,8.221,6.826
17,0.5700452924,0.57,1,7.952,6.641
18,0.5999999642,0.6,1,7.564,6.369
19,0.6499999166,0.65,1,6.938,5.917
20,0.6704022288,0.67,1,6.708,5.744
21,0.6999999285,0.7,1,6.404,5.508
22,0.7287359238,0.729,1,6.127,5.291
23,0.7482782602,0.748,1,5.95,5.15
24,0.7704328299,0.77,1,5.761,4.995
25,0.7941194177,0.794,1,5.565,4.833
26,0.796556592,0.796,1,5.545,4.817
27,0.7971994281,0.797,1,5.54,4.812
28,0.8217935562,0.821,1,5.341,4.644
29,0.8432607651,0.843,1,5.173,4.5
30,0.8448348045,0.844,1,5.161,4.49
31,0.8463907838,0.846,1,5.148,4.479
32,0.8638679981,0.863,1,5.013,4.361
33,0.8931130171,0.892,1,4.788,4.164
34,0.8949410319,0.894,1,4.774,4.151
35,0.9210040569,0.92,1,4.57,3.97
36,0.9413913488,0.941,1,4.409,3.826
37,0.951973021,0.951,1,4.326,3.75
38,0.972592175,0.972,1,4.158,3.599
39,0.989669621,0.989,1,4.017,3.47
40,0.9907811284,0.991,1,4.008,3.462
41,1.0069613457,1.007,1,3.876,3.341
42,1.0222042799,1.022,1,3.752,3.224
43,1.0349955559,1.034,1,3.642,3.121
44,1.0379477739,1.037,1,3.616,3.096
45,1.0411281586,1.041,1,3.588,3.069
46,1.0524681807,1.052,1,3.483,2.969
47,1.0549544096,1.054,1,3.459,2.947
48,1.0564837456,1.056,1,3.444,2.932
49,1.0657949448,1.065,1,3.351,2.841
50,1.0734392405,1.073,1,3.272,2.761
51,1.0803200006,1.079,1,3.199,2.685
52,1.0817008018,1.081,1,3.184,2.669
53,1.0840997696,1.083,2,3.158,2.642
54,1.0862262249,1.085,2,3.134,2.616
55,1.0893609524,1.088,2,3.096,2.575
56,1.0933327675,1.092,2,3.049,2.522
57,1.0993508101,1.098,2,2.979,2.44
58,1.1041686535,1.103,2,2.923,2.369
59,1.109773159,1.109,2,2.865,2.284
60,1.1139968634,1.113,2,2.84,2.224
61,1.1168845892,1.116,2,2.849,2.196
62,1.1189813614,1.118,2,2.88,2.191
63,1.120408535,1.119,2,2.918,2.199
64,1.1214636564,1.12,2,2.953,2.21
65,1.1225168705,1.122,2,2.984,2.216
66,1.1238555908,1.123,2,2.991,2.195
67,1.1254614592,1.124,2,2.955,2.134
68,1.126589179,1.126,2,2.903,2.069
69,1.128305912,1.127,3,2.787,1.939
70,1.129506588,1.129,3,2.694,1.837
71,1.1309107542,1.13,3,2.572,1.707
72,1.1320663691,1.131,3,2.461,1.589
73,1.1331294775,1.132,3,2.352,1.473
74,1.1341810226,1.133,3,2.234,1.348
75,1.1345043182,1.134,3,2.196,1.309
76,1.1345851421,1.134,3,2.187,1.299
77,1.1355237961,1.135,3,2.072,1.177
78,1.136380434,1.135,3,1.958,1.055
79,1.1371176243,1.136,3,1.851,0.941
80,1.1378265619,1.137,3,1.74,0.822
81,1.1384629011,1.138,3,1.631,0.705
82,1.1390680075,1.138,3,1.519,0.584
83,1.1395885944,1.139,3,1.413,0.47
84,1.1400762796,1.139,3,1.307,0.355
85,1.1405220032,1.14,3,1.203,0.241
86,1.140917182,1.14,3,1.103,0.132
87,1.1413041353,1.14,3,0.998,0.017
88,1.1416476965,1.141,3,0.897,-0.093
89,1.1419656277,1.141,3,0.798,-0.202
90,1.1422684193,1.141,3,0.701,-0.311
91,1.1425677538,1.142,3,0.604,-0.419
92,1.1429841518,1.142,3,0.505,-0.529
93,1.1430200338,1.142,3,0.501,-0.533
94,1.1432447433,1.142,3,0.564,-0.461
95,1.143398881,1.143,3,0.639,-0.375
96,1.1434254646,1.143,3,0.653,-0.36
97,1.1436266899,1.143,3,0.572,-0.451
98,1.1438664198,1.143,3,0.474,-0.56
99,1.1440902948,1.143,3,0.38,-0.667
100,1.1442993879,1.143,3,0.286,-0.772
101,1.1444900036,1.144,3,0.196,-0.874
102,1.1446703672,1.144,3,0.107,-0.977
103,1.1448366642,1.144,3,0.018,-1.078
104,1.1449908018,1.144,3,-0.07,-1.18
105,1.1451351643,1.144,3,-0.159,-1.283
106,1.1452636719,1.144,3,-0.243,-1.381
107,1.145385623,1.144,3,-0.325,-1.479
108,1.1454955339,1.145,3,-0.404,-1.574
109,1.1455988884,1.145,3,-0.483,-1.67
110,1.1456936598,1.145,3,-0.562,-1.765
111,1.1457824707,1.145,3,-0.639,-1.86
112,1.1458638906,1.145,3,-0.714,-1.954
113,1.1459386349,1.145,3,-0.787,-2.045
114,1.1460090876,1.145,3,-0.86,-2.138
115,1.1460725069,1.145,3,-0.929,-2.227
116,1.1461331844,1.145,3,-0.997,-2.317
117,1.1461894512,1.145,3,-1.063,-2.405
118,1.146240592,1.145,3,-1.127,-2.491
119,1.1462898254,1.145,3,-1.191,-2.578
120,1.1463341713,1.145,3,-1.252,-2.662
121,1.1463763714,1.145,3,-1.312,-2.745
122,1.1464164257,1.146,3,-1.37,-2.829
123,1.1464608908,1.146,3,-1.437,-2.927
124,1.1464951038,1.146,3,-1.491,-3.008
125,1.1465272903,1.146,3,-1.545,-3.089
126,1.1465632915,1.146,3,-1.601,-3.184
127,1.1465969086,1.146,3,-1.656,-3.277
128,1.1466286182,1.146,3,-1.711,-3.37
129,1.1466573477,1.146,3,-1.761,-3.46
130,1.1466844082,1.146,3,-1.804,-3.548
131,1.1467088461,1.146,3,-1.842,-3.632
132,1.1467317343,1.146,3,-1.878,-3.715
133,1.1467535496,1.146,3,-1.907,-3.796
134,1.1467734575,1.146,3,-1.92,-3.874
135,1.146791935,1.146,3,-1.93,-3.947
136,1.1468096972,1.146,3,-1.939,-4.015
137,1.1468139887,1.146,3,-1.941,-4.03
138,1.1468139887,1.146,4,0.53,-0.395
139,1.1470057964,1.146,4,0.505,-0.424
140,1.1472033262,1.146,4,0.493,-0.438
141,1.1474021673,1.147,4,0.487,-0.444
142,1.1476039886,1.147,4,0.484,-0.445
143,1.1478070021,1.147,4,0.483,-0.445
144,1.1480104923,1.147,4,0.482,-0.445
145,1.1482137442,1.147,4,0.48,-0.445
146,1.1484154463,1.148,4,0.479,-0.445
147,1.1486301422,1.148,4,0.477,-0.445
148,1.1488218307,1.148,4,0.475,-0.446
149,1.1490137577,1.148,4,0.472,-0.448
150,1.1492015123,1.148,4,0.47,-0.449
151,1.1494108438,1.149,4,0.467,-0.451
152,1.1496198177,1.149,4,0.464,-0.453
153,1.1496655941,1.149,4,0.464,-0.453
154,1.1498149633,1.149,4,0.461,-0.455
155,1.1500188112,1.149,4,0.458,-0.457
156,1.150211215,1.149,4,0.455,-0.46
157,1.1504050493,1.15,4,0.452,-0.463
158,1.1506053209,1.15,4,0.447,-0.467
159,1.150796175,1.15,4,0.444,-0.471
160,1.1509892941,1.15,4,0.439,-0.475
161,1.151083231,1.15,4,0.437,-0.477
162,1.1511813402,1.15,4,0.434,-0.48
163,1.151376009,1.151,4,0.429,-0.486
164,1.1515688896,1.151,4,0.423,-0.493
165,1.1517765522,1.151,4,0.415,-0.502
166,1.1519719362,1.151,4,0.407,-0.511
167,1.1521775723,1.151,4,0.397,-0.523
168,1.1523753405,1.152,4,0.388,-0.534
169,1.1525683403,1.152,4,0.375,-0.549
170,1.1527633667,1.152,4,0.36,-0.568
171,1.1529581547,1.152,4,0.351,-0.578
172,1.1531517506,1.152,4,0.318,-0.619
173,1.1533455849,1.153,4,0.252,-0.7
174,1.1534500122,1.153,4,0.179,-0.788
175,1.1535021067,1.153,4,0.097,-0.886
176,1.1535253525,1.153,4,0.014,-0.985
177,1.1535360813,1.153,4,-0.064,-1.079
178,1.1535416842,1.153,4,-0.14,-1.17
179,1.1535441875,1.153,7,-0.187,-1.226
180,1.1535454988,1.153,7,-0.217,-1.262
181,1.1535493135,1.153,7,-0.309,-1.372
182,1.1535527706,1.153,7,-0.37,-1.446
183,1.1535605192,1.153,7,-0.4,-1.482
184,1.1535754204,1.152,7,-0.339,-1.408
185,1.153714776,1.152,7,-0.355,-1.429
186,1.1537909508,1.151,7,-0.432,-1.521
187,1.1538494825,1.15,7,-0.509,-1.615
188,1.1539064646,1.149,7,-0.593,-1.716
189,1.1539561749,1.149,7,-0.673,-1.814
190,1.1540004015,1.148,7,-0.749,-1.911
191,1.1540397406,1.146,7,-0.826,-2.008
192,1.1540746689,1.145,7,-0.903,-2.105
193,1.1541060209,1.144,7,-0.978,-2.202
194,1.1541341543,1.142,7,-1.04,-2.294
195,1.1541600227,1.141,7,-1.096,-2.386
196,1.1541836262,1.139,7,-1.158,-2.478
197,1.1542060375,1.136,7,-1.224,-2.571
198,1.1542274952,1.134,7,-1.291,-2.666
199,1.1542471647,1.131,7,-1.356,-2.758
200,1.1542664766,1.127,7,-1.419,-2.85
201,1.154286027,1.122,7,-1.479,-2.942
202,1.1543049812,1.117,7,-1.538,-3.036
203,1.1543208361,1.111,7,-1.596,-3.13
204,1.1543312073,1.107,7,-1.643,-3.214
205,1.1543390751,1.102,7,-1.688,-3.297
206,1.1543463469,1.098,7,-1.733,-3.382
207,1.1543529034,1.093,7,-1.775,-3.464
208,1.1543587446,1.087,7,-1.807,-3.545
209,1.1543648243,1.08,7,-1.834,-3.622
210,1.1543695927,1.073,7,-1.856,-3.695
211,1.1543706656,1.071,7,-1.86,-3.711
212,1.1543712616,1.071,7,-1.863,-3.721
213,1.1543722153,1.069,7,-1.861,-3.716
214,1.1543735266,1.067,7,-1.867,-3.743
215,1.1543736458,1.067,7,-1.867,-3.761
216,1.154373765,1.066,7,-1.866,-3.744
217,1.1543738842,1.066,7,-1.863,-3.735
218,1.1543740034,1.066,7,-1.867,-3.768
219,1.1543741226,1.066,7,-1.866,-3.763
220,1.1543742418,1.066,7,-1.866,-3.765
221,1.1543745995,1.065,7,-1.866,-3.792
222,1.1543750763,1.064,7,-1.866,-3.826
223,1.1543754339,1.063,7,-1.866,-3.862
224,1.1543759108,1.062,7,-1.864,-3.907
225,1.1543765068,1.06,7,-1.862,-3.958
226,1.1543771029,1.059,7,-1.851,-4.0
227,1.1543779373,1.055,7,-1.822,-4.046
228,1.1543791294,1.051,7,-1.794,-4.084
