,Mini,Mass,label,Vmag,Imag
0,0.0900000036,0.09,1,16.32,12.544
1,0.1000000015,0.1,1,14.879,11.767
2,0.1199999899,0.12,1,13.511,11.02
3,0.1400000006,0.14,1,12.774,10.537
4,0.1599999964,0.16,1,12.28,10.176
5,0.1603595912,0.16,1,12.272,10.17
6,0.2000000179,0.2,1,11.585,9.633
7,0.25,0.25,1,10.971,9.126
8,0.3000000417,0.3,1,10.494,8.719
9,0.3500000238,0.35,1,10.083,8.342
10,0.363717109,0.364,1,9.959,8.232
11,0.400000006,0.4,1,9.605,7.956
12,0.4500000179,0.45,1,9.023,7.521
13,0.5,0.5,1,8.419,7.065
14,0.5500000715,0.55,1,7.733,6.575
15,0.6000000238,0.6,1,7.125,6.121
16,0.6222850084,0.622,1,6.874,5.928
17,0.6499999762,0.65,1,6.586,5.701
18,0.6631172299,0.663,1,6.454,5.597
19,0.6954190731,0.696,1,6.15,5.354
20,0.7000000477,0.7,1,6.11,5.321
21,0.7286241651,0.729,1,5.863,5.122
22,0.75,0.75,1,5.686,4.978
23,0.7813183069,0.781,1,5.437,4.767
24,0.8000000119,0.8,1,5.292,4.643
25,0.813562274,0.813,1,5.188,4.552
26,0.8453873396,0.845,1,4.944,4.34
27,0.8500000238,0.85,1,4.909,4.31
28,0.876079917,0.876,1,4.711,4.137
29,0.8999999762,0.899,1,4.529,3.977
30,0.9029089808,0.902,1,4.507,3.958
31,0.9255016446,0.925,1,4.333,3.806
32,0.9461840987,0.946,1,4.172,3.665
33,0.9499999881,0.95,1,4.142,3.638
34,0.9598811865,0.96,1,4.064,3.571
35,0.9797583818,0.98,1,3.904,3.431
36,0.9976388216,0.998,1,3.756,3.302
37,1.0,1.0,1,3.737,3.286
38,1.0005019903,1.001,1,3.732,3.282
39,1.0185983181,1.018,1,3.582,3.153
40,1.0351498127,1.035,1,3.443,3.031
41,1.0490541458,1.049,1,3.322,2.925
42,1.0499999523,1.05,1,3.314,2.917
43,1.0520477295,1.052,1,3.296,2.902
44,1.0631710291,1.063,1,3.192,2.81
45,1.0722826719,1.072,1,3.104,2.73
46,1.0747035742,1.074,1,3.08,2.708
47,1.0794215202,1.079,1,3.029,2.66
48,1.086853385,1.086,1,2.946,2.581
49,1.0939259529,1.093,1,2.865,2.501
50,1.0985440016,1.098,1,2.807,2.443
51,1.1000000238,1.099,1,2.789,2.423
52,1.1025853157,1.102,1,2.756,2.388
53,1.1094605923,1.109,2,2.67,2.29
54,1.1170823574,1.116,2,2.569,2.166
55,1.1222678423,1.122,2,2.499,2.062
56,1.1260021925,1.125,2,2.45,1.974
57,1.1282035112,1.127,2,2.426,1.917
58,1.1299182177,1.129,2,2.412,1.872
59,1.1312257051,1.131,2,2.409,1.84
60,1.1326367855,1.132,2,2.417,1.814
61,1.1338580847,1.133,2,2.432,1.796
62,1.1349145174,1.134,2,2.458,1.794
63,1.1358751059,1.135,2,2.484,1.793
64,1.1367760897,1.136,2,2.508,1.793
65,1.1376647949,1.137,2,2.504,1.772
66,1.1387784481,1.138,2,2.495,1.741
67,1.1400822401,1.139,2,2.48,1.702
68,1.1402415037,1.14,2,2.479,1.697
69,1.1404517889,1.14,2,2.465,1.681
70,1.1419174671,1.141,3,2.363,1.565
71,1.1431356668,1.142,3,2.265,1.458
72,1.1442732811,1.144,3,2.164,1.349
73,1.1454187632,1.145,3,2.053,1.231
74,1.1464693546,1.146,3,1.942,1.114
75,1.1473683119,1.147,3,1.842,1.008
76,1.14831388,1.148,3,1.728,0.887
77,1.1491303444,1.148,3,1.623,0.776
78,1.1499000788,1.149,3,1.515,0.661
79,1.1499999762,1.149,3,1.5,0.646
80,1.1506807804,1.15,3,1.403,0.542
81,1.1513718367,1.151,3,1.296,0.429
82,1.1520049572,1.151,3,1.19,0.316
83,1.1526049376,1.152,3,1.082,0.199
84,1.1531480551,1.153,3,0.976,0.086
85,1.1536563635,1.153,3,0.87,-0.029
86,1.1541105509,1.153,3,0.768,-0.139
87,1.1545364857,1.154,3,0.665,-0.252
88,1.154931426,1.154,3,0.562,-0.364
89,1.1553069353,1.155,3,0.457,-0.479
90,1.1556462049,1.155,3,0.356,-0.589
91,1.1559741497,1.155,3,0.255,-0.7
92,1.1562935114,1.156,3,0.158,-0.808
93,1.1566649675,1.156,3,0.065,-0.91
94,1.1568038464,1.156,3,0.039,-0.939
95,1.156904459,1.156,3,0.052,-0.924
96,1.1571034193,1.156,3,0.135,-0.831
97,1.1571879387,1.157,3,0.177,-0.783
98,1.1572270393,1.157,3,0.161,-0.801
99,1.1574659348,1.157,3,0.065,-0.907
100,1.1577068567,1.157,3,-0.032,-1.015
101,1.1579282284,1.157,3,-0.125,-1.119
102,1.158135891,1.158,3,-0.218,-1.223
103,1.1583287716,1.158,3,-0.309,-1.325
104,1.1585098505,1.158,3,-0.401,-1.428
105,1.1586737633,1.158,3,-0.489,-1.529
106,1.1588276625,1.158,3,-0.578,-1.63
107,1.1589666605,1.158,3,-0.665,-1.729
108,1.1590967178,1.158,3,-0.75,-1.827
109,1.1592171192,1.159,3,-0.833,-1.924
110,1.1593286991,1.159,3,-0.916,-2.02
111,1.1594339609,1.159,3,-0.999,-2.118
112,1.1595293283,1.159,3,-1.08,-2.212
113,1.1596206427,1.159,3,-1.159,-2.307
114,1.1597034931,1.159,3,-1.233,-2.398
115,1.1597830057,1.159,3,-1.308,-2.49
116,1.1598550081,1.159,3,-1.38,-2.579
117,1.1599229574,1.159,3,-1.453,-2.67
118,1.1599872112,1.159,3,-1.524,-2.76
119,1.1600604057,1.159,3,-1.608,-2.868
120,1.1601160765,1.16,3,-1.676,-2.957
121,1.1601799726,1.16,3,-1.758,-3.065
122,1.1602383852,1.16,3,-1.838,-3.171
123,1.1602927446,1.16,3,-1.912,-3.275
124,1.1603342295,1.16,3,-1.971,-3.359
125,1.1603808403,1.16,3,-2.039,-3.459
126,1.1604244709,1.16,3,-2.107,-3.559
127,1.1604585648,1.16,3,-2.16,-3.641
128,1.1604979038,1.16,3,-2.225,-3.74
129,1.1605341434,1.16,3,-2.286,-3.837
130,1.1605684757,1.16,3,-2.348,-3.935
131,1.1606007814,1.16,3,-2.402,-4.026
132,1.1606179476,1.16,3,-2.43,-4.073
133,1.1606179476,1.16,4,0.342,-0.501
134,1.1608704329,1.16,4,0.317,-0.531
135,1.1610952616,1.16,4,0.306,-0.543
136,1.1613209248,1.161,4,0.298,-0.552
137,1.1615526676,1.161,4,0.292,-0.557
138,1.1617828608,1.161,4,0.287,-0.561
139,1.1620134115,1.161,4,0.283,-0.564
140,1.1622630358,1.162,4,0.278,-0.568
141,1.16249156,1.162,4,0.273,-0.571
142,1.1627329588,1.162,4,0.269,-0.574
143,1.1629724503,1.162,4,0.264,-0.578
144,1.1632063389,1.163,4,0.259,-0.582
145,1.1634458303,1.163,4,0.253,-0.586
146,1.1636753082,1.163,4,0.248,-0.59
147,1.1639190912,1.163,4,0.243,-0.594
148,1.1641620398,1.164,4,0.238,-0.599
149,1.1642439365,1.164,4,0.236,-0.6
150,1.1644558907,1.164,4,0.231,-0.604
151,1.1646974087,1.164,4,0.226,-0.609
152,1.164960742,1.164,4,0.22,-0.614
153,1.1652183533,1.165,4,0.214,-0.619
154,1.1654686928,1.165,4,0.209,-0.625
155,1.1657274961,1.165,4,0.203,-0.631
156,1.1659909487,1.165,4,0.196,-0.637
157,1.1660399437,1.165,4,0.195,-0.638
158,1.1662765741,1.166,4,0.189,-0.644
159,1.166520834,1.166,4,0.183,-0.652
160,1.1667746305,1.166,4,0.175,-0.66
161,1.1670134068,1.166,4,0.168,-0.668
162,1.1672561169,1.167,4,0.16,-0.678
163,1.1674950123,1.167,4,0.152,-0.688
164,1.1677376032,1.167,4,0.142,-0.7
165,1.1679810286,1.167,4,0.132,-0.713
166,1.1682223082,1.168,4,0.119,-0.727
167,1.1684600115,1.168,4,0.117,-0.729
168,1.1687002182,1.168,4,0.095,-0.758
169,1.1689389944,1.168,4,0.048,-0.818
170,1.1691209078,1.169,4,-0.027,-0.911
171,1.1691980362,1.169,4,-0.107,-1.008
172,1.1692265272,1.169,4,-0.181,-1.097
173,1.1692391634,1.169,4,-0.258,-1.189
174,1.1692457199,1.169,4,-0.335,-1.279
175,1.1692464352,1.169,4,-0.344,-1.29
176,1.1692465544,1.169,7,-0.345,-1.291
177,1.1692484617,1.169,7,-0.382,-1.335
178,1.1692527533,1.169,7,-0.466,-1.432
179,1.1692572832,1.168,7,-0.545,-1.524
180,1.1692693233,1.168,7,-0.564,-1.546
181,1.1692912579,1.168,7,-0.507,-1.48
182,1.1694518328,1.167,7,-0.545,-1.524
183,1.1695353985,1.167,7,-0.646,-1.643
184,1.1695864201,1.166,7,-0.731,-1.742
185,1.169637084,1.166,7,-0.81,-1.835
186,1.1696926355,1.165,7,-0.896,-1.937
187,1.1697430611,1.164,7,-0.982,-2.038
188,1.1697890759,1.163,7,-1.067,-2.139
189,1.1698311567,1.161,7,-1.15,-2.239
190,1.1698690653,1.16,7,-1.23,-2.338
191,1.1699033976,1.158,7,-1.293,-2.436
192,1.1699337959,1.156,7,-1.37,-2.533
193,1.1699618101,1.154,7,-1.446,-2.63
194,1.1699881554,1.151,7,-1.522,-2.726
195,1.1700131893,1.148,7,-1.598,-2.822
196,1.1700363159,1.145,7,-1.671,-2.918
197,1.1700577736,1.141,7,-1.74,-3.011
198,1.1700795889,1.136,7,-1.809,-3.103
199,1.1701015234,1.13,7,-1.876,-3.196
200,1.1701234579,1.123,7,-1.937,-3.287
201,1.1701436043,1.114,7,-1.998,-3.384
202,1.1701586246,1.106,7,-2.064,-3.487
203,1.1701688766,1.099,7,-2.12,-3.575
204,1.1701790094,1.09,7,-2.173,-3.665
205,1.170186758,1.082,7,-2.221,-3.747
206,1.1701947451,1.072,7,-2.269,-3.833
207,1.1702040434,1.057,7,-2.339,-3.971
208,1.1702055931,1.053,7,-2.361,-4.022
209,1.1702063084,1.052,7,-2.367,-4.04
210,1.1702067852,1.05,7,-2.388,-4.089
211,1.170207262,1.049,7,-2.407,-4.132
212,1.1702078581,1.047,7,-2.426,-4.178
213,1.1702085733,1.044,7,-2.439,-4.217
214,1.1702098846,1.039,7,-2.46,-4.286
215,1.1702115536,1.031,7,-2.475,-4.343
216,1.1702136993,1.018,7,-2.481,-4.387
