,Mini,Mass,label,Vmag,Imag
0,0.0900000036,0.09,1,16.619,12.786
1,0.0966510773,0.097,1,15.693,12.117
2,0.099336043,0.099,1,15.334,11.93
3,0.1180081367,0.118,1,13.935,11.201
4,0.1366802156,0.136,1,13.138,10.715
5,0.150040701,0.15,1,12.75,10.449
6,0.1553523093,0.155,1,12.608,10.35
7,0.1926964968,0.192,1,11.891,9.815
8,0.2238873988,0.223,1,11.457,9.468
9,0.2393767238,0.238,1,11.265,9.313
10,0.2860569358,0.285,1,10.78,8.91
11,0.3327371776,0.332,1,10.36,8.552
12,0.3794173598,0.379,1,9.95,8.188
13,0.4260976315,0.425,1,9.458,7.796
14,0.4727778435,0.472,1,8.876,7.377
15,0.5194581151,0.519,1,8.294,6.948
16,0.5661382675,0.565,1,7.664,6.502
17,0.6128184795,0.612,1,7.092,6.08
18,0.6558437347,0.656,1,6.625,5.719
19,0.6594987512,0.659,1,6.587,5.69
20,0.686948657,0.687,1,6.319,5.478
21,0.7075701356,0.707,1,6.13,5.328
22,0.7195193172,0.719,1,6.026,5.244
23,0.7474716306,0.747,1,5.791,5.054
24,0.7556414604,0.755,1,5.725,5.0
25,0.7776114345,0.777,1,5.55,4.854
26,0.8037129641,0.803,1,5.35,4.684
27,0.829780817,0.829,1,5.153,4.514
28,0.8517842293,0.851,1,4.989,4.371
29,0.8623650074,0.861,1,4.911,4.303
30,0.8827795982,0.882,1,4.76,4.171
31,0.8998556733,0.899,1,4.634,4.06
32,0.9012360573,0.9,1,4.624,4.051
33,0.9184606671,0.917,1,4.496,3.939
34,0.9348154664,0.934,1,4.375,3.833
35,0.9479269981,0.947,1,4.277,3.747
36,0.9591510892,0.958,1,4.194,3.674
37,0.9817080498,0.981,1,4.023,3.523
38,0.995998323,0.995,1,3.912,3.426
39,1.0016576052,1.001,1,3.869,3.388
40,1.0194705725,1.019,1,3.73,3.267
41,1.0354180336,1.034,1,3.605,3.157
42,1.044069767,1.043,1,3.537,3.097
43,1.0567169189,1.056,1,3.438,3.01
44,1.069989562,1.069,1,3.33,2.913
45,1.0811138153,1.08,1,3.234,2.827
46,1.0905160904,1.089,1,3.15,2.75
47,1.0921411514,1.091,1,3.135,2.737
48,1.0938552618,1.093,1,3.122,2.724
49,1.0969094038,1.096,1,3.098,2.701
50,1.102651,1.101,1,3.047,2.652
51,1.1109479666,1.11,1,2.968,2.576
52,1.118119359,1.117,1,2.888,2.5
53,1.1224747896,1.121,1,2.813,2.436
54,1.1252632141,1.124,2,2.779,2.396
55,1.1312750578,1.13,2,2.713,2.322
56,1.138450861,1.137,2,2.635,2.228
57,1.1402125359,1.139,2,2.615,2.204
58,1.141163826,1.14,2,2.605,2.191
59,1.1478688717,1.147,2,2.528,2.082
60,1.15297544,1.152,2,2.474,1.986
61,1.1565995216,1.155,2,2.447,1.916
62,1.1592073441,1.158,2,2.444,1.871
63,1.161178112,1.16,2,2.458,1.846
64,1.1627494097,1.162,2,2.486,1.84
65,1.164072156,1.163,2,2.516,1.839
66,1.1652501822,1.164,2,2.541,1.838
67,1.1663664579,1.165,2,2.556,1.831
68,1.1674730778,1.166,2,2.567,1.82
69,1.1690542698,1.168,2,2.561,1.786
70,1.170137763,1.169,2,2.545,1.753
71,1.1708934307,1.17,3,2.504,1.706
72,1.1725780964,1.171,3,2.403,1.592
73,1.1739702225,1.173,3,2.305,1.486
74,1.1753956079,1.174,3,2.196,1.369
75,1.1765991449,1.175,3,2.095,1.262
76,1.1778106689,1.177,3,1.987,1.147
77,1.1790089607,1.178,3,1.872,1.025
78,1.1800160408,1.179,3,1.767,0.914
79,1.18095994,1.18,3,1.661,0.801
80,1.1818780899,1.181,3,1.548,0.682
81,1.1826616526,1.181,3,1.444,0.571
82,1.1834074259,1.182,3,1.337,0.456
83,1.1840523481,1.183,3,1.237,0.349
84,1.184669733,1.183,3,1.134,0.238
85,1.1852542162,1.184,3,1.029,0.124
86,1.1857768297,1.185,3,0.928,0.015
87,1.1862491369,1.185,3,0.829,-0.092
88,1.1866979599,1.186,3,0.729,-0.202
89,1.1871061325,1.186,3,0.631,-0.309
90,1.1874825954,1.186,3,0.535,-0.414
91,1.1878403425,1.187,3,0.44,-0.519
92,1.1881699562,1.187,3,0.349,-0.62
93,1.1882838011,1.187,3,0.317,-0.655
94,1.1883218288,1.187,3,0.307,-0.666
95,1.1887130737,1.188,3,0.216,-0.766
96,1.1889874935,1.188,3,0.174,-0.812
97,1.1891067028,1.188,3,0.192,-0.791
98,1.1893423796,1.188,3,0.266,-0.708
99,1.1894425154,1.188,3,0.309,-0.66
100,1.1895693541,1.188,3,0.266,-0.707
101,1.1898597479,1.189,3,0.167,-0.817
102,1.1901304722,1.189,3,0.074,-0.92
103,1.1903853416,1.189,3,-0.018,-1.023
104,1.1906272173,1.19,3,-0.109,-1.126
105,1.1908538342,1.19,3,-0.201,-1.229
106,1.191057086,1.19,3,-0.289,-1.328
107,1.1912486553,1.19,3,-0.378,-1.43
108,1.1914241314,1.19,3,-0.466,-1.53
109,1.1915868521,1.191,3,-0.551,-1.629
110,1.1917372942,1.191,3,-0.635,-1.726
111,1.1918786764,1.191,3,-0.72,-1.825
112,1.1920074224,1.191,3,-0.803,-1.921
113,1.1921269894,1.191,3,-0.885,-2.017
114,1.1922376156,1.191,3,-0.963,-2.111
115,1.1923395395,1.191,3,-1.038,-2.202
116,1.1924343109,1.191,3,-1.112,-2.292
117,1.19252038,1.191,3,-1.183,-2.379
118,1.1926035881,1.192,3,-1.255,-2.469
119,1.1926801205,1.192,3,-1.324,-2.556
120,1.1927506924,1.192,3,-1.39,-2.642
121,1.1928178072,1.192,3,-1.457,-2.728
122,1.1928789616,1.192,3,-1.521,-2.81
123,1.1929380894,1.192,3,-1.586,-2.895
124,1.1929920912,1.192,3,-1.646,-2.976
125,1.1930423975,1.192,3,-1.704,-3.055
126,1.1930915117,1.192,3,-1.763,-3.136
127,1.1931462288,1.192,3,-1.832,-3.233
128,1.1931874752,1.192,3,-1.885,-3.31
129,1.1932271719,1.192,3,-1.935,-3.386
130,1.193271637,1.192,3,-1.994,-3.476
131,1.193313241,1.192,3,-2.053,-3.566
132,1.1933454275,1.192,3,-2.1,-3.639
133,1.19338274,1.192,3,-2.156,-3.727
134,1.1934165955,1.192,3,-2.206,-3.811
135,1.1934484243,1.192,3,-2.255,-3.894
136,1.1934784651,1.192,3,-2.302,-3.974
137,1.1935067177,1.192,3,-2.342,-4.049
138,1.19351542,1.192,3,-2.354,-4.071
139,1.19351542,1.193,4,0.375,-0.489
140,1.193800807,1.193,4,0.349,-0.519
141,1.1940774918,1.193,4,0.337,-0.533
142,1.194357872,1.194,4,0.329,-0.541
143,1.1946407557,1.194,4,0.324,-0.546
144,1.1949226856,1.194,4,0.32,-0.549
145,1.1951980591,1.195,4,0.316,-0.551
146,1.1954799891,1.195,4,0.311,-0.554
147,1.195759654,1.195,4,0.307,-0.557
148,1.1960494518,1.195,4,0.302,-0.56
149,1.1963467598,1.196,4,0.297,-0.564
150,1.1966153383,1.196,4,0.292,-0.568
151,1.1969089508,1.196,4,0.287,-0.573
152,1.1971743107,1.197,4,0.282,-0.577
153,1.197450161,1.197,4,0.277,-0.581
154,1.1975135803,1.197,4,0.276,-0.582
155,1.1977149248,1.197,4,0.272,-0.585
156,1.1979875565,1.197,4,0.267,-0.59
157,1.1982703209,1.198,4,0.261,-0.594
158,1.1985388994,1.198,4,0.256,-0.599
159,1.1988055706,1.198,4,0.251,-0.604
160,1.1990687847,1.198,4,0.245,-0.609
161,1.1993398666,1.199,4,0.24,-0.615
162,1.1994880438,1.199,4,0.236,-0.619
163,1.1996223927,1.199,4,0.233,-0.622
164,1.1999019384,1.199,4,0.227,-0.629
165,1.2001823187,1.2,4,0.22,-0.637
166,1.2004761696,1.2,4,0.212,-0.646
167,1.2007582188,1.2,4,0.203,-0.656
168,1.2010428905,1.2,4,0.193,-0.668
169,1.2013235092,1.201,4,0.183,-0.68
170,1.2016021013,1.201,4,0.171,-0.694
171,1.2018873692,1.201,4,0.161,-0.705
172,1.2021710873,1.202,4,0.152,-0.717
173,1.2024583817,1.202,4,0.117,-0.762
174,1.2027390003,1.202,4,0.04,-0.857
175,1.2028509378,1.202,4,-0.025,-0.937
176,1.2029051781,1.202,4,-0.088,-1.013
177,1.2029305696,1.202,4,-0.154,-1.092
178,1.2029445171,1.202,4,-0.229,-1.181
179,1.2029520273,1.202,4,-0.302,-1.267
180,1.2029536963,1.202,4,-0.322,-1.291
181,1.2029538155,1.202,7,-0.323,-1.293
182,1.2029560804,1.202,7,-0.361,-1.336
183,1.2029608488,1.202,7,-0.445,-1.435
184,1.2029657364,1.202,7,-0.519,-1.521
185,1.2029793262,1.202,7,-0.522,-1.524
186,1.2030037642,1.202,7,-0.451,-1.441
187,1.2031832933,1.201,7,-0.506,-1.506
188,1.2032766342,1.201,7,-0.6,-1.617
189,1.2033338547,1.2,7,-0.681,-1.713
190,1.2033903599,1.2,7,-0.757,-1.803
191,1.2034524679,1.199,7,-0.841,-1.902
192,1.2035089731,1.198,7,-0.924,-2.001
193,1.2035603523,1.197,7,-1.005,-2.099
194,1.20360744,1.196,7,-1.087,-2.198
195,1.2036497593,1.195,7,-1.167,-2.296
196,1.2036881447,1.193,7,-1.228,-2.39
197,1.2037221193,1.192,7,-1.299,-2.484
198,1.2037534714,1.19,7,-1.372,-2.579
199,1.2037829161,1.188,7,-1.445,-2.674
200,1.2038109303,1.185,7,-1.516,-2.768
201,1.2038369179,1.182,7,-1.588,-2.863
202,1.2038608789,1.179,7,-1.656,-2.955
203,1.2038851976,1.175,7,-1.726,-3.048
204,1.2039097548,1.17,7,-1.788,-3.138
205,1.2039341927,1.164,7,-1.849,-3.23
206,1.2039568424,1.157,7,-1.91,-3.325
207,1.2039736509,1.15,7,-1.973,-3.423
208,1.2039849758,1.145,7,-2.026,-3.511
209,1.2039965391,1.138,7,-2.081,-3.602
210,1.2040051222,1.132,7,-2.132,-3.688
211,1.2040140629,1.123,7,-2.181,-3.776
212,1.2040244341,1.112,7,-2.224,-3.866
213,1.2040262222,1.11,7,-2.207,-3.835
214,1.2040269375,1.109,7,-2.191,-3.81
215,1.2040275335,1.108,7,-2.224,-3.87
216,1.2040281296,1.107,7,-2.253,-3.924
217,1.2040287256,1.106,7,-2.278,-3.975
218,1.2040294409,1.105,7,-2.301,-4.029
219,1.2040309906,1.102,7,-2.327,-4.108
220,1.2040327787,1.097,7,-2.355,-4.199
221,1.2040352821,1.089,7,-2.374,-4.273
