,Mini,Mass,label,Vmag,Imag
0,0.0900000036,0.09,1,17.118,13.038
1,0.0933851674,0.093,1,16.716,12.782
2,0.0999822021,0.1,1,15.925,12.199
3,0.1199465916,0.12,1,14.426,11.354
4,0.1295570433,0.129,1,13.979,11.096
5,0.139910996,0.14,1,13.557,10.842
6,0.1598753929,0.16,1,12.967,10.46
7,0.1998041719,0.2,1,12.154,9.886
8,0.2497151792,0.25,1,11.479,9.364
9,0.2996262014,0.299,1,10.974,8.955
10,0.3144275248,0.314,1,10.829,8.833
11,0.349537164,0.35,1,10.503,8.558
12,0.3741257787,0.374,1,10.256,8.361
13,0.3994481564,0.399,1,10.017,8.17
14,0.4069418609,0.407,1,9.931,8.103
15,0.4493591785,0.449,1,9.518,7.735
16,0.4992701411,0.499,1,8.83,7.275
17,0.5202567577,0.52,1,8.554,7.078
18,0.5491811633,0.549,1,8.193,6.821
19,0.5643199086,0.564,1,7.992,6.681
20,0.5990921259,0.599,1,7.546,6.369
21,0.6490030289,0.649,1,6.941,5.93
22,0.6526134014,0.653,1,6.901,5.9
23,0.6989141703,0.699,1,6.425,5.535
24,0.7324178219,0.732,1,6.117,5.293
25,0.7488624454,0.749,1,5.974,5.18
26,0.7664492726,0.766,1,5.832,5.064
27,0.7959664464,0.796,1,5.601,4.874
28,0.7988107204,0.799,1,5.579,4.856
29,0.8273476362,0.827,1,5.365,4.676
30,0.8487589955,0.848,1,5.209,4.544
31,0.8516457677,0.851,1,5.189,4.526
32,0.8814408779,0.881,1,4.978,4.344
33,0.8987073302,0.898,1,4.858,4.239
34,0.914988935,0.914,1,4.744,4.14
35,0.9359688759,0.935,1,4.599,4.012
36,0.9486556053,0.948,1,4.512,3.935
37,0.9548841119,0.954,1,4.469,3.898
38,0.9725574851,0.972,1,4.347,3.79
39,0.9893063307,0.989,1,4.232,3.688
40,0.9986038804,0.999,1,4.167,3.631
41,1.014021039,1.014,1,4.061,3.537
42,1.0368651152,1.036,1,3.903,3.397
43,1.0485521555,1.048,1,3.822,3.324
44,1.0570291281,1.056,1,3.764,3.273
45,1.0750355721,1.074,1,3.64,3.164
46,1.0911483765,1.09,1,3.531,3.066
47,1.0985004902,1.098,1,3.481,3.021
48,1.1095869541,1.109,1,3.407,2.953
49,1.1201076508,1.119,1,3.338,2.888
50,1.1288992167,1.128,1,3.282,2.836
51,1.1363118887,1.136,1,3.237,2.792
52,1.140611887,1.14,1,3.212,2.768
53,1.1426485777,1.142,1,3.189,2.749
54,1.1457202435,1.145,1,3.154,2.719
55,1.1484487057,1.148,1,3.12,2.691
56,1.1487883329,1.148,1,3.117,2.689
57,1.1594104767,1.159,1,3.009,2.596
58,1.1772330999,1.177,2,2.853,2.444
59,1.1983971596,1.198,2,2.666,2.245
60,1.2072122097,1.207,2,2.594,2.153
61,1.2214177847,1.221,2,2.482,1.99
62,1.2302547693,1.23,2,2.435,1.885
63,1.2359513044,1.236,2,2.458,1.848
64,1.2395641804,1.239,2,2.526,1.864
65,1.2419754267,1.242,2,2.601,1.898
66,1.2437039614,1.243,2,2.649,1.917
67,1.2450288534,1.245,2,2.677,1.924
68,1.246109724,1.246,2,2.699,1.928
69,1.2470469475,1.247,2,2.706,1.922
70,1.2479141951,1.248,2,2.693,1.901
71,1.2483453751,1.248,2,2.686,1.89
72,1.2508001328,1.25,2,2.643,1.826
73,1.2514876127,1.251,2,2.617,1.797
74,1.2541508675,1.254,3,2.508,1.674
75,1.2562680244,1.256,3,2.407,1.564
76,1.2583472729,1.258,3,2.296,1.445
77,1.2600967884,1.26,3,2.194,1.337
78,1.261797905,1.262,3,2.086,1.222
79,1.2633441687,1.263,3,1.978,1.108
80,1.2647720575,1.265,3,1.869,0.992
81,1.2660520077,1.266,3,1.763,0.878
82,1.2672680616,1.267,3,1.654,0.762
83,1.2682961226,1.268,3,1.554,0.655
84,1.2692364454,1.269,3,1.456,0.549
85,1.2701212168,1.27,3,1.355,0.44
86,1.2709075212,1.271,3,1.258,0.335
87,1.2716588974,1.271,3,1.158,0.227
88,1.2723008394,1.272,3,1.067,0.128
89,1.2729222775,1.273,3,0.972,0.025
90,1.2734751701,1.273,3,0.884,-0.072
91,1.2739866972,1.274,3,0.796,-0.168
92,1.2744749784,1.274,3,0.708,-0.265
93,1.2749223709,1.275,3,0.625,-0.357
94,1.2753506899,1.275,3,0.546,-0.444
95,1.2758183479,1.276,3,0.473,-0.524
96,1.2761458158,1.276,3,0.441,-0.56
97,1.276320219,1.276,3,0.469,-0.528
98,1.2766648531,1.276,3,0.53,-0.459
99,1.2768113613,1.277,3,0.569,-0.415
100,1.2769939899,1.277,3,0.526,-0.463
101,1.2774121761,1.277,3,0.427,-0.572
102,1.2778019905,1.278,3,0.334,-0.677
103,1.2781691551,1.278,3,0.242,-0.78
104,1.2785176039,1.278,3,0.15,-0.884
105,1.2788441181,1.279,3,0.057,-0.988
106,1.2791372538,1.279,3,-0.032,-1.09
107,1.2794134617,1.279,3,-0.122,-1.192
108,1.2796664238,1.279,3,-0.209,-1.292
109,1.2799010277,1.28,3,-0.295,-1.391
110,1.2801179886,1.28,3,-0.38,-1.49
111,1.2803219557,1.28,3,-0.466,-1.591
112,1.2805076838,1.28,3,-0.549,-1.688
113,1.2806802988,1.281,3,-0.629,-1.784
114,1.28083992,1.281,3,-0.708,-1.88
115,1.2809869051,1.281,3,-0.787,-1.975
116,1.2811236382,1.281,3,-0.865,-2.07
117,1.2812478542,1.281,3,-0.939,-2.162
118,1.2813680172,1.281,3,-1.013,-2.256
119,1.2814785242,1.281,3,-1.085,-2.349
120,1.2815804482,1.281,3,-1.156,-2.44
121,1.2816772461,1.282,3,-1.228,-2.532
122,1.2817656994,1.282,3,-1.294,-2.622
123,1.2818510532,1.282,3,-1.362,-2.713
124,1.2819290161,1.282,3,-1.427,-2.801
125,1.2820016146,1.282,3,-1.49,-2.888
126,1.2820724249,1.282,3,-1.557,-2.979
127,1.2821514606,1.282,3,-1.63,-3.086
128,1.2822110653,1.282,3,-1.687,-3.172
129,1.282268405,1.282,3,-1.746,-3.26
130,1.2823325396,1.282,3,-1.813,-3.364
131,1.282392621,1.282,3,-1.874,-3.466
132,1.2824392319,1.282,3,-1.925,-3.551
133,1.2824929953,1.282,3,-1.986,-3.655
134,1.2825419903,1.282,3,-2.039,-3.755
135,1.2825880051,1.282,3,-2.085,-3.853
136,1.282631278,1.282,3,-2.128,-3.95
137,1.2826721668,1.283,3,-2.165,-4.042
138,1.282684803,1.283,3,-2.171,-4.068
139,1.282684803,1.283,4,0.452,-0.453
140,1.2830338478,1.283,4,0.427,-0.483
141,1.2833456993,1.283,4,0.416,-0.496
142,1.2836636305,1.284,4,0.409,-0.503
143,1.2839862108,1.284,4,0.404,-0.507
144,1.2843049765,1.284,4,0.401,-0.509
145,1.2846199274,1.285,4,0.399,-0.51
146,1.284976244,1.285,4,0.396,-0.512
147,1.285332799,1.285,4,0.393,-0.513
148,1.2856744528,1.286,4,0.39,-0.516
149,1.2860120535,1.286,4,0.386,-0.518
150,1.2863464355,1.286,4,0.382,-0.521
151,1.2866790295,1.287,4,0.378,-0.524
152,1.2869944572,1.287,4,0.375,-0.527
153,1.2873427868,1.287,4,0.37,-0.531
154,1.2876634598,1.288,4,0.366,-0.534
155,1.2877441645,1.288,4,0.365,-0.535
156,1.2878528833,1.288,4,0.364,-0.536
157,1.2882027626,1.288,4,0.359,-0.54
158,1.2885545492,1.288,4,0.355,-0.544
159,1.288893342,1.289,4,0.35,-0.548
160,1.2892261744,1.289,4,0.345,-0.553
161,1.289588809,1.29,4,0.34,-0.558
162,1.2899324894,1.29,4,0.335,-0.563
163,1.2902648449,1.29,4,0.33,-0.569
164,1.290299058,1.29,4,0.329,-0.569
165,1.2905944586,1.291,4,0.324,-0.575
166,1.290921092,1.291,4,0.318,-0.581
167,1.2912526131,1.291,4,0.311,-0.589
168,1.2915921211,1.292,4,0.304,-0.597
169,1.2919299603,1.292,4,0.296,-0.606
170,1.2922669649,1.292,4,0.287,-0.617
171,1.2926057577,1.293,4,0.276,-0.63
172,1.2929413319,1.293,4,0.264,-0.644
173,1.2932730913,1.293,4,0.245,-0.668
174,1.2936195135,1.294,4,0.216,-0.704
175,1.2939527035,1.294,4,0.157,-0.777
176,1.2941712141,1.294,4,0.076,-0.874
177,1.2942689657,1.294,4,-0.01,-0.978
178,1.2943059206,1.294,4,-0.089,-1.072
179,1.2943226099,1.294,4,-0.169,-1.166
180,1.294331193,1.294,4,-0.241,-1.251
181,1.2943321466,1.294,4,-0.25,-1.262
182,1.2943322659,1.294,7,-0.251,-1.263
183,1.2943326235,1.294,7,-0.256,-1.27
184,1.2943394184,1.294,7,-0.352,-1.383
185,1.294344902,1.294,7,-0.433,-1.479
186,1.2943501472,1.294,7,-0.509,-1.569
187,1.2943559885,1.294,7,-0.584,-1.659
188,1.2943716049,1.294,7,-0.543,-1.609
189,1.2943849564,1.294,7,-0.484,-1.54
190,1.2944182158,1.294,7,-0.416,-1.458
191,1.2946116924,1.294,7,-0.44,-1.488
192,1.2947360277,1.293,7,-0.519,-1.582
193,1.2948533297,1.293,7,-0.608,-1.689
194,1.294954896,1.292,7,-0.693,-1.792
195,1.2950432301,1.292,7,-0.779,-1.895
196,1.2951191664,1.291,7,-0.864,-1.997
197,1.2951853275,1.29,7,-0.943,-2.096
198,1.2952440977,1.289,7,-1.021,-2.194
199,1.2952967882,1.288,7,-1.099,-2.292
200,1.2953448296,1.287,7,-1.168,-2.39
201,1.2953778505,1.286,7,-1.202,-2.457
202,1.2954188585,1.285,7,-1.277,-2.554
203,1.2954576015,1.283,7,-1.35,-2.65
204,1.295494318,1.281,7,-1.42,-2.747
205,1.295527935,1.279,7,-1.488,-2.842
206,1.2955601215,1.276,7,-1.552,-2.933
207,1.2955927849,1.273,7,-1.617,-3.025
208,1.2956252098,1.269,7,-1.68,-3.119
209,1.2956552505,1.264,7,-1.746,-3.223
210,1.2956780195,1.26,7,-1.815,-3.333
211,1.2956929207,1.256,7,-1.872,-3.428
212,1.2957066298,1.252,7,-1.925,-3.524
213,1.2957187891,1.248,7,-1.976,-3.618
214,1.295730114,1.243,7,-2.023,-3.708
215,1.2957413197,1.236,7,-2.064,-3.809
216,1.2957530022,1.228,7,-1.992,-3.663
217,1.2957559824,1.226,7,-2.07,-3.836
218,1.2957564592,1.226,7,-2.084,-3.875
219,1.2957565784,1.226,7,-2.07,-3.843
220,1.2957566977,1.225,7,-2.099,-3.917
221,1.2957568169,1.225,7,-2.096,-3.908
222,1.2957569361,1.225,7,-2.096,-3.908
223,1.2957578897,1.224,7,-2.119,-3.982
224,1.2957587242,1.224,7,-2.129,-4.045
225,1.2957594395,1.223,7,-2.132,-4.092
226,1.2957602739,1.222,7,-2.133,-4.137
227,1.2957611084,1.22,7,-2.134,-4.182
228,1.2957623005,1.218,7,-2.132,-4.225
229,1.2957638502,1.216,7,-2.121,-4.271
230,1.2957662344,1.211,7,-2.094,-4.311
231,1.2957680225,1.207,7,-2.077,-4.334
