,Mini,Mass,label,Vmag,Imag
0,0.0900000036,0.09,0,16.244,12.486
1,0.0957665369,0.096,1,15.371,12.007
2,0.1000000015,0.1,1,14.801,11.742
3,0.1042386964,0.104,1,14.473,11.571
4,0.1200000048,0.12,1,13.452,10.998
5,0.1400000006,0.14,1,12.726,10.517
6,0.1599999964,0.16,1,12.239,10.158
7,0.2000000179,0.2,1,11.552,9.619
8,0.25,0.25,1,10.945,9.117
9,0.3000000417,0.3,1,10.475,8.712
10,0.344157964,0.344,1,10.106,8.372
11,0.349999994,0.35,1,10.061,8.33
12,0.400000006,0.4,1,9.572,7.946
13,0.4499999881,0.45,1,9.006,7.515
14,0.5,0.5,1,8.401,7.06
15,0.5500000715,0.55,1,7.725,6.576
16,0.6000000238,0.6,1,7.127,6.127
17,0.6499999762,0.65,1,6.597,5.713
18,0.6575347781,0.658,1,6.523,5.655
19,0.6964039207,0.697,1,6.16,5.365
20,0.6999999881,0.7,1,6.129,5.34
21,0.729419589,0.729,1,5.881,5.14
22,0.75,0.75,1,5.714,5.005
23,0.7862974405,0.786,1,5.435,4.769
24,0.8000000119,0.8,1,5.332,4.681
25,0.8142718673,0.814,1,5.226,4.59
26,0.8500000238,0.85,1,4.963,4.362
27,0.8517122269,0.851,1,4.951,4.352
28,0.8875625134,0.887,1,4.692,4.127
29,0.8999999762,0.899,1,4.602,4.048
30,0.9189628363,0.918,1,4.466,3.931
31,0.9470552206,0.947,1,4.264,3.755
32,0.9499999881,0.95,1,4.243,3.737
33,0.9562945366,0.956,1,4.198,3.698
34,0.9833920598,0.983,1,4.0,3.529
35,1.0,1.0,1,3.877,3.423
36,1.0058634281,1.006,1,3.834,3.387
37,1.0281709433,1.028,1,3.667,3.247
38,1.0486307144,1.048,1,3.512,3.116
39,1.0499999523,1.05,1,3.502,3.108
40,1.0545957088,1.054,1,3.468,3.08
41,1.0705126524,1.07,1,3.349,2.981
42,1.0859547853,1.085,1,3.232,2.883
43,1.0981587172,1.097,1,3.135,2.8
44,1.1000000238,1.099,1,3.12,2.787
45,1.113089323,1.112,1,3.031,2.704
46,1.1259380579,1.125,1,2.946,2.62
47,1.1293580532,1.129,1,2.924,2.598
48,1.1386483908,1.138,1,2.831,2.521
49,1.1428214312,1.142,1,2.76,2.474
50,1.1443077326,1.144,1,2.702,2.435
51,1.1443910599,1.144,1,2.698,2.432
52,1.1499999762,1.149,2,2.622,2.344
53,1.1610354185,1.16,2,2.51,2.216
54,1.1720355749,1.171,2,2.395,2.07
55,1.1773097515,1.177,2,2.337,1.986
56,1.1809298992,1.18,2,2.296,1.919
57,1.1842657328,1.184,2,2.26,1.849
58,1.1867655516,1.186,2,2.236,1.789
59,1.1888930798,1.188,2,2.218,1.737
60,1.190952301,1.19,2,2.206,1.687
61,1.1928889751,1.192,2,2.21,1.647
62,1.1947630644,1.194,2,2.23,1.622
63,1.1965674162,1.196,2,2.275,1.621
64,1.1983119249,1.198,2,2.331,1.636
65,1.2000000477,1.2,2,2.357,1.629
66,1.2031267881,1.203,2,2.356,1.581
67,1.2034027576,1.203,2,2.345,1.568
68,1.2053742409,1.205,3,2.25,1.458
69,1.2070058584,1.207,3,2.156,1.355
70,1.20865345,1.208,3,2.05,1.241
71,1.2101653814,1.21,3,1.943,1.127
72,1.2115608454,1.211,3,1.836,1.013
73,1.2129099369,1.212,3,1.724,0.895
74,1.2141383886,1.214,3,1.614,0.779
75,1.2152184248,1.215,3,1.511,0.669
76,1.2162568569,1.216,3,1.404,0.555
77,1.2172026634,1.217,3,1.298,0.443
78,1.218057394,1.218,3,1.194,0.333
79,1.2188379765,1.218,3,1.092,0.223
80,1.2195756435,1.219,3,0.987,0.111
81,1.2202415466,1.22,3,0.886,0.002
82,1.2208631039,1.22,3,0.784,-0.108
83,1.2214171886,1.221,3,0.687,-0.213
84,1.2219358683,1.222,3,0.589,-0.319
85,1.2224159241,1.222,3,0.492,-0.424
86,1.222871542,1.222,3,0.394,-0.531
87,1.2232824564,1.223,3,0.301,-0.634
88,1.2236789465,1.223,3,0.207,-0.737
89,1.2240645885,1.224,3,0.117,-0.836
90,1.2245124578,1.224,3,0.034,-0.928
91,1.2246795893,1.224,3,0.015,-0.948
92,1.2249677181,1.225,3,0.069,-0.888
93,1.2251787186,1.225,3,0.144,-0.803
94,1.2252277136,1.225,3,0.134,-0.815
95,1.2255418301,1.225,3,0.038,-0.921
96,1.2258511782,1.225,3,-0.055,-1.023
97,1.2261533737,1.226,3,-0.15,-1.129
98,1.2264291048,1.226,3,-0.243,-1.232
99,1.2266895771,1.226,3,-0.336,-1.336
100,1.2269258499,1.227,3,-0.426,-1.437
101,1.2271490097,1.227,3,-0.516,-1.539
102,1.2273539305,1.227,3,-0.604,-1.639
103,1.2275412083,1.227,3,-0.691,-1.738
104,1.227715373,1.227,3,-0.777,-1.836
105,1.2278780937,1.227,3,-0.863,-1.935
106,1.2280275822,1.228,3,-0.945,-2.031
107,1.2281653881,1.228,3,-1.026,-2.125
108,1.2282977104,1.228,3,-1.109,-2.222
109,1.2284175158,1.228,3,-1.189,-2.316
110,1.2285313606,1.228,3,-1.269,-2.41
111,1.2286344767,1.228,3,-1.342,-2.5
112,1.2287327051,1.228,3,-1.415,-2.59
113,1.2288236618,1.228,3,-1.487,-2.68
114,1.2289088964,1.229,3,-1.559,-2.769
115,1.228990674,1.229,3,-1.632,-2.86
116,1.2290827036,1.229,3,-1.715,-2.967
117,1.229167819,1.229,3,-1.797,-3.074
118,1.2292320728,1.229,3,-1.862,-3.16
119,1.2293061018,1.229,3,-1.942,-3.265
120,1.2293740511,1.229,3,-2.016,-3.367
121,1.2294374704,1.229,3,-2.085,-3.468
122,1.2294865847,1.229,3,-2.143,-3.552
123,1.2295417786,1.229,3,-2.21,-3.65
124,1.2295939922,1.229,3,-2.274,-3.748
125,1.2296431065,1.229,3,-2.337,-3.845
126,1.2296891212,1.229,3,-2.399,-3.942
127,1.2297321558,1.229,3,-2.457,-4.034
128,1.229757309,1.229,3,-2.489,-4.085
129,1.229757309,1.229,4,0.294,-0.542
130,1.2300838232,1.23,4,0.271,-0.569
131,1.2303845882,1.23,4,0.26,-0.582
132,1.2306934595,1.23,4,0.252,-0.591
133,1.2309976816,1.231,4,0.245,-0.598
134,1.2313138247,1.231,4,0.239,-0.603
135,1.2316262722,1.231,4,0.233,-0.607
136,1.2319374084,1.232,4,0.227,-0.612
137,1.2322775126,1.232,4,0.221,-0.617
138,1.2326178551,1.232,4,0.215,-0.622
139,1.2329345942,1.233,4,0.208,-0.627
140,1.2332653999,1.233,4,0.202,-0.632
141,1.233592391,1.233,4,0.195,-0.638
142,1.2339053154,1.234,4,0.189,-0.643
143,1.2342280149,1.234,4,0.183,-0.648
144,1.2345577478,1.234,4,0.177,-0.654
145,1.2346571684,1.234,4,0.175,-0.655
146,1.2348083258,1.234,4,0.172,-0.658
147,1.2351436615,1.235,4,0.165,-0.664
148,1.2354649305,1.235,4,0.159,-0.67
149,1.2358001471,1.235,4,0.152,-0.676
150,1.2361359596,1.236,4,0.146,-0.682
151,1.2364695072,1.236,4,0.139,-0.688
152,1.2368099689,1.236,4,0.132,-0.695
153,1.2370425463,1.237,4,0.128,-0.7
154,1.2371309996,1.237,4,0.126,-0.702
155,1.2374482155,1.237,4,0.119,-0.709
156,1.2377592325,1.237,4,0.112,-0.716
157,1.2380850315,1.238,4,0.105,-0.724
158,1.2384135723,1.238,4,0.097,-0.734
159,1.2387250662,1.238,4,0.089,-0.744
160,1.2390438318,1.239,4,0.079,-0.755
161,1.2393610477,1.239,4,0.069,-0.768
162,1.2396752834,1.239,4,0.058,-0.781
163,1.2399903536,1.24,4,0.055,-0.785
164,1.2403224707,1.24,4,0.035,-0.812
165,1.2406364679,1.24,4,-0.003,-0.861
166,1.2408987284,1.241,4,-0.075,-0.951
167,1.2410056591,1.241,4,-0.152,-1.045
168,1.2410455942,1.241,4,-0.229,-1.138
169,1.2410619259,1.241,4,-0.304,-1.227
170,1.2410701513,1.241,4,-0.376,-1.311
171,1.2410702705,1.241,7,-0.377,-1.312
172,1.2410728931,1.241,7,-0.414,-1.356
173,1.2410786152,1.241,7,-0.497,-1.452
174,1.2410844564,1.241,7,-0.572,-1.539
175,1.2411005497,1.241,7,-0.628,-1.604
176,1.2411296368,1.24,7,-0.556,-1.519
177,1.2413429022,1.24,7,-0.6,-1.571
178,1.2414537668,1.239,7,-0.703,-1.692
179,1.2415215969,1.239,7,-0.777,-1.778
180,1.2415888309,1.238,7,-0.851,-1.865
181,1.2416626215,1.238,7,-0.935,-1.963
182,1.2417297363,1.237,7,-1.019,-2.062
183,1.2417907715,1.236,7,-1.104,-2.162
184,1.2418465614,1.235,7,-1.19,-2.263
185,1.2418968678,1.233,7,-1.264,-2.361
186,1.2419424057,1.232,7,-1.334,-2.46
187,1.2419828176,1.231,7,-1.416,-2.559
188,1.2420200109,1.229,7,-1.493,-2.656
189,1.2420550585,1.227,7,-1.569,-2.751
190,1.2420881987,1.224,7,-1.645,-2.848
191,1.2421189547,1.221,7,-1.722,-2.946
192,1.2421474457,1.218,7,-1.794,-3.041
193,1.2421764135,1.214,7,-1.864,-3.135
194,1.2422055006,1.209,7,-1.934,-3.229
195,1.2422344685,1.203,7,-2.002,-3.324
196,1.2422614098,1.195,7,-2.065,-3.419
197,1.2422814369,1.189,7,-2.122,-3.507
198,1.2422949076,1.183,7,-2.175,-3.589
199,1.2423083782,1.177,7,-2.233,-3.679
200,1.2423187494,1.171,7,-2.279,-3.757
201,1.2423293591,1.163,7,-2.329,-3.842
202,1.2423416376,1.152,7,-2.386,-3.943
203,1.2423436642,1.149,7,-2.392,-3.954
204,1.2423444986,1.149,7,-2.393,-3.956
205,1.2423452139,1.148,7,-2.402,-3.972
206,1.2423459291,1.147,7,-2.411,-3.987
207,1.2423466444,1.146,7,-2.42,-4.003
208,1.2423475981,1.145,7,-2.43,-4.021
209,1.2423493862,1.143,7,-2.456,-4.071
210,1.242351532,1.14,7,-2.506,-4.176
211,1.2423545122,1.133,7,-2.553,-4.285
