,Mini,Mass,label,Vmag,Imag
0,0.0900000036,0.09,1,16.73,12.85
1,0.0985399783,0.098,1,15.577,12.04
2,0.099470973,0.099,1,15.455,11.973
3,0.1184129193,0.118,1,14.029,11.229
4,0.1373548657,0.137,1,13.219,10.738
5,0.1562968045,0.156,1,12.676,10.37
6,0.1663971394,0.166,1,12.459,10.213
7,0.1941807121,0.194,1,11.939,9.825
8,0.2415355742,0.241,1,11.298,9.314
9,0.2888904214,0.288,1,10.804,8.906
10,0.3362452984,0.335,1,10.383,8.547
11,0.3836001456,0.383,1,9.956,8.178
12,0.4309550524,0.43,1,9.465,7.776
13,0.4783098698,0.478,1,8.854,7.346
14,0.5256648064,0.525,1,8.252,6.906
15,0.5730196238,0.572,1,7.611,6.453
16,0.6203744411,0.62,1,7.026,6.021
17,0.6576097012,0.657,1,6.617,5.705
18,0.6677293777,0.667,1,6.513,5.624
19,0.6836909652,0.683,1,6.353,5.499
20,0.7103075385,0.71,1,6.102,5.299
21,0.7161926627,0.716,1,6.048,5.255
22,0.7344539165,0.734,1,5.889,5.126
23,0.7566718459,0.756,1,5.7,4.972
24,0.7646559477,0.764,1,5.634,4.917
25,0.765137136,0.765,1,5.63,4.914
26,0.7883550525,0.788,1,5.441,4.754
27,0.80995965,0.809,1,5.269,4.607
28,0.8131192923,0.812,1,5.244,4.585
29,0.8138919473,0.813,1,5.238,4.58
30,0.8362243772,0.835,1,5.062,4.427
31,0.8570362926,0.856,1,4.9,4.284
32,0.8615825176,0.861,1,4.864,4.253
33,0.8737181425,0.873,1,4.769,4.169
34,0.8893260956,0.888,1,4.646,4.06
35,0.9032895565,0.902,1,4.536,3.962
36,0.9100459218,0.909,1,4.481,3.914
37,0.9167751074,0.916,1,4.428,3.866
38,0.9404609203,0.939,1,4.234,3.694
39,0.9585092068,0.958,1,4.083,3.559
40,0.9700031281,0.969,1,3.986,3.472
41,0.9852079153,0.984,1,3.856,3.355
42,0.9995655417,0.999,1,3.732,3.242
43,1.0069724321,1.006,1,3.667,3.183
44,1.0131114721,1.012,1,3.614,3.135
45,1.024433136,1.023,1,3.511,3.04
46,1.0337097645,1.033,1,3.422,2.957
47,1.0449638367,1.044,1,3.308,2.85
48,1.0457445383,1.045,1,3.3,2.842
49,1.0551153421,1.054,1,3.197,2.741
50,1.0554357767,1.054,1,3.194,2.737
51,1.0584539175,1.057,1,3.159,2.703
52,1.0652199984,1.064,1,3.076,2.617
53,1.0696191788,1.068,1,3.017,2.554
54,1.0717425346,1.071,2,2.99,2.525
55,1.0764358044,1.075,2,2.931,2.458
56,1.0822473764,1.081,2,2.856,2.37
57,1.0867725611,1.085,2,2.796,2.294
58,1.0917453766,1.09,2,2.73,2.201
59,1.0961520672,1.095,2,2.68,2.111
60,1.0992329121,1.098,2,2.662,2.055
61,1.1014195681,1.1,2,2.669,2.027
62,1.1030212641,1.102,2,2.691,2.018
63,1.1038991213,1.103,2,2.706,2.015
64,1.1042758226,1.103,2,2.714,2.014
65,1.1053376198,1.104,2,2.736,2.012
66,1.106120944,1.105,2,2.758,2.015
67,1.106896162,1.106,2,2.771,2.009
68,1.1080548763,1.107,2,2.752,1.967
69,1.1090880632,1.108,2,2.709,1.909
70,1.1095249653,1.108,2,2.683,1.878
71,1.1101403236,1.109,3,2.638,1.827
72,1.1115248203,1.11,3,2.525,1.702
73,1.1126492023,1.111,3,2.421,1.59
74,1.1137179136,1.112,3,2.313,1.474
75,1.1146997213,1.113,3,2.206,1.361
76,1.1156806946,1.114,3,2.092,1.24
77,1.1165738106,1.115,3,1.979,1.121
78,1.1173347235,1.116,3,1.876,1.012
79,1.1180804968,1.117,3,1.767,0.896
80,1.1187627316,1.117,3,1.659,0.781
81,1.1193912029,1.118,3,1.551,0.666
82,1.1199606657,1.119,3,1.446,0.553
83,1.1205004454,1.119,3,1.338,0.437
84,1.1209635735,1.12,3,1.238,0.33
85,1.1214040518,1.12,3,1.135,0.219
86,1.1218001842,1.12,3,1.036,0.111
87,1.1221547127,1.121,3,0.941,0.008
88,1.1224936247,1.121,3,0.843,-0.098
89,1.1228046417,1.121,3,0.748,-0.202
90,1.123093605,1.122,3,0.655,-0.305
91,1.123357892,1.122,3,0.564,-0.405
92,1.1236025095,1.122,3,0.475,-0.503
93,1.1238391399,1.122,3,0.387,-0.601
94,1.1240659952,1.123,3,0.305,-0.691
95,1.1243952513,1.123,3,0.223,-0.781
96,1.1245490313,1.123,3,0.269,-0.729
97,1.1246950626,1.123,3,0.346,-0.642
98,1.124733448,1.123,3,0.369,-0.616
99,1.1248924732,1.124,3,0.295,-0.698
100,1.1250972748,1.124,3,0.199,-0.805
101,1.1252892017,1.124,3,0.108,-0.907
102,1.1254720688,1.124,3,0.016,-1.011
103,1.1256421804,1.124,3,-0.075,-1.113
104,1.1257978678,1.124,3,-0.164,-1.214
105,1.1259442568,1.125,3,-0.254,-1.316
106,1.1260788441,1.125,3,-0.342,-1.417
107,1.1262004375,1.125,3,-0.426,-1.514
108,1.1263167858,1.125,3,-0.512,-1.614
109,1.1264219284,1.125,3,-0.595,-1.711
110,1.126521349,1.125,3,-0.679,-1.809
111,1.1266107559,1.125,3,-0.758,-1.903
112,1.1266955137,1.125,3,-0.836,-1.997
113,1.1267720461,1.125,3,-0.911,-2.088
114,1.1268436909,1.125,3,-0.986,-2.179
115,1.1269109249,1.126,3,-1.059,-2.269
116,1.1269723177,1.126,3,-1.129,-2.358
117,1.1270308495,1.126,3,-1.198,-2.446
118,1.1270842552,1.126,3,-1.265,-2.532
119,1.1271342039,1.126,3,-1.331,-2.617
120,1.1271817684,1.126,3,-1.397,-2.704
121,1.1272251606,1.126,3,-1.459,-2.787
122,1.1272662878,1.126,3,-1.52,-2.869
123,1.1273138523,1.126,3,-1.594,-2.97
124,1.1273573637,1.126,3,-1.665,-3.069
125,1.1273906231,1.126,3,-1.721,-3.149
126,1.1274214983,1.126,3,-1.773,-3.227
127,1.127456665,1.126,3,-1.835,-3.321
128,1.1274895668,1.126,3,-1.894,-3.413
129,1.127515316,1.126,3,-1.944,-3.489
130,1.127543807,1.126,3,-1.999,-3.579
131,1.1275706291,1.126,3,-2.053,-3.667
132,1.1275955439,1.126,3,-2.103,-3.753
133,1.1276190281,1.126,3,-2.152,-3.838
134,1.1276408434,1.126,3,-2.196,-3.921
135,1.127661109,1.126,3,-2.229,-3.998
136,1.1276766062,1.126,3,-2.253,-4.054
137,1.1276766062,1.126,4,0.428,-0.449
138,1.1278547049,1.127,4,0.403,-0.478
139,1.1280425787,1.127,4,0.391,-0.492
140,1.1282323599,1.127,4,0.383,-0.499
141,1.1284202337,1.127,4,0.379,-0.503
142,1.1286174059,1.127,4,0.376,-0.505
143,1.128808856,1.128,4,0.373,-0.506
144,1.1290011406,1.128,4,0.37,-0.507
145,1.1291927099,1.128,4,0.367,-0.509
146,1.1293708086,1.128,4,0.364,-0.511
147,1.1295626163,1.128,4,0.36,-0.513
148,1.1297622919,1.128,4,0.356,-0.516
149,1.1299495697,1.129,4,0.352,-0.519
150,1.1301487684,1.129,4,0.348,-0.522
151,1.1303464174,1.129,4,0.344,-0.525
152,1.1303631067,1.129,4,0.343,-0.525
153,1.1305296421,1.129,4,0.34,-0.528
154,1.1307262182,1.129,4,0.335,-0.532
155,1.1309154034,1.13,4,0.331,-0.536
156,1.1310952902,1.13,4,0.326,-0.54
157,1.1312732697,1.13,4,0.322,-0.544
158,1.1314572096,1.13,4,0.317,-0.549
159,1.1316463947,1.13,4,0.312,-0.554
160,1.1317001581,1.13,4,0.31,-0.556
161,1.131716609,1.13,4,0.31,-0.556
162,1.1318844557,1.131,4,0.304,-0.562
163,1.1320523024,1.131,4,0.299,-0.568
164,1.1322242022,1.131,4,0.293,-0.575
165,1.1323970556,1.131,4,0.286,-0.583
166,1.132566452,1.131,4,0.278,-0.592
167,1.1327345371,1.131,4,0.27,-0.602
168,1.1329038143,1.132,4,0.261,-0.612
169,1.1330744028,1.132,4,0.251,-0.625
170,1.1332579851,1.132,4,0.238,-0.64
171,1.1334350109,1.132,4,0.229,-0.65
172,1.1335972548,1.132,4,0.215,-0.667
173,1.13377285,1.132,4,0.178,-0.714
174,1.1339437962,1.133,4,0.103,-0.807
175,1.1340194941,1.133,4,0.022,-0.905
176,1.134052515,1.133,4,-0.06,-1.004
177,1.1340675354,1.133,4,-0.143,-1.104
178,1.1340745687,1.133,4,-0.223,-1.198
179,1.1340776682,1.133,7,-0.277,-1.262
180,1.1340790987,1.133,7,-0.313,-1.305
181,1.1340821981,1.133,7,-0.391,-1.395
182,1.1340866089,1.133,7,-0.467,-1.485
183,1.134105444,1.133,7,-0.45,-1.465
184,1.1342520714,1.131,7,-0.471,-1.491
185,1.1343204975,1.131,7,-0.566,-1.604
186,1.1343822479,1.13,7,-0.675,-1.734
187,1.1344332695,1.129,7,-0.77,-1.847
188,1.1344776154,1.128,7,-0.859,-1.954
189,1.1345164776,1.126,7,-0.946,-2.06
190,1.1345505714,1.125,7,-1.032,-2.163
191,1.1345803738,1.123,7,-1.106,-2.26
192,1.1346071959,1.122,7,-1.17,-2.356
193,1.1346313953,1.12,7,-1.247,-2.455
194,1.1346538067,1.117,7,-1.31,-2.549
195,1.1346741915,1.115,7,-1.382,-2.644
196,1.1346935034,1.112,7,-1.452,-2.738
197,1.1347119808,1.108,7,-1.524,-2.834
198,1.1347295046,1.104,7,-1.591,-2.927
199,1.1347455978,1.099,7,-1.651,-3.013
200,1.1347621679,1.093,7,-1.709,-3.1
201,1.1347784996,1.086,7,-1.768,-3.191
202,1.1347928047,1.078,7,-1.826,-3.286
203,1.1348026991,1.072,7,-1.882,-3.378
204,1.1348096132,1.066,7,-1.93,-3.459
205,1.1348161697,1.059,7,-1.978,-3.54
206,1.1348218918,1.052,7,-2.019,-3.619
207,1.1348273754,1.044,7,-2.06,-3.7
208,1.134832859,1.034,7,-2.104,-3.792
209,1.1348359585,1.027,7,-2.129,-3.853
210,1.1348369122,1.025,7,-2.137,-3.878
211,1.1348375082,1.024,7,-2.144,-3.9
212,1.1348383427,1.021,7,-2.156,-3.939
213,1.1348392963,1.018,7,-2.156,-3.943
214,1.1348394156,1.018,7,-2.166,-3.976
215,1.1348395348,1.017,7,-2.167,-3.976
216,1.134839654,1.017,7,-2.166,-3.975
217,1.1348397732,1.016,7,-2.178,-4.01
218,1.1348398924,1.016,7,-2.18,-4.016
219,1.1348400116,1.016,7,-2.181,-4.022
220,1.1348404884,1.014,7,-2.199,-4.086
221,1.1348408461,1.012,7,-2.206,-4.121
222,1.1348413229,1.01,7,-2.208,-4.151
223,1.1348416805,1.008,7,-2.209,-4.182
224,1.1348421574,1.005,7,-2.209,-4.208
225,1.1348427534,1.001,7,-2.207,-4.237
226,1.1348434687,0.996,7,-2.202,-4.26
227,1.1348446608,0.987,7,-2.194,-4.294
228,1.1348450184,0.984,7,-2.191,-4.299
