,Mini,Mass,label,Vmag,Imag
0,0.0900000036,0.09,1,17.13,13.051
1,0.1000000015,0.1,1,15.992,12.252
2,0.1200000048,0.12,1,14.501,11.381
3,0.1400000006,0.14,1,13.622,10.866
4,0.1599999964,0.16,1,13.025,10.481
5,0.1763021797,0.176,1,12.658,10.229
6,0.200000003,0.2,1,12.201,9.902
7,0.25,0.25,1,11.509,9.369
8,0.3000000119,0.3,1,10.992,8.949
9,0.301014334,0.301,1,10.982,8.941
10,0.3499999642,0.35,1,10.533,8.565
11,0.400000006,0.4,1,10.04,8.173
12,0.4499999881,0.45,1,9.531,7.737
13,0.4999999702,0.5,1,8.839,7.272
14,0.5169957876,0.517,1,8.609,7.108
15,0.5500000119,0.55,1,8.187,6.808
16,0.5583050847,0.558,1,8.074,6.73
17,0.5999999642,0.6,1,7.528,6.348
18,0.6499999762,0.65,1,6.905,5.895
19,0.6643904448,0.664,1,6.742,5.773
20,0.6957684159,0.696,1,6.416,5.52
21,0.6999999881,0.7,1,6.373,5.487
22,0.7217389941,0.722,1,6.163,5.322
23,0.7480242252,0.748,1,5.923,5.131
24,0.7630703449,0.763,1,5.795,5.025
25,0.7865765691,0.786,1,5.598,4.863
26,0.796048522,0.796,1,5.52,4.798
27,0.8141434789,0.814,1,5.373,4.673
28,0.8354450464,0.835,1,5.204,4.529
29,0.8440727592,0.844,1,5.135,4.47
30,0.8555734754,0.855,1,5.045,4.392
31,0.8862645626,0.885,1,4.807,4.182
32,0.8920969963,0.891,1,4.761,4.141
33,0.9127752185,0.912,1,4.598,3.996
34,0.9364029765,0.936,1,4.409,3.827
35,0.9401212931,0.939,1,4.38,3.8
36,0.9437708855,0.943,1,4.35,3.773
37,0.9642795324,0.964,1,4.181,3.621
38,0.9823855162,0.982,1,4.03,3.482
39,0.9881455898,0.988,1,3.981,3.438
40,0.9985544682,0.998,1,3.895,3.359
41,1.0137230158,1.013,1,3.769,3.241
42,1.0264527798,1.026,1,3.658,3.136
43,1.0361697674,1.036,1,3.569,3.051
44,1.0439202785,1.043,1,3.496,2.981
45,1.0463951826,1.046,1,3.472,2.958
46,1.0479502678,1.047,1,3.456,2.943
47,1.057433486,1.057,1,3.359,2.848
48,1.0652370453,1.064,1,3.276,2.764
49,1.0722734928,1.071,1,3.198,2.683
50,1.0736868382,1.073,1,3.182,2.666
51,1.0759510994,1.075,2,3.156,2.638
52,1.0840427876,1.083,2,3.063,2.535
53,1.0841940641,1.083,2,3.061,2.533
54,1.0857166052,1.085,2,3.042,2.512
55,1.0912423134,1.09,2,2.974,2.431
56,1.0956591368,1.095,2,2.921,2.362
57,1.1007888317,1.1,2,2.87,2.281
58,1.1046483517,1.104,2,2.853,2.227
59,1.1072838306,1.106,2,2.868,2.205
60,1.1091958284,1.108,2,2.901,2.203
61,1.110496521,1.11,2,2.936,2.209
62,1.1114575863,1.11,2,2.964,2.215
63,1.112416625,1.111,2,2.988,2.216
64,1.1136350632,1.113,2,2.988,2.192
65,1.1150958538,1.114,2,2.951,2.131
66,1.1161212921,1.115,2,2.902,2.07
67,1.1177968979,1.117,3,2.785,1.939
68,1.1189688444,1.118,3,2.691,1.837
69,1.120339036,1.119,3,2.568,1.705
70,1.1214667559,1.12,3,2.457,1.587
71,1.1225039959,1.121,3,2.347,1.471
72,1.1235300303,1.123,3,2.229,1.345
73,1.1244534254,1.123,3,2.113,1.223
74,1.1252852678,1.124,3,2.0,1.103
75,1.1260567904,1.125,3,1.887,0.982
76,1.1267464161,1.126,3,1.777,0.864
77,1.1273745298,1.126,3,1.667,0.747
78,1.1279660463,1.127,3,1.555,0.626
79,1.1284720898,1.127,3,1.45,0.513
80,1.1289497614,1.128,3,1.343,0.397
81,1.1293660402,1.128,3,1.243,0.289
82,1.1297675371,1.129,3,1.14,0.176
83,1.1301152706,1.129,3,1.044,0.071
84,1.1304488182,1.129,3,0.945,-0.038
85,1.1307497025,1.13,3,0.849,-0.143
86,1.1310346127,1.13,3,0.753,-0.249
87,1.1312967539,1.13,3,0.662,-0.35
88,1.1315560341,1.131,3,0.573,-0.45
89,1.1318560839,1.131,3,0.495,-0.537
90,1.1319696903,1.131,3,0.471,-0.563
91,1.1321784258,1.131,3,0.536,-0.489
92,1.1322182417,1.131,3,0.556,-0.465
93,1.1323232651,1.131,3,0.61,-0.404
94,1.1323481798,1.131,3,0.624,-0.388
95,1.1325380802,1.132,3,0.543,-0.479
96,1.1327643394,1.132,3,0.445,-0.588
97,1.1329755783,1.132,3,0.351,-0.695
98,1.1331728697,1.132,3,0.258,-0.8
99,1.1333527565,1.132,3,0.168,-0.902
100,1.1335229874,1.133,3,0.079,-1.004
101,1.133679986,1.133,3,-0.01,-1.106
102,1.1338253021,1.133,3,-0.098,-1.208
103,1.1339615583,1.133,3,-0.187,-1.31
104,1.1340827942,1.133,3,-0.271,-1.408
105,1.1341978312,1.133,3,-0.352,-1.506
106,1.1343016624,1.133,3,-0.431,-1.601
107,1.1343991756,1.133,3,-0.51,-1.697
108,1.1344885826,1.134,3,-0.588,-1.791
109,1.1345723867,1.134,3,-0.666,-1.887
110,1.1346492767,1.134,3,-0.741,-1.98
111,1.1347197294,1.134,3,-0.813,-2.071
112,1.1347862482,1.134,3,-0.885,-2.163
113,1.1348460913,1.134,3,-0.954,-2.252
114,1.1349033117,1.134,3,-1.022,-2.341
115,1.1349563599,1.134,3,-1.087,-2.429
116,1.1350046396,1.134,3,-1.151,-2.514
117,1.1350511312,1.134,3,-1.215,-2.601
118,1.1350929737,1.134,3,-1.275,-2.684
119,1.1351327896,1.134,3,-1.334,-2.766
120,1.135170579,1.134,3,-1.392,-2.849
121,1.1352125406,1.134,3,-1.458,-2.947
122,1.1352448463,1.134,3,-1.511,-3.026
123,1.1352752447,1.134,3,-1.564,-3.106
124,1.1353092194,1.134,3,-1.62,-3.2
125,1.135340929,1.134,3,-1.675,-3.292
126,1.1353707314,1.134,3,-1.728,-3.383
127,1.1353979111,1.134,3,-1.78,-3.472
128,1.1354234219,1.135,3,-1.822,-3.559
129,1.1354464293,1.135,3,-1.859,-3.641
130,1.1354681253,1.135,3,-1.896,-3.722
131,1.1354886293,1.135,3,-1.929,-3.802
132,1.1355074644,1.135,3,-1.942,-3.878
133,1.1355249882,1.135,3,-1.953,-3.949
134,1.1355416775,1.135,3,-1.963,-4.016
135,1.1355457306,1.135,3,-1.965,-4.031
136,1.1355457306,1.135,4,0.524,-0.397
137,1.1357213259,1.135,4,0.5,-0.425
138,1.1359062195,1.135,4,0.488,-0.439
139,1.1360940933,1.135,4,0.481,-0.446
140,1.1362832785,1.135,4,0.478,-0.447
141,1.1364771128,1.136,4,0.477,-0.448
142,1.1366683245,1.136,4,0.475,-0.447
143,1.1368616819,1.136,4,0.474,-0.447
144,1.1370488405,1.136,4,0.473,-0.447
145,1.1372255087,1.136,4,0.471,-0.447
146,1.1374043226,1.136,4,0.469,-0.448
147,1.1375938654,1.137,4,0.466,-0.45
148,1.1377708912,1.137,4,0.464,-0.451
149,1.1379449368,1.137,4,0.461,-0.453
150,1.138125062,1.137,4,0.459,-0.455
151,1.1382271051,1.137,4,0.457,-0.456
152,1.1383074522,1.137,4,0.456,-0.457
153,1.1384888887,1.138,4,0.453,-0.459
154,1.1386725903,1.138,4,0.45,-0.462
155,1.1388618946,1.138,4,0.446,-0.465
156,1.1390509605,1.138,4,0.442,-0.468
157,1.1392408609,1.138,4,0.438,-0.472
158,1.1394183636,1.138,4,0.434,-0.476
159,1.1395564079,1.139,4,0.431,-0.48
160,1.1396069527,1.139,4,0.429,-0.481
161,1.1397726536,1.139,4,0.424,-0.487
162,1.1398375034,1.139,4,0.422,-0.489
163,1.1400262117,1.139,4,0.416,-0.496
164,1.1402293444,1.139,4,0.408,-0.505
165,1.1404204369,1.14,4,0.4,-0.514
166,1.1406216621,1.14,4,0.39,-0.526
167,1.1408149004,1.14,4,0.38,-0.538
168,1.1410036087,1.14,4,0.367,-0.553
169,1.1411943436,1.14,4,0.352,-0.572
170,1.1413847208,1.141,4,0.348,-0.576
171,1.1415740252,1.141,4,0.314,-0.618
172,1.1417634487,1.141,4,0.247,-0.7
173,1.1418654919,1.141,4,0.175,-0.787
174,1.1419163942,1.141,4,0.095,-0.883
175,1.1419392824,1.141,4,0.012,-0.982
176,1.1419495344,1.141,4,-0.067,-1.077
177,1.1419551373,1.141,4,-0.145,-1.17
178,1.1419576406,1.141,7,-0.193,-1.229
179,1.1419588327,1.141,7,-0.223,-1.264
180,1.1419625282,1.141,7,-0.315,-1.373
181,1.1419657469,1.141,7,-0.372,-1.442
182,1.1419731379,1.141,7,-0.399,-1.475
183,1.1419873238,1.141,7,-0.342,-1.406
184,1.1421201229,1.14,7,-0.368,-1.437
185,1.1421926022,1.139,7,-0.443,-1.528
186,1.1422483921,1.139,7,-0.522,-1.624
187,1.1423026323,1.138,7,-0.606,-1.726
188,1.1423499584,1.137,7,-0.687,-1.825
189,1.1423921585,1.136,7,-0.764,-1.923
190,1.1424295902,1.135,7,-0.841,-2.02
191,1.1424628496,1.133,7,-0.918,-2.116
192,1.1424926519,1.132,7,-0.993,-2.213
193,1.142519474,1.13,7,-1.053,-2.305
194,1.1425441504,1.129,7,-1.108,-2.396
195,1.1425665617,1.126,7,-1.173,-2.489
196,1.1425879002,1.124,7,-1.239,-2.582
197,1.142608285,1.121,7,-1.305,-2.676
198,1.14262712,1.118,7,-1.37,-2.767
199,1.1426454782,1.114,7,-1.432,-2.859
200,1.1426641941,1.109,7,-1.492,-2.95
201,1.1426823139,1.103,7,-1.55,-3.043
202,1.1426973343,1.098,7,-1.607,-3.137
203,1.1427072287,1.093,7,-1.654,-3.218
204,1.1427146196,1.089,7,-1.698,-3.3
205,1.142721653,1.084,7,-1.742,-3.383
206,1.1427278519,1.079,7,-1.784,-3.464
207,1.1427333355,1.073,7,-1.819,-3.544
208,1.1427391768,1.065,7,-1.846,-3.621
209,1.1427437067,1.059,7,-1.868,-3.694
210,1.1427447796,1.057,7,-1.871,-3.706
211,1.1427453756,1.056,7,-1.872,-3.712
212,1.1427462101,1.054,7,-1.869,-3.702
213,1.1427475214,1.052,7,-1.878,-3.738
214,1.1427476406,1.052,7,-1.881,-3.748
215,1.1427477598,1.052,7,-1.882,-3.754
216,1.142747879,1.051,7,-1.884,-3.766
217,1.1427481174,1.051,7,-1.884,-3.78
218,1.1427484751,1.05,7,-1.885,-3.809
219,1.1427489519,1.049,7,-1.885,-3.843
220,1.1427493095,1.048,7,-1.885,-3.874
221,1.1427497864,1.047,7,-1.884,-3.916
222,1.1427503824,1.045,7,-1.882,-3.962
223,1.1427508593,1.043,7,-1.878,-4.003
224,1.1427516937,1.04,7,-1.851,-4.05
