,Mini,Mass,label,Vmag,Imag
0,0.0900000036,0.09,1,16.936,12.946
1,0.0927552581,0.093,1,16.56,12.72
2,0.0997134596,0.1,1,15.682,12.074
3,0.1122723669,0.112,1,14.681,11.536
4,0.1191403717,0.119,1,14.212,11.286
5,0.1385672987,0.138,1,13.372,10.786
6,0.1579942107,0.158,1,12.806,10.411
7,0.1968480498,0.196,1,12.038,9.853
8,0.2454153597,0.245,1,11.38,9.336
9,0.2939826846,0.293,1,10.88,8.926
10,0.3425499201,0.342,1,10.44,8.553
11,0.3911172152,0.391,1,9.98,8.174
12,0.4396845698,0.439,1,9.499,7.755
13,0.4882518053,0.488,1,8.841,7.311
14,0.53681916,0.536,1,8.22,6.862
15,0.5853863955,0.585,1,7.576,6.409
16,0.6321719289,0.632,1,7.0,5.988
17,0.6339536905,0.633,1,6.98,5.973
18,0.6458460093,0.645,1,6.846,5.872
19,0.6825210452,0.682,1,6.465,5.576
20,0.7128449678,0.712,1,6.176,5.349
21,0.7316887379,0.731,1,6.006,5.213
22,0.7403150797,0.74,1,5.933,5.154
23,0.7653547525,0.765,1,5.724,4.983
24,0.7808563709,0.78,1,5.599,4.88
25,0.7970549464,0.796,1,5.47,4.772
26,0.8210293651,0.82,1,5.285,4.614
27,0.8300241232,0.829,1,5.216,4.555
28,0.847158432,0.846,1,5.086,4.443
29,0.8701752424,0.869,1,4.914,4.292
30,0.8791917562,0.878,1,4.847,4.233
31,0.8916235566,0.891,1,4.754,4.151
32,0.9085170031,0.907,1,4.628,4.04
33,0.9245609641,0.923,1,4.507,3.933
34,0.9283593893,0.927,1,4.479,3.907
35,0.9387978911,0.938,1,4.4,3.838
36,0.9525664449,0.952,1,4.295,3.745
37,0.9768565297,0.976,1,4.107,3.577
38,0.977527082,0.977,1,4.102,3.572
39,0.9896005392,0.989,1,4.008,3.489
40,1.0069568157,1.006,1,3.872,3.367
41,1.0225036144,1.022,1,3.749,3.256
42,1.0266947746,1.026,1,3.716,3.226
43,1.0370638371,1.036,1,3.634,3.152
44,1.0508161783,1.05,1,3.525,3.052
45,1.0623760223,1.061,1,3.428,2.962
46,1.0718468428,1.071,1,3.344,2.885
47,1.0758624077,1.075,1,3.308,2.851
48,1.0780417919,1.077,1,3.289,2.833
49,1.0826392174,1.081,1,3.248,2.794
50,1.0863536596,1.085,1,3.211,2.758
51,1.0920572281,1.091,1,3.151,2.699
52,1.0973278284,1.096,1,3.09,2.638
53,1.1006914377,1.099,1,3.045,2.593
54,1.1033684015,1.102,2,3.016,2.563
55,1.1094130278,1.108,2,2.956,2.499
56,1.1171416044,1.116,2,2.876,2.411
57,1.1233469248,1.122,2,2.808,2.333
58,1.1250300407,1.124,2,2.789,2.309
59,1.1320066452,1.131,2,2.71,2.21
60,1.1392323971,1.138,2,2.631,2.093
61,1.1437836885,1.143,2,2.598,2.018
62,1.1467987299,1.146,2,2.605,1.984
63,1.1489044428,1.148,2,2.637,1.978
64,1.1504890919,1.149,2,2.67,1.979
65,1.1517877579,1.151,2,2.704,1.984
66,1.1527353525,1.151,2,2.732,1.991
67,1.1536645889,1.152,2,2.756,1.993
68,1.1550382376,1.154,2,2.753,1.964
69,1.1562476158,1.155,2,2.719,1.913
70,1.1567547321,1.155,2,2.696,1.885
71,1.1574816704,1.156,3,2.654,1.837
72,1.1591182947,1.158,3,2.546,1.716
73,1.1604489088,1.159,3,2.445,1.607
74,1.1617144346,1.16,3,2.342,1.497
75,1.1628780365,1.162,3,2.238,1.387
76,1.1640416384,1.163,3,2.128,1.269
77,1.1651017666,1.164,3,2.019,1.154
78,1.1660054922,1.165,3,1.918,1.047
79,1.1668916941,1.166,3,1.812,0.935
80,1.1677027941,1.166,3,1.707,0.823
81,1.1684503555,1.167,3,1.603,0.711
82,1.1691280603,1.168,3,1.5,0.602
83,1.1697707176,1.168,3,1.396,0.489
84,1.170322299,1.169,3,1.299,0.384
85,1.1708470583,1.17,3,1.199,0.277
86,1.1713191271,1.17,3,1.103,0.172
87,1.171741724,1.17,3,1.011,0.072
88,1.1721459627,1.171,3,0.916,-0.031
89,1.1725168228,1.171,3,0.825,-0.13
90,1.1728614569,1.172,3,0.735,-0.229
91,1.1731768847,1.172,3,0.648,-0.326
92,1.1734688282,1.172,3,0.563,-0.419
93,1.173751235,1.172,3,0.479,-0.512
94,1.1740220785,1.173,3,0.402,-0.596
95,1.1741979122,1.173,3,0.368,-0.635
96,1.1744344234,1.173,3,0.326,-0.681
97,1.1746459007,1.173,3,0.36,-0.642
98,1.1748466492,1.174,3,0.446,-0.545
99,1.1748995781,1.174,3,0.467,-0.521
100,1.175188899,1.174,3,0.368,-0.631
101,1.1754639149,1.174,3,0.274,-0.736
102,1.1757314205,1.175,3,0.179,-0.843
103,1.1759716272,1.175,3,0.089,-0.944
104,1.1762024164,1.175,3,-0.003,-1.048
105,1.1764127016,1.175,3,-0.094,-1.15
106,1.176610589,1.175,3,-0.184,-1.254
107,1.1767888069,1.176,3,-0.271,-1.353
108,1.1769535542,1.176,3,-0.356,-1.452
109,1.1771068573,1.176,3,-0.441,-1.551
110,1.17724967,1.176,3,-0.526,-1.649
111,1.1773834229,1.176,3,-0.61,-1.748
112,1.1775041819,1.176,3,-0.688,-1.842
113,1.1776186228,1.176,3,-0.768,-1.939
114,1.1777200699,1.177,3,-0.843,-2.03
115,1.1778178215,1.177,3,-0.921,-2.124
116,1.1779061556,1.177,3,-0.994,-2.215
117,1.1779891253,1.177,3,-1.065,-2.305
118,1.1780686378,1.177,3,-1.137,-2.397
119,1.178139329,1.177,3,-1.204,-2.484
120,1.1782076359,1.177,3,-1.274,-2.574
121,1.1782702208,1.177,3,-1.339,-2.661
122,1.1783288717,1.177,3,-1.403,-2.747
123,1.1783849001,1.177,3,-1.467,-2.834
124,1.178448081,1.177,3,-1.542,-2.937
125,1.1784961224,1.177,3,-1.603,-3.022
126,1.1785415411,1.177,3,-1.661,-3.106
127,1.1785926819,1.177,3,-1.728,-3.206
128,1.1786402464,1.177,3,-1.792,-3.305
129,1.1786772013,1.177,3,-1.845,-3.387
130,1.1787191629,1.178,3,-1.906,-3.485
131,1.1787576675,1.178,3,-1.962,-3.58
132,1.178793788,1.178,3,-2.017,-3.674
133,1.1788275242,1.178,3,-2.071,-3.767
134,1.1788592339,1.178,3,-2.116,-3.858
135,1.1788885593,1.178,3,-2.155,-3.947
136,1.1789162159,1.178,3,-2.188,-4.028
137,1.1789261103,1.178,3,-2.199,-4.057
138,1.1789261103,1.178,4,0.443,-0.449
139,1.1791696548,1.178,4,0.418,-0.479
140,1.17940557,1.179,4,0.406,-0.492
141,1.1796447039,1.179,4,0.399,-0.499
142,1.1798861027,1.179,4,0.395,-0.502
143,1.1801265478,1.179,4,0.392,-0.504
144,1.1803613901,1.18,4,0.389,-0.505
145,1.180601716,1.18,4,0.386,-0.507
146,1.1808402538,1.18,4,0.383,-0.508
147,1.1810873747,1.18,4,0.379,-0.511
148,1.1813408136,1.181,4,0.375,-0.513
149,1.1815698147,1.181,4,0.372,-0.516
150,1.181820035,1.181,4,0.368,-0.519
151,1.1820462942,1.181,4,0.364,-0.522
152,1.1822813749,1.182,4,0.36,-0.525
153,1.1823353767,1.182,4,0.359,-0.526
154,1.1825072765,1.182,4,0.356,-0.529
155,1.1827402115,1.182,4,0.352,-0.532
156,1.1829818487,1.182,4,0.347,-0.536
157,1.1832113266,1.182,4,0.343,-0.54
158,1.1834392548,1.183,4,0.338,-0.545
159,1.1836640835,1.183,4,0.333,-0.549
160,1.1838957071,1.183,4,0.328,-0.554
161,1.1840223074,1.183,4,0.325,-0.557
162,1.1841373444,1.183,4,0.323,-0.56
163,1.1843762398,1.184,4,0.316,-0.567
164,1.1846158504,1.184,4,0.309,-0.575
165,1.1848670244,1.184,4,0.301,-0.584
166,1.1851079464,1.184,4,0.293,-0.594
167,1.1853510141,1.185,4,0.283,-0.606
168,1.1855903864,1.185,4,0.272,-0.619
169,1.1858282089,1.185,4,0.26,-0.633
170,1.1860715151,1.185,4,0.248,-0.647
171,1.1863133907,1.186,4,0.239,-0.658
172,1.1865581274,1.186,4,0.205,-0.701
173,1.1867972612,1.186,4,0.129,-0.795
174,1.1868926287,1.186,4,0.057,-0.882
175,1.1869388819,1.186,4,-0.013,-0.967
176,1.1869604588,1.186,4,-0.083,-1.051
177,1.1869722605,1.186,4,-0.164,-1.146
178,1.1869786978,1.186,4,-0.243,-1.239
179,1.1869802475,1.186,7,-0.267,-1.268
180,1.1869822741,1.186,7,-0.307,-1.315
181,1.1869865656,1.186,7,-0.391,-1.414
182,1.1869908571,1.186,7,-0.455,-1.49
183,1.1870030165,1.186,7,-0.456,-1.492
184,1.1870248318,1.186,7,-0.402,-1.428
185,1.1871846914,1.185,7,-0.437,-1.471
186,1.1872677803,1.184,7,-0.524,-1.573
187,1.1873186827,1.184,7,-0.593,-1.655
188,1.1873691082,1.183,7,-0.661,-1.737
189,1.1874244213,1.183,7,-0.738,-1.83
190,1.1874746084,1.182,7,-0.816,-1.924
191,1.187520504,1.181,7,-0.895,-2.019
192,1.1875624657,1.18,7,-0.974,-2.116
193,1.1876001358,1.179,7,-1.048,-2.21
194,1.1876343489,1.177,7,-1.115,-2.303
195,1.1876647472,1.176,7,-1.179,-2.394
196,1.1876926422,1.174,7,-1.241,-2.485
197,1.1877188683,1.172,7,-1.309,-2.577
198,1.1877439022,1.17,7,-1.379,-2.671
199,1.1877669096,1.167,7,-1.448,-2.763
200,1.1877883673,1.164,7,-1.511,-2.851
201,1.1878100634,1.161,7,-1.575,-2.943
202,1.1878318787,1.156,7,-1.638,-3.034
203,1.1878538132,1.15,7,-1.7,-3.126
204,1.1878739595,1.144,7,-1.759,-3.221
205,1.1878889799,1.138,7,-1.819,-3.319
206,1.1878991127,1.133,7,-1.873,-3.408
207,1.1879092455,1.127,7,-1.929,-3.507
208,1.1879169941,1.121,7,-1.976,-3.593
209,1.1879249811,1.114,7,-2.023,-3.686
210,1.1879341602,1.103,7,-2.067,-3.784
211,1.1879358292,1.101,7,-2.067,-3.788
212,1.1879364252,1.1,7,-2.065,-3.785
213,1.187936902,1.099,7,-2.077,-3.813
214,1.1879374981,1.099,7,-2.086,-3.836
215,1.1879379749,1.098,7,-2.094,-3.857
216,1.1879386902,1.097,7,-2.105,-3.891
217,1.1879400015,1.094,7,-2.131,-3.976
218,1.1879416704,1.09,7,-2.151,-4.082
