,Mini,Mass,label,Vmag,Imag
0,0.0900000036,0.09,1,16.8,12.883
1,0.0947893262,0.095,1,16.157,12.395
2,0.0995518565,0.1,1,15.532,12.008
3,0.1186555773,0.118,1,14.088,11.248
4,0.1377592981,0.138,1,13.271,10.755
5,0.1568630189,0.157,1,12.721,10.385
6,0.1950704604,0.195,1,11.975,9.836
7,0.2428297698,0.242,1,11.33,9.326
8,0.2905890644,0.29,1,10.835,8.92
9,0.3380851448,0.337,1,10.408,8.555
10,0.3383483291,0.338,1,10.406,8.553
11,0.3861076236,0.385,1,9.968,8.18
12,0.4338669777,0.433,1,9.481,7.773
13,0.4704181552,0.47,1,8.977,7.433
14,0.4816262424,0.481,1,8.856,7.34
15,0.517398119,0.517,1,8.399,7.007
16,0.5293855667,0.529,1,8.252,6.9
17,0.5771448612,0.576,1,7.615,6.45
18,0.6249040961,0.624,1,7.029,6.02
19,0.64955163,0.649,1,6.756,5.812
20,0.6726634502,0.672,1,6.519,5.626
21,0.6849027276,0.684,1,6.399,5.532
22,0.7171097398,0.717,1,6.099,5.295
23,0.7213617563,0.721,1,6.061,5.264
24,0.744880259,0.744,1,5.861,5.102
25,0.7700599432,0.769,1,5.655,4.934
26,0.7748305798,0.774,1,5.617,4.902
27,0.802059114,0.801,1,5.404,4.722
28,0.8187582493,0.818,1,5.276,4.613
29,0.8266246915,0.826,1,5.217,4.561
30,0.8525656462,0.851,1,5.022,4.393
31,0.8674564958,0.866,1,4.912,4.296
32,0.8791827559,0.878,1,4.825,4.22
33,0.8973836899,0.896,1,4.69,4.101
34,0.9145235419,0.913,1,4.562,3.989
35,0.9161547422,0.915,1,4.55,3.978
36,0.9306539893,0.93,1,4.442,3.883
37,0.9450582266,0.944,1,4.334,3.787
38,0.9590322971,0.958,1,4.229,3.694
39,0.9648530483,0.964,1,4.184,3.654
40,0.9768901467,0.976,1,4.093,3.574
41,0.9965261817,0.996,1,3.941,3.439
42,1.0135512352,1.013,1,3.808,3.32
43,1.0141836405,1.013,1,3.803,3.316
44,1.0298359394,1.029,1,3.681,3.207
45,1.0446065664,1.043,1,3.565,3.104
46,1.0586038828,1.057,1,3.453,3.002
47,1.0622495413,1.061,1,3.423,2.975
48,1.0649578571,1.064,1,3.401,2.955
49,1.0750579834,1.074,1,3.316,2.877
50,1.0835870504,1.082,1,3.241,2.808
51,1.0885403156,1.087,1,3.198,2.767
52,1.0925964117,1.091,1,3.156,2.727
53,1.0989195108,1.098,1,3.087,2.661
54,1.1048653126,1.103,1,3.018,2.592
55,1.1087118387,1.107,1,2.966,2.539
56,1.1109478474,1.11,1,2.942,2.514
57,1.1119164228,1.111,1,2.932,2.504
58,1.1207592487,1.119,2,2.844,2.413
59,1.1304699183,1.129,2,2.742,2.297
60,1.1372511387,1.136,2,2.666,2.204
61,1.144048214,1.143,2,2.587,2.096
62,1.1495807171,1.148,2,2.529,1.994
63,1.1532084942,1.152,2,2.512,1.93
64,1.1556744576,1.154,2,2.535,1.907
65,1.1574270725,1.156,2,2.58,1.912
66,1.158762455,1.157,2,2.616,1.918
67,1.1596461535,1.158,2,2.639,1.92
68,1.1604052782,1.159,2,2.656,1.921
69,1.1616153717,1.16,2,2.678,1.918
70,1.1633299589,1.162,2,2.669,1.88
71,1.1644951105,1.163,2,2.629,1.827
72,1.1652646065,1.164,3,2.589,1.78
73,1.1669799089,1.166,3,2.485,1.664
74,1.1683977842,1.167,3,2.387,1.558
75,1.1698496342,1.169,3,2.277,1.44
76,1.1710757017,1.17,3,2.177,1.334
77,1.1723102331,1.171,3,2.07,1.22
78,1.1735311747,1.172,3,1.954,1.098
79,1.1745575666,1.173,3,1.849,0.986
80,1.1755195856,1.174,3,1.743,0.874
81,1.1764553785,1.175,3,1.631,0.755
82,1.1772542,1.176,3,1.528,0.644
83,1.1780143976,1.177,3,1.421,0.53
84,1.1786718369,1.177,3,1.322,0.423
85,1.1793012619,1.178,3,1.219,0.312
86,1.1798974276,1.179,3,1.114,0.199
87,1.1804302931,1.179,3,1.013,0.089
88,1.1809117794,1.18,3,0.915,-0.018
89,1.1813694239,1.18,3,0.814,-0.127
90,1.1817857027,1.18,3,0.717,-0.233
91,1.1821695566,1.181,3,0.622,-0.338
92,1.1825344563,1.181,3,0.527,-0.443
93,1.1828706264,1.182,3,0.435,-0.544
94,1.1832098961,1.182,3,0.347,-0.642
95,1.1836768389,1.182,3,0.261,-0.737
96,1.1838845015,1.183,3,0.303,-0.689
97,1.1840816736,1.183,3,0.377,-0.606
98,1.1841336489,1.183,3,0.398,-0.581
99,1.1844228506,1.183,3,0.299,-0.691
100,1.1846978664,1.183,3,0.204,-0.797
101,1.1849653721,1.184,3,0.109,-0.903
102,1.1852054596,1.184,3,0.019,-1.004
103,1.1854360104,1.184,3,-0.073,-1.108
104,1.1856461763,1.184,3,-0.163,-1.209
105,1.1858439445,1.185,3,-0.254,-1.313
106,1.1860220432,1.185,3,-0.341,-1.412
107,1.1861866713,1.185,3,-0.426,-1.511
108,1.1863398552,1.185,3,-0.511,-1.609
109,1.1864825487,1.185,3,-0.595,-1.707
110,1.1866161823,1.185,3,-0.68,-1.806
111,1.1867368221,1.185,3,-0.76,-1.901
112,1.1868510246,1.186,3,-0.839,-1.997
113,1.1869524717,1.186,3,-0.914,-2.087
114,1.1870501041,1.186,3,-0.991,-2.18
115,1.187138319,1.186,3,-1.064,-2.27
116,1.1872211695,1.186,3,-1.135,-2.36
117,1.1873005629,1.186,3,-1.206,-2.45
118,1.187371254,1.186,3,-1.273,-2.536
119,1.1874394417,1.186,3,-1.341,-2.624
120,1.1875019073,1.186,3,-1.407,-2.71
121,1.1875605583,1.186,3,-1.471,-2.795
122,1.1876164675,1.186,3,-1.534,-2.88
123,1.1876795292,1.186,3,-1.607,-2.981
124,1.1877275705,1.186,3,-1.667,-3.063
125,1.1877728701,1.186,3,-1.727,-3.146
126,1.1878240108,1.187,3,-1.792,-3.244
127,1.1878714561,1.187,3,-1.854,-3.339
128,1.1879082918,1.187,3,-1.906,-3.419
129,1.1879502535,1.187,3,-1.968,-3.513
130,1.1879887581,1.187,3,-2.025,-3.605
131,1.1880248785,1.187,3,-2.079,-3.696
132,1.1880584955,1.187,3,-2.13,-3.785
133,1.188090086,1.187,3,-2.182,-3.874
134,1.1881194115,1.187,3,-2.225,-3.958
135,1.1881469488,1.187,3,-2.259,-4.037
136,1.1881569624,1.187,3,-2.27,-4.064
137,1.1881569624,1.187,4,0.412,-0.467
138,1.1884174347,1.188,4,0.387,-0.498
139,1.18866992,1.188,4,0.374,-0.511
140,1.1889257431,1.188,4,0.367,-0.519
141,1.1891839504,1.188,4,0.362,-0.522
142,1.1894412041,1.189,4,0.359,-0.525
143,1.1896924973,1.189,4,0.355,-0.527
144,1.1899496317,1.189,4,0.352,-0.529
145,1.1902048588,1.189,4,0.348,-0.531
146,1.190469265,1.19,4,0.344,-0.534
147,1.1907404661,1.19,4,0.34,-0.537
148,1.1909854412,1.19,4,0.336,-0.54
149,1.1912533045,1.19,4,0.331,-0.544
150,1.1914954185,1.191,4,0.327,-0.547
151,1.1917469501,1.191,4,0.322,-0.551
152,1.1918047667,1.191,4,0.321,-0.552
153,1.1919884682,1.191,4,0.318,-0.555
154,1.192237258,1.191,4,0.313,-0.559
155,1.1924954653,1.192,4,0.308,-0.563
156,1.1927406788,1.192,4,0.304,-0.567
157,1.1929841042,1.192,4,0.299,-0.572
158,1.1932244301,1.192,4,0.294,-0.577
159,1.1934719086,1.193,4,0.288,-0.582
160,1.1936070919,1.193,4,0.285,-0.585
161,1.1937296391,1.193,4,0.282,-0.588
162,1.1939843893,1.193,4,0.276,-0.595
163,1.194239974,1.193,4,0.269,-0.603
164,1.1945077181,1.194,4,0.261,-0.612
165,1.1947646141,1.194,4,0.252,-0.622
166,1.1950240135,1.194,4,0.242,-0.634
167,1.195279479,1.195,4,0.232,-0.647
168,1.1955331564,1.195,4,0.22,-0.662
169,1.1957927942,1.195,4,0.209,-0.674
170,1.1960508823,1.195,4,0.199,-0.686
171,1.1963121891,1.196,4,0.165,-0.729
172,1.1965674162,1.196,4,0.089,-0.823
173,1.1966692209,1.196,4,0.021,-0.907
174,1.1967186928,1.196,4,-0.047,-0.988
175,1.1967417002,1.196,4,-0.115,-1.07
176,1.1967543364,1.196,4,-0.193,-1.162
177,1.1967611313,1.196,4,-0.269,-1.252
178,1.196762681,1.196,4,-0.292,-1.278
179,1.1967628002,1.196,7,-0.293,-1.28
180,1.1967648268,1.196,7,-0.331,-1.325
181,1.1967693567,1.196,7,-0.416,-1.425
182,1.1967740059,1.196,7,-0.483,-1.503
183,1.1967866421,1.196,7,-0.486,-1.508
184,1.1968096495,1.196,7,-0.429,-1.439
185,1.1969777346,1.195,7,-0.469,-1.488
186,1.197065115,1.194,7,-0.558,-1.593
187,1.1971187592,1.194,7,-0.631,-1.68
188,1.1971716881,1.193,7,-0.703,-1.765
189,1.1972298622,1.193,7,-0.783,-1.861
190,1.1972827911,1.192,7,-0.862,-1.956
191,1.1973309517,1.191,7,-0.942,-2.053
192,1.1973750591,1.19,7,-1.023,-2.15
193,1.1974147558,1.189,7,-1.1,-2.246
194,1.197450757,1.187,7,-1.164,-2.34
195,1.1974825859,1.186,7,-1.231,-2.432
196,1.1975120306,1.184,7,-1.299,-2.525
197,1.1975395679,1.182,7,-1.368,-2.618
198,1.197565794,1.18,7,-1.438,-2.712
199,1.1975901127,1.177,7,-1.509,-2.805
200,1.1976126432,1.174,7,-1.576,-2.896
201,1.1976354122,1.17,7,-1.641,-2.988
202,1.1976584196,1.165,7,-1.704,-3.079
203,1.1976813078,1.159,7,-1.766,-3.171
204,1.197702527,1.153,7,-1.827,-3.267
205,1.1977183819,1.147,7,-1.887,-3.363
206,1.1977289915,1.142,7,-1.94,-3.452
207,1.1977397203,1.135,7,-1.997,-3.548
208,1.1977478266,1.129,7,-2.045,-3.634
209,1.1977561712,1.122,7,-2.093,-3.725
210,1.1977659464,1.11,7,-2.138,-3.82
211,1.1977676153,1.108,7,-2.134,-3.813
212,1.1977682114,1.108,7,-2.127,-3.803
213,1.1977688074,1.107,7,-2.148,-3.842
214,1.1977692842,1.106,7,-2.165,-3.874
215,1.1977698803,1.105,7,-2.177,-3.905
216,1.1977707148,1.104,7,-2.191,-3.945
217,1.1977720261,1.101,7,-2.215,-4.024
218,1.197773695,1.097,7,-2.244,-4.124
219,1.1977760792,1.09,7,-2.254,-4.211
