,Mini,Mass,label,Vmag,Imag
0,0.0900000036,0.09,1,17.154,13.078
1,0.096332252,0.096,1,16.541,12.652
2,0.1000000089,0.1,1,16.112,12.345
3,0.1071373671,0.107,1,15.576,11.954
4,0.1200000048,0.12,1,14.651,11.438
5,0.1400000006,0.14,1,13.75,10.916
6,0.1599999964,0.16,1,13.141,10.528
7,0.1999999881,0.2,1,12.308,9.949
8,0.25,0.25,1,11.608,9.419
9,0.3000000119,0.3,1,11.087,9.003
10,0.3215439916,0.322,1,10.876,8.826
11,0.3499999642,0.35,0,10.612,8.604
12,0.3999999762,0.4,1,10.119,8.215
13,0.4499999881,0.45,1,9.598,7.785
14,0.4999999702,0.5,1,8.954,7.325
15,0.5267090201,0.527,1,8.581,7.075
16,0.5500000119,0.55,1,8.297,6.873
17,0.5588667989,0.559,1,8.181,6.794
18,0.5999999642,0.6,1,7.654,6.427
19,0.6377467513,0.638,1,7.179,6.089
20,0.6499999166,0.65,1,7.033,5.983
21,0.6981275082,0.698,1,6.52,5.596
22,0.7000000477,0.7,1,6.501,5.582
23,0.7245013118,0.725,1,6.268,5.4
24,0.7486589551,0.749,1,6.051,5.23
25,0.7837421894,0.784,1,5.763,4.996
26,0.7973178625,0.797,1,5.656,4.908
27,0.8114410043,0.811,1,5.547,4.818
28,0.8438423872,0.843,1,5.304,4.614
29,0.8459768295,0.845,1,5.289,4.601
30,0.8643945456,0.864,1,5.156,4.487
31,0.8888422847,0.888,1,4.982,4.338
32,0.8946356773,0.894,1,4.941,4.303
33,0.9083727002,0.908,1,4.845,4.218
34,0.9260240793,0.925,1,4.721,4.11
35,0.9428979754,0.942,1,4.604,4.007
36,0.9432946444,0.943,1,4.601,4.004
37,0.9493321776,0.949,1,4.559,3.967
38,0.9667400718,0.966,1,4.438,3.86
39,0.9832434654,0.983,1,4.324,3.758
40,0.9919536114,0.992,1,4.263,3.704
41,0.9978970289,0.998,1,4.221,3.668
42,1.0119856596,1.012,1,4.123,3.58
43,1.0368412733,1.036,1,3.949,3.425
44,1.0406124592,1.04,1,3.923,3.401
45,1.0528723001,1.052,1,3.837,3.325
46,1.0656983852,1.065,1,3.748,3.245
47,1.077760458,1.077,1,3.666,3.17
48,1.0892714262,1.088,1,3.588,3.098
49,1.0938719511,1.093,1,3.557,3.071
50,1.1080831289,1.107,1,3.462,2.982
51,1.1196147203,1.119,1,3.386,2.91
52,1.1295572519,1.129,1,3.322,2.848
53,1.1348965168,1.134,1,3.287,2.814
54,1.137930274,1.137,1,3.254,2.785
55,1.1538652182,1.153,1,3.122,2.662
56,1.1571487188,1.156,1,3.071,2.62
57,1.1581488848,1.157,1,3.049,2.602
58,1.166336298,1.165,2,2.971,2.521
59,1.1814454794,1.181,2,2.846,2.386
60,1.186589241,1.186,2,2.802,2.337
61,1.1993921995,1.199,2,2.698,2.211
62,1.2104218006,1.21,2,2.611,2.092
63,1.2196290493,1.219,2,2.567,1.997
64,1.2260843515,1.225,2,2.599,1.967
65,1.2299082279,1.229,2,2.67,1.984
66,1.232347846,1.232,2,2.729,2.004
67,1.234010458,1.233,2,2.767,2.014
68,1.2352398634,1.235,2,2.785,2.013
69,1.2352480888,1.235,2,2.785,2.013
70,1.2390426397,1.239,2,2.788,1.97
71,1.240344882,1.24,2,2.756,1.928
72,1.2413934469,1.241,3,2.716,1.883
73,1.2437382936,1.243,3,2.621,1.775
74,1.2458912134,1.245,3,2.518,1.663
75,1.2480219603,1.248,3,2.404,1.541
76,1.2499232292,1.249,3,2.293,1.423
77,1.2516320944,1.251,3,2.183,1.306
78,1.2532105446,1.253,3,2.073,1.189
79,1.2547135353,1.254,3,1.957,1.067
80,1.2560129166,1.256,3,1.85,0.952
81,1.2572362423,1.257,3,1.74,0.835
82,1.258287549,1.258,3,1.638,0.725
83,1.2592785358,1.259,3,1.532,0.612
84,1.260160923,1.26,3,1.43,0.502
85,1.2609347105,1.261,3,1.334,0.397
86,1.261687398,1.261,3,1.232,0.286
87,1.2623594999,1.262,3,1.136,0.181
88,1.262955904,1.263,3,1.044,0.081
89,1.2635163069,1.263,3,0.952,-0.02
90,1.2640476227,1.264,3,0.859,-0.121
91,1.2645214796,1.264,3,0.773,-0.217
92,1.2649810314,1.265,3,0.687,-0.311
93,1.2654461861,1.265,3,0.612,-0.395
94,1.2659432888,1.266,3,0.555,-0.457
95,1.2662535906,1.266,3,0.6,-0.406
96,1.2665481567,1.266,3,0.662,-0.336
97,1.266625762,1.266,3,0.682,-0.313
98,1.2668602467,1.266,3,0.627,-0.374
99,1.2672832012,1.267,3,0.53,-0.482
100,1.2676814795,1.267,3,0.436,-0.588
101,1.2680538893,1.268,3,0.342,-0.693
102,1.2684028149,1.268,3,0.249,-0.798
103,1.2687246799,1.268,3,0.158,-0.902
104,1.2690212727,1.269,3,0.068,-1.004
105,1.2692966461,1.269,3,-0.021,-1.106
106,1.2695513964,1.269,3,-0.109,-1.207
107,1.2697870731,1.269,3,-0.196,-1.308
108,1.2699984312,1.27,3,-0.281,-1.406
109,1.2701987028,1.27,3,-0.364,-1.504
110,1.2703831196,1.27,3,-0.444,-1.601
111,1.2705556154,1.27,3,-0.525,-1.698
112,1.270714283,1.27,3,-0.604,-1.794
113,1.2708588839,1.27,3,-0.682,-1.888
114,1.2709966898,1.271,3,-0.759,-1.984
115,1.2711188793,1.271,3,-0.831,-2.075
116,1.2712352276,1.271,3,-0.905,-2.167
117,1.2713422775,1.271,3,-0.976,-2.258
118,1.2714422941,1.271,3,-1.046,-2.349
119,1.2715365887,1.271,3,-1.114,-2.439
120,1.2716211081,1.271,3,-1.178,-2.525
121,1.2717024088,1.271,3,-1.243,-2.613
122,1.2717783451,1.271,3,-1.308,-2.7
123,1.2718474865,1.271,3,-1.368,-2.784
124,1.2719147205,1.272,3,-1.428,-2.87
125,1.2719758749,1.272,3,-1.486,-2.952
126,1.2720330954,1.272,3,-1.542,-3.034
127,1.2720884085,1.272,3,-1.598,-3.118
128,1.2721500397,1.272,3,-1.66,-3.217
129,1.2722073793,1.272,3,-1.718,-3.313
130,1.2722512484,1.272,3,-1.764,-3.391
131,1.2723023891,1.272,3,-1.821,-3.488
132,1.2723480463,1.272,3,-1.869,-3.579
133,1.2723914385,1.272,3,-1.91,-3.669
134,1.272431612,1.272,3,-1.95,-3.758
135,1.2724694014,1.272,3,-1.988,-3.845
136,1.2725045681,1.272,3,-2.008,-3.928
137,1.272536993,1.272,3,-2.02,-4.005
138,1.2725589275,1.272,3,-2.026,-4.055
139,1.2725589275,1.272,4,0.499,-0.425
140,1.2728765011,1.273,4,0.475,-0.453
141,1.2732158899,1.273,4,0.461,-0.469
142,1.2735536098,1.273,4,0.455,-0.475
143,1.273894906,1.274,4,0.452,-0.477
144,1.2742035389,1.274,4,0.45,-0.478
145,1.2745456696,1.274,4,0.448,-0.478
146,1.2748589516,1.275,4,0.446,-0.479
147,1.2751951218,1.275,4,0.444,-0.48
148,1.2755481005,1.275,4,0.441,-0.482
149,1.2758623362,1.276,4,0.438,-0.484
150,1.276189208,1.276,4,0.435,-0.486
151,1.2765007019,1.276,4,0.432,-0.488
152,1.276815176,1.277,4,0.428,-0.491
153,1.2771589756,1.277,4,0.425,-0.494
154,1.2773162127,1.277,4,0.423,-0.495
155,1.2773560286,1.277,4,0.423,-0.495
156,1.2776801586,1.277,4,0.419,-0.498
157,1.2780046463,1.278,4,0.415,-0.502
158,1.2783453465,1.278,4,0.411,-0.506
159,1.2786512375,1.278,4,0.407,-0.509
160,1.278960228,1.279,4,0.403,-0.513
161,1.2792824507,1.279,4,0.398,-0.518
162,1.2796121836,1.279,4,0.393,-0.523
163,1.2797319889,1.279,4,0.391,-0.525
164,1.279756546,1.279,4,0.391,-0.525
165,1.2800849676,1.28,4,0.385,-0.532
166,1.2803934813,1.28,4,0.379,-0.538
167,1.2807090282,1.28,4,0.372,-0.546
168,1.2810255289,1.281,4,0.365,-0.555
169,1.2813585997,1.281,4,0.355,-0.565
170,1.2816690207,1.281,4,0.346,-0.577
171,1.2819914818,1.282,4,0.333,-0.592
172,1.2823241949,1.282,4,0.317,-0.612
173,1.2826486826,1.282,4,0.293,-0.641
174,1.2829813957,1.283,4,0.257,-0.685
175,1.2832709551,1.283,4,0.182,-0.776
176,1.2834054232,1.283,4,0.102,-0.872
177,1.2834624052,1.283,4,0.026,-0.962
178,1.2834883928,1.283,4,-0.055,-1.058
179,1.283500433,1.283,4,-0.127,-1.146
180,1.2835075855,1.283,4,-0.2,-1.232
181,1.2835079432,1.283,7,-0.205,-1.238
182,1.2835134268,1.283,7,-0.286,-1.335
183,1.2835184336,1.283,7,-0.365,-1.428
184,1.2835233212,1.283,7,-0.441,-1.52
185,1.2835285664,1.283,7,-0.514,-1.607
186,1.2835416794,1.283,7,-0.532,-1.629
187,1.2835501432,1.283,7,-0.48,-1.566
188,1.2835690975,1.283,7,-0.404,-1.475
189,1.2836321592,1.283,7,-0.35,-1.411
190,1.2838087082,1.282,7,-0.406,-1.478
191,1.283929944,1.282,7,-0.486,-1.575
192,1.2840408087,1.281,7,-0.572,-1.679
193,1.2841355801,1.281,7,-0.657,-1.781
194,1.2842175961,1.28,7,-0.74,-1.883
195,1.284288168,1.28,7,-0.819,-1.982
196,1.2843495607,1.279,7,-0.898,-2.081
197,1.2844042778,1.278,7,-0.976,-2.179
198,1.284453392,1.277,7,-1.05,-2.277
199,1.2844982147,1.276,7,-1.112,-2.37
200,1.2845298052,1.275,7,-1.153,-2.44
201,1.2845686674,1.273,7,-1.223,-2.536
202,1.2846052647,1.271,7,-1.291,-2.63
203,1.284640193,1.269,7,-1.36,-2.727
204,1.2846720219,1.267,7,-1.426,-2.82
205,1.2847036123,1.264,7,-1.49,-2.912
206,1.2847354412,1.261,7,-1.551,-3.004
207,1.2847657204,1.257,7,-1.614,-3.099
208,1.2847905159,1.253,7,-1.678,-3.202
209,1.2848067284,1.249,7,-1.733,-3.295
210,1.2848193645,1.246,7,-1.781,-3.382
211,1.2848314047,1.243,7,-1.83,-3.472
212,1.2848417759,1.239,7,-1.875,-3.557
213,1.2848513126,1.234,7,-1.908,-3.638
214,1.2848610878,1.229,7,-1.933,-3.708
215,1.2848688364,1.224,7,-1.951,-3.763
216,1.2848707438,1.223,7,-1.956,-3.777
217,1.2848718166,1.222,7,-1.959,-3.786
218,1.2848728895,1.221,7,-1.962,-3.798
219,1.2848752737,1.219,7,-1.976,-3.847
220,1.2848756313,1.219,7,-1.979,-3.856
221,1.2848757505,1.219,7,-1.979,-3.87
222,1.2848758698,1.219,7,-1.979,-3.872
223,1.284875989,1.219,7,-1.98,-3.868
224,1.2848761082,1.219,7,-1.979,-3.861
225,1.2848762274,1.219,7,-1.909,-3.675
226,1.2848763466,1.218,7,-1.982,-3.934
227,1.2848764658,1.218,7,-1.981,-3.874
228,1.284876585,1.218,7,-1.971,-3.827
229,1.2848767042,1.218,7,-1.965,-3.812
230,1.2848776579,1.217,7,-1.977,-3.853
231,1.2848783731,1.217,7,-1.98,-3.907
232,1.2848790884,1.216,7,-1.982,-3.968
233,1.2848799229,1.215,7,-1.983,-4.017
234,1.2848808765,1.214,7,-1.981,-4.073
235,1.2848819494,1.212,7,-1.974,-4.114
236,1.2848836184,1.209,7,-1.947,-4.156
237,1.2848846912,1.207,7,-1.934,-4.175
