,Mini,Mass,label,Vmag,Imag
0,0.0900000036,0.09,1,17.122,13.042
1,0.0926371664,0.093,1,16.837,12.852
2,0.099999994,0.1,1,15.947,12.216
3,0.1199999973,0.12,1,14.449,11.362
4,0.1399999857,0.14,1,13.576,10.849
5,0.1599999964,0.16,1,12.983,10.465
6,0.1999999732,0.2,1,12.166,9.889
7,0.2269045413,0.227,1,11.779,9.592
8,0.25,0.25,1,11.487,9.364
9,0.3000000119,0.3,1,10.978,8.951
10,0.3302338123,0.33,1,10.689,8.709
11,0.3499999642,0.35,1,10.51,8.558
12,0.3999999464,0.4,1,10.02,8.168
13,0.4285531938,0.428,1,9.719,7.913
14,0.4499999583,0.45,1,9.518,7.731
15,0.4999999702,0.5,1,8.827,7.27
16,0.5500000119,0.55,1,8.184,6.812
17,0.5891970992,0.589,1,7.669,6.453
18,0.5999999642,0.6,1,7.533,6.357
19,0.6499999166,0.65,1,6.923,5.914
20,0.6765134931,0.677,1,6.637,5.697
21,0.6999999881,0.7,1,6.403,5.515
22,0.7025208473,0.703,1,6.379,5.496
23,0.7417239547,0.742,1,6.02,5.214
24,0.7477700114,0.748,1,5.967,5.172
25,0.7602820992,0.76,1,5.864,5.088
26,0.7926348448,0.792,1,5.605,4.875
27,0.7955400944,0.795,1,5.583,4.856
28,0.819260776,0.819,1,5.4,4.702
29,0.8433101773,0.843,1,5.22,4.55
30,0.8599333167,0.859,1,5.098,4.445
31,0.880451262,0.88,1,4.95,4.316
32,0.8910801411,0.89,1,4.873,4.249
33,0.8994221687,0.899,1,4.813,4.197
34,0.9170339108,0.916,1,4.687,4.085
35,0.938850224,0.938,1,4.531,3.947
36,0.9406937957,0.94,1,4.517,3.935
37,0.95693928,0.956,1,4.401,3.832
38,0.971450448,0.971,1,4.296,3.739
39,0.9855196476,0.985,1,4.194,3.648
40,0.9866204262,0.986,1,4.186,3.641
41,1.010030508,1.01,1,4.015,3.489
42,1.0317608118,1.031,1,3.855,3.345
43,1.0343903303,1.034,1,3.836,3.327
44,1.0387282372,1.038,1,3.804,3.299
45,1.0506321192,1.05,1,3.718,3.222
46,1.0723114014,1.071,1,3.561,3.079
47,1.0821604729,1.081,1,3.489,3.012
48,1.084762454,1.084,1,3.471,2.995
49,1.0966403484,1.096,1,3.381,2.912
50,1.1068873405,1.106,1,3.305,2.839
51,1.1123924255,1.111,1,3.263,2.799
52,1.1181867123,1.117,1,3.207,2.747
53,1.1223196983,1.121,1,3.165,2.708
54,1.1263229847,1.125,1,3.12,2.666
55,1.1271355152,1.126,1,3.109,2.657
56,1.1299304962,1.129,2,3.084,2.633
57,1.1308271885,1.13,2,3.076,2.625
58,1.1421967745,1.141,2,2.971,2.518
59,1.1549271345,1.154,2,2.851,2.389
60,1.1639699936,1.163,2,2.761,2.287
61,1.1731607914,1.172,2,2.667,2.169
62,1.1777006388,1.177,2,2.622,2.103
63,1.1815264225,1.181,2,2.595,2.054
64,1.1873632669,1.187,2,2.585,1.992
65,1.1910486221,1.19,2,2.614,1.973
66,1.1935428381,1.193,2,2.662,1.982
67,1.1953784227,1.195,2,2.709,1.995
68,1.196857214,1.196,2,2.744,2.003
69,1.1979221106,1.197,2,2.772,2.011
70,1.1989551783,1.198,2,2.786,2.007
71,1.2004621029,1.2,2,2.787,1.985
72,1.2017694712,1.201,2,2.752,1.935
73,1.2023124695,1.202,2,2.732,1.911
74,1.2034535408,1.203,3,2.679,1.85
75,1.2051725388,1.204,3,2.59,1.751
76,1.2068110704,1.206,3,2.495,1.648
77,1.2085117102,1.208,3,2.387,1.532
78,1.2101781368,1.209,3,2.272,1.409
79,1.2115768194,1.211,3,2.166,1.297
80,1.21294415,1.212,3,2.055,1.179
81,1.2141939402,1.213,3,1.943,1.061
82,1.2153352499,1.215,3,1.833,0.944
83,1.2163181305,1.216,3,1.73,0.834
84,1.217263937,1.217,3,1.624,0.719
85,1.2181134224,1.217,3,1.519,0.607
86,1.2189215422,1.218,3,1.411,0.491
87,1.2196172476,1.219,3,1.31,0.382
88,1.2202692032,1.22,3,1.208,0.271
89,1.2208652496,1.22,3,1.108,0.162
90,1.221394062,1.221,3,1.013,0.058
91,1.2219119072,1.221,3,0.914,-0.05
92,1.2223718166,1.222,3,0.82,-0.154
93,1.222797513,1.222,3,0.727,-0.256
94,1.223203063,1.223,3,0.635,-0.357
95,1.2236042023,1.223,3,0.545,-0.457
96,1.224162221,1.223,3,0.458,-0.553
97,1.2242102623,1.224,3,0.452,-0.56
98,1.2244621515,1.224,3,0.484,-0.523
99,1.2247010469,1.224,3,0.564,-0.433
100,1.2247639894,1.224,3,0.584,-0.409
101,1.2248471975,1.224,3,0.56,-0.436
102,1.2251946926,1.225,3,0.461,-0.547
103,1.2254706621,1.225,3,0.382,-0.636
104,1.225628376,1.225,3,0.338,-0.685
105,1.225943327,1.225,3,0.245,-0.79
106,1.2262383699,1.226,3,0.152,-0.894
107,1.226510644,1.226,3,0.061,-0.998
108,1.2267613411,1.226,3,-0.029,-1.1
109,1.226994276,1.226,3,-0.117,-1.201
110,1.227209568,1.227,3,-0.204,-1.302
111,1.2274090052,1.227,3,-0.291,-1.403
112,1.2275876999,1.227,3,-0.375,-1.499
113,1.2277568579,1.227,3,-0.458,-1.597
114,1.2279129028,1.227,3,-0.537,-1.692
115,1.228058815,1.227,3,-0.617,-1.789
116,1.2281930447,1.228,3,-0.695,-1.884
117,1.2283152342,1.228,3,-0.772,-1.978
118,1.2284317017,1.228,3,-0.849,-2.073
119,1.2285350561,1.228,3,-0.92,-2.162
120,1.2286334038,1.228,3,-0.992,-2.253
121,1.2287238836,1.228,3,-1.061,-2.342
122,1.2288085222,1.228,3,-1.13,-2.431
123,1.228888154,1.228,3,-1.196,-2.52
124,1.2289596796,1.228,3,-1.258,-2.603
125,1.2290284634,1.228,3,-1.322,-2.689
126,1.229092598,1.228,3,-1.384,-2.773
127,1.2291510105,1.229,3,-1.442,-2.854
128,1.2292078733,1.229,3,-1.5,-2.937
129,1.2292596102,1.229,3,-1.557,-3.017
130,1.2293078899,1.229,3,-1.61,-3.096
131,1.2293547392,1.229,3,-1.662,-3.175
132,1.2294068336,1.229,3,-1.723,-3.269
133,1.2294553518,1.229,3,-1.779,-3.362
134,1.2294924259,1.229,3,-1.824,-3.436
135,1.2295356989,1.229,3,-1.877,-3.527
136,1.2295743227,1.229,3,-1.926,-3.613
137,1.22961092,1.229,3,-1.968,-3.698
138,1.2296448946,1.229,3,-2.007,-3.781
139,1.2296768427,1.229,3,-2.045,-3.862
140,1.229706645,1.229,3,-2.076,-3.94
141,1.2297340631,1.229,3,-2.094,-4.012
142,1.2297525406,1.229,3,-2.102,-4.057
143,1.2297525406,1.229,4,0.477,-0.434
144,1.2300527096,1.229,4,0.452,-0.463
145,1.2303469181,1.23,4,0.439,-0.478
146,1.2306457758,1.23,4,0.433,-0.484
147,1.2309447527,1.23,4,0.429,-0.487
148,1.2312495708,1.231,4,0.426,-0.488
149,1.2315481901,1.231,4,0.424,-0.489
150,1.2318509817,1.231,4,0.421,-0.49
151,1.232151866,1.232,4,0.419,-0.492
152,1.2324302197,1.232,4,0.416,-0.493
153,1.2326852083,1.232,4,0.413,-0.495
154,1.2326927185,1.232,4,0.413,-0.496
155,1.2329882383,1.232,4,0.409,-0.498
156,1.2332699299,1.233,4,0.406,-0.501
157,1.2335543633,1.233,4,0.402,-0.503
158,1.2338652611,1.233,4,0.398,-0.507
159,1.234007597,1.233,4,0.396,-0.508
160,1.2340432405,1.233,4,0.396,-0.509
161,1.2343336344,1.234,4,0.392,-0.512
162,1.2346242666,1.234,4,0.388,-0.515
163,1.2349293232,1.234,4,0.383,-0.519
164,1.2352032661,1.235,4,0.379,-0.523
165,1.2354799509,1.235,4,0.375,-0.527
166,1.2357685566,1.235,4,0.37,-0.533
167,1.236063838,1.236,4,0.365,-0.537
168,1.2361711264,1.236,4,0.363,-0.539
169,1.2361931801,1.236,4,0.363,-0.54
170,1.2364884615,1.236,4,0.357,-0.546
171,1.2367659807,1.236,4,0.351,-0.553
172,1.2370496988,1.237,4,0.344,-0.56
173,1.2373343706,1.237,4,0.337,-0.569
174,1.2376338243,1.237,4,0.327,-0.58
175,1.2379130125,1.237,4,0.317,-0.593
176,1.2382030487,1.238,4,0.304,-0.608
177,1.2385023832,1.238,4,0.288,-0.627
178,1.2387942076,1.238,4,0.267,-0.654
179,1.2390934229,1.239,4,0.232,-0.696
180,1.2393538952,1.239,4,0.161,-0.782
181,1.2394747734,1.239,4,0.082,-0.879
182,1.2395261526,1.239,4,0.001,-0.976
183,1.2395495176,1.239,4,-0.083,-1.075
184,1.2395602465,1.239,4,-0.156,-1.162
185,1.239566803,1.239,4,-0.225,-1.244
186,1.2395670414,1.239,7,-0.229,-1.249
187,1.2395721674,1.239,7,-0.309,-1.344
188,1.2395766973,1.239,7,-0.384,-1.433
189,1.2395812273,1.239,7,-0.455,-1.517
190,1.2395858765,1.239,7,-0.514,-1.588
191,1.2395977974,1.239,7,-0.522,-1.597
192,1.2396056652,1.239,7,-0.492,-1.561
193,1.2396229506,1.239,7,-0.426,-1.485
194,1.2396805286,1.239,7,-0.387,-1.439
195,1.2398418188,1.238,7,-0.42,-1.478
196,1.2399526834,1.238,7,-0.502,-1.574
197,1.2400538921,1.237,7,-0.587,-1.677
198,1.2401404381,1.236,7,-0.672,-1.78
199,1.2402153015,1.236,7,-0.757,-1.882
200,1.2402797937,1.235,7,-0.839,-1.983
201,1.2403359413,1.234,7,-0.918,-2.082
202,1.24038589,1.233,7,-0.996,-2.18
203,1.2404307127,1.232,7,-1.072,-2.278
204,1.2404717207,1.23,7,-1.131,-2.371
205,1.2405005693,1.229,7,-1.176,-2.443
206,1.2405359745,1.228,7,-1.247,-2.539
207,1.2405694723,1.226,7,-1.319,-2.636
208,1.2406014204,1.223,7,-1.389,-2.734
209,1.2406305075,1.221,7,-1.455,-2.828
210,1.2406593561,1.217,7,-1.521,-2.922
211,1.240688324,1.213,7,-1.586,-3.016
212,1.2407159805,1.209,7,-1.647,-3.111
213,1.2407386303,1.204,7,-1.708,-3.209
214,1.2407534122,1.2,7,-1.763,-3.297
215,1.2407649755,1.196,7,-1.812,-3.381
216,1.2407759428,1.192,7,-1.859,-3.469
217,1.2407853603,1.188,7,-1.904,-3.553
218,1.2407941818,1.183,7,-1.947,-3.634
219,1.2408030033,1.177,7,-1.979,-3.713
220,1.2408101559,1.171,7,-2.002,-3.78
221,1.240811944,1.17,7,-2.009,-3.799
222,1.2408127785,1.169,7,-2.014,-3.813
223,1.2408138514,1.168,7,-2.019,-3.829
224,1.2408159971,1.166,7,-1.982,-3.74
225,1.240816474,1.166,7,-1.998,-3.779
226,1.2408165932,1.166,7,-2.001,-3.788
227,1.2408167124,1.166,7,-2.002,-3.791
228,1.2408168316,1.165,7,-2.005,-3.798
229,1.2408169508,1.165,7,-2.009,-3.808
230,1.24081707,1.165,7,-2.016,-3.827
231,1.2408171892,1.165,7,-2.017,-3.83
232,1.2408173084,1.165,7,-2.019,-3.835
233,1.2408174276,1.165,7,-2.021,-3.842
234,1.2408182621,1.164,7,-2.041,-3.907
235,1.2408188581,1.163,7,-2.048,-3.952
236,1.2408195734,1.162,7,-2.051,-4.004
237,1.2408201694,1.161,7,-2.052,-4.047
238,1.2408211231,1.16,7,-2.052,-4.094
239,1.2408220768,1.158,7,-2.051,-4.131
240,1.2408236265,1.155,7,-2.047,-4.177
241,1.2408245802,1.152,7,-2.035,-4.195
