,Mini,Mass,label,Vmag,Imag
0,0.0900000036,0.09,1,16.799,12.882
1,0.0987183303,0.099,1,15.639,12.066
2,0.0995518565,0.1,1,15.531,12.007
3,0.1186555773,0.118,1,14.086,11.247
4,0.1377592981,0.138,1,13.27,10.754
5,0.1568630189,0.157,1,12.719,10.384
6,0.1692752391,0.169,1,12.453,10.191
7,0.1950704604,0.195,1,11.971,9.833
8,0.2428297698,0.242,1,11.324,9.32
9,0.2905890644,0.29,1,10.826,8.91
10,0.3383483291,0.338,1,10.401,8.548
11,0.3861076236,0.385,1,9.963,8.176
12,0.4338669777,0.433,1,9.475,7.768
13,0.4816262424,0.481,1,8.848,7.333
14,0.5293855667,0.529,1,8.237,6.889
15,0.533798337,0.533,1,8.176,6.845
16,0.5771448612,0.576,1,7.594,6.434
17,0.6249040961,0.624,1,7.005,6.0
18,0.6597677469,0.659,1,6.622,5.706
19,0.6726634502,0.672,1,6.489,5.602
20,0.6861312985,0.686,1,6.355,5.497
21,0.7127334476,0.712,1,6.104,5.297
22,0.7213617563,0.721,1,6.025,5.234
23,0.7369279265,0.736,1,5.89,5.124
24,0.7591933012,0.759,1,5.701,4.969
25,0.7700599432,0.769,1,5.611,4.895
26,0.7909203768,0.79,1,5.442,4.752
27,0.8125293255,0.812,1,5.27,4.605
28,0.8187582493,0.818,1,5.221,4.563
29,0.8388362527,0.838,1,5.064,4.426
30,0.8596434593,0.859,1,4.902,4.284
31,0.8674564958,0.866,1,4.841,4.23
32,0.8763577342,0.875,1,4.771,4.168
33,0.8919519186,0.891,1,4.649,4.06
34,0.9059024453,0.905,1,4.539,3.962
35,0.9161547422,0.915,1,4.457,3.889
36,0.9194107652,0.918,1,4.431,3.866
37,0.9430656433,0.942,1,4.239,3.695
38,0.9640510678,0.963,1,4.064,3.538
39,0.9648530483,0.964,1,4.057,3.532
40,0.9725774527,0.972,1,3.993,3.474
41,0.987745285,0.987,1,3.864,3.358
42,1.0020676851,1.001,1,3.741,3.247
43,1.0135512352,1.013,1,3.643,3.156
44,1.0156245232,1.015,1,3.625,3.14
45,1.0269165039,1.026,1,3.523,3.045
46,1.0361684561,1.035,1,3.435,2.963
47,1.0473922491,1.046,1,3.323,2.858
48,1.048170805,1.047,1,3.315,2.85
49,1.0574193001,1.056,1,3.215,2.752
50,1.0622495413,1.061,1,3.16,2.698
51,1.0675593615,1.066,1,3.096,2.631
52,1.0716845989,1.07,1,3.041,2.573
53,1.0738019943,1.073,2,3.015,2.544
54,1.0785214901,1.077,2,2.956,2.479
55,1.0844380856,1.083,2,2.882,2.392
56,1.0890988111,1.088,2,2.822,2.317
57,1.0942730904,1.093,2,2.754,2.225
58,1.0989032984,1.097,2,2.701,2.136
59,1.1021652222,1.101,2,2.679,2.077
60,1.1044924259,1.103,2,2.683,2.046
61,1.1062034369,1.105,2,2.7,2.034
62,1.1075402498,1.106,2,2.723,2.028
63,1.1086688042,1.107,2,2.749,2.029
64,1.1095116138,1.108,2,2.776,2.035
65,1.1103545427,1.109,2,2.794,2.032
66,1.1109478474,1.11,2,2.787,2.013
67,1.1116310358,1.11,2,2.778,1.992
68,1.1127699614,1.111,2,2.733,1.929
69,1.1132501364,1.112,2,2.704,1.895
70,1.1138732433,1.113,3,2.659,1.845
71,1.115275383,1.114,3,2.547,1.72
72,1.1164146662,1.115,3,2.443,1.608
73,1.117497921,1.116,3,2.335,1.494
74,1.1184933186,1.117,3,2.229,1.381
75,1.1194883585,1.118,3,2.115,1.26
76,1.1203944683,1.119,3,2.003,1.141
77,1.1211665869,1.12,3,1.9,1.032
78,1.1219236851,1.121,3,1.791,0.917
79,1.122616291,1.121,3,1.684,0.803
80,1.1232544184,1.122,3,1.577,0.688
81,1.1238329411,1.122,3,1.472,0.576
82,1.1243813038,1.123,3,1.365,0.461
83,1.1248518229,1.123,3,1.265,0.353
84,1.1252993345,1.124,3,1.163,0.243
85,1.1257020235,1.124,3,1.064,0.136
86,1.126062274,1.125,3,0.969,0.033
87,1.126406908,1.125,3,0.872,-0.073
88,1.1267230511,1.125,3,0.778,-0.176
89,1.1270167828,1.126,3,0.684,-0.279
90,1.1272854805,1.126,3,0.594,-0.379
91,1.1275342703,1.126,3,0.506,-0.476
92,1.1277749538,1.126,3,0.418,-0.573
93,1.128005743,1.127,3,0.337,-0.662
94,1.1283406019,1.127,3,0.256,-0.752
95,1.1284990311,1.127,3,0.302,-0.7
96,1.1286494732,1.127,3,0.379,-0.613
97,1.1286891699,1.127,3,0.402,-0.586
98,1.128852129,1.127,3,0.328,-0.668
99,1.1290621758,1.128,3,0.232,-0.775
100,1.1292589903,1.128,3,0.141,-0.878
101,1.1294463873,1.128,3,0.049,-0.981
102,1.1296209097,1.128,3,-0.042,-1.084
103,1.1297806501,1.128,3,-0.131,-1.185
104,1.1299307346,1.129,3,-0.222,-1.287
105,1.1300686598,1.129,3,-0.309,-1.388
106,1.1301934719,1.129,3,-0.393,-1.485
107,1.1303126812,1.129,3,-0.479,-1.585
108,1.1304205656,1.129,3,-0.562,-1.682
109,1.1305226088,1.129,3,-0.647,-1.781
110,1.1306142807,1.129,3,-0.724,-1.874
111,1.1307011843,1.129,3,-0.803,-1.968
112,1.130779624,1.129,3,-0.878,-2.06
113,1.1308531761,1.129,3,-0.954,-2.151
114,1.1309220791,1.13,3,-1.028,-2.242
115,1.1309850216,1.13,3,-1.097,-2.331
116,1.1310449839,1.13,3,-1.166,-2.42
117,1.1310998201,1.13,3,-1.234,-2.507
118,1.1311510801,1.13,3,-1.3,-2.593
119,1.1311999559,1.13,3,-1.367,-2.68
120,1.131244421,1.13,3,-1.429,-2.763
121,1.1312866211,1.13,3,-1.49,-2.846
122,1.1313353777,1.13,3,-1.565,-2.949
123,1.1313800812,1.13,3,-1.637,-3.049
124,1.1314140558,1.13,3,-1.692,-3.129
125,1.1314457655,1.13,3,-1.745,-3.209
126,1.1314818859,1.13,3,-1.808,-3.304
127,1.1315156221,1.13,3,-1.868,-3.398
128,1.1315420866,1.13,3,-1.918,-3.476
129,1.1315712929,1.13,3,-1.973,-3.566
130,1.1315988302,1.13,3,-2.027,-3.657
131,1.1316242218,1.13,3,-2.078,-3.744
132,1.1316484213,1.13,3,-2.128,-3.831
133,1.1316708326,1.13,3,-2.167,-3.915
134,1.1316916943,1.13,3,-2.201,-3.994
135,1.1317075491,1.13,3,-2.225,-4.052
136,1.1317075491,1.13,4,0.438,-0.444
137,1.1318862438,1.131,4,0.413,-0.474
138,1.1320748329,1.131,4,0.401,-0.487
139,1.1322652102,1.131,4,0.394,-0.494
140,1.13245368,1.131,4,0.39,-0.498
141,1.1326514482,1.131,4,0.387,-0.499
142,1.1328436136,1.132,4,0.384,-0.501
143,1.1330364943,1.132,4,0.381,-0.502
144,1.1332285404,1.132,4,0.378,-0.503
145,1.1334072351,1.132,4,0.375,-0.505
146,1.1335996389,1.132,4,0.372,-0.507
147,1.1337999105,1.132,4,0.368,-0.51
148,1.1339876652,1.133,4,0.364,-0.512
149,1.1341707706,1.133,4,0.361,-0.515
150,1.1341878176,1.133,4,0.36,-0.515
151,1.1343903542,1.133,4,0.356,-0.519
152,1.1344075203,1.133,4,0.356,-0.519
153,1.1345970631,1.133,4,0.352,-0.522
154,1.1347991228,1.134,4,0.347,-0.526
155,1.1349960566,1.134,4,0.343,-0.529
156,1.1351841688,1.134,4,0.339,-0.533
157,1.1353844404,1.134,4,0.334,-0.538
158,1.1355733871,1.134,4,0.329,-0.543
159,1.1357595921,1.135,4,0.324,-0.548
160,1.1357787848,1.135,4,0.323,-0.549
161,1.1359503269,1.135,4,0.318,-0.554
162,1.1361384392,1.135,4,0.312,-0.561
163,1.1363209486,1.135,4,0.306,-0.568
164,1.136506319,1.135,4,0.298,-0.576
165,1.1366912127,1.136,4,0.29,-0.586
166,1.1368724108,1.136,4,0.281,-0.596
167,1.1370540857,1.136,4,0.272,-0.608
168,1.137237072,1.136,4,0.261,-0.621
169,1.1374204159,1.136,4,0.248,-0.636
170,1.1376054287,1.136,4,0.241,-0.644
171,1.1377974749,1.137,4,0.215,-0.677
172,1.137981534,1.137,4,0.161,-0.744
173,1.1381013393,1.137,4,0.089,-0.833
174,1.1381571293,1.137,4,0.005,-0.935
175,1.1381803751,1.137,4,-0.075,-1.031
176,1.1381908655,1.137,4,-0.15,-1.12
177,1.1381964684,1.137,4,-0.223,-1.206
178,1.1381989717,1.137,7,-0.268,-1.26
179,1.1382009983,1.137,7,-0.316,-1.315
180,1.1382045746,1.137,7,-0.404,-1.42
181,1.138209939,1.137,7,-0.479,-1.509
182,1.1382350922,1.137,7,-0.424,-1.443
183,1.1383881569,1.136,7,-0.462,-1.488
184,1.1384569407,1.135,7,-0.561,-1.606
185,1.1385192871,1.134,7,-0.665,-1.731
186,1.1385712624,1.133,7,-0.755,-1.839
187,1.1386168003,1.132,7,-0.843,-1.945
188,1.138656497,1.131,7,-0.929,-2.048
189,1.1386913061,1.129,7,-1.013,-2.15
190,1.1387220621,1.128,7,-1.085,-2.247
191,1.1387494802,1.126,7,-1.151,-2.342
192,1.138774395,1.124,7,-1.227,-2.44
193,1.1387919188,1.123,7,-1.268,-2.509
194,1.1388132572,1.12,7,-1.34,-2.603
195,1.1388335228,1.118,7,-1.41,-2.696
196,1.1388527155,1.114,7,-1.481,-2.792
197,1.1388709545,1.11,7,-1.548,-2.885
198,1.1388876438,1.106,7,-1.608,-2.971
199,1.13890481,1.101,7,-1.668,-3.059
200,1.1389220953,1.094,7,-1.726,-3.148
201,1.1389378309,1.086,7,-1.783,-3.241
202,1.1389495134,1.079,7,-1.843,-3.34
203,1.1389571428,1.074,7,-1.895,-3.426
204,1.1389639378,1.067,7,-1.941,-3.507
205,1.1389702559,1.06,7,-1.986,-3.589
206,1.1389762163,1.052,7,-2.028,-3.673
207,1.1389819384,1.043,7,-2.072,-3.763
208,1.1389870644,1.033,7,-2.107,-3.861
209,1.1389884949,1.029,7,-2.12,-3.904
210,1.1389887333,1.028,7,-2.109,-3.871
211,1.1389888525,1.028,7,-2.018,-3.678
212,1.1389889717,1.028,7,-2.107,-3.87
213,1.1389890909,1.028,7,-2.097,-3.84
214,1.1389893293,1.027,7,-2.107,-3.87
215,1.1389894485,1.026,7,-2.123,-3.916
216,1.1389898062,1.025,7,-2.138,-3.964
217,1.1389901638,1.024,7,-2.154,-4.017
218,1.1389905214,1.023,7,-2.167,-4.067
219,1.1389909983,1.02,7,-2.171,-4.119
220,1.1389918327,1.017,7,-2.174,-4.174
221,1.1389929056,1.01,7,-2.169,-4.231
222,1.1389946938,0.999,7,-2.157,-4.284
