,Mini,Mass,label,Vmag,Imag
0,0.0900000036,0.09,1,17.005,12.978
1,0.0974169523,0.097,1,16.05,12.304
2,0.0997941643,0.1,1,15.757,12.108
3,0.1193824932,0.119,1,14.277,11.306
4,0.1389708221,0.139,1,13.425,10.802
5,0.1585591584,0.158,1,12.854,10.426
6,0.1666599214,0.167,1,12.674,10.299
7,0.1977358013,0.197,1,12.071,9.863
8,0.2358415127,0.235,1,11.543,9.451
9,0.2467066348,0.246,1,11.409,9.345
10,0.2956774831,0.295,1,10.91,8.936
11,0.329826951,0.329,1,10.589,8.666
12,0.344648242,0.344,1,10.46,8.555
13,0.3936190903,0.393,1,9.99,8.174
14,0.4425899386,0.442,1,9.513,7.75
15,0.4915607274,0.491,1,8.839,7.301
16,0.5405316353,0.54,1,8.214,6.852
17,0.5714856386,0.571,1,7.8,6.563
18,0.5895023346,0.589,1,7.57,6.4
19,0.6384731531,0.638,1,6.972,5.963
20,0.6684440374,0.668,1,6.649,5.716
21,0.6874440908,0.687,1,6.458,5.568
22,0.7006234527,0.7,1,6.331,5.468
23,0.7332022786,0.733,1,6.034,5.234
24,0.7368462086,0.737,1,6.002,5.208
25,0.7614707351,0.761,1,5.798,5.042
26,0.7862482667,0.786,1,5.6,4.879
27,0.7919515371,0.791,1,5.555,4.841
28,0.8195359111,0.819,1,5.344,4.663
29,0.8356503844,0.835,1,5.223,4.56
30,0.8444010019,0.844,1,5.158,4.504
31,0.8706485629,0.87,1,4.966,4.337
32,0.8850524426,0.884,1,4.861,4.246
33,0.8975248933,0.897,1,4.771,4.166
34,0.9158858061,0.915,1,4.638,4.049
35,0.9331735373,0.932,1,4.513,3.938
36,0.9344545603,0.934,1,4.503,3.93
37,0.9494310617,0.949,1,4.394,3.834
38,0.963942647,0.963,1,4.288,3.74
39,0.9780131578,0.977,1,4.185,3.648
40,0.983856678,0.983,1,4.142,3.609
41,0.9959498644,0.995,1,4.053,3.531
42,1.0156526566,1.015,1,3.906,3.4
43,1.0332586765,1.032,1,3.774,3.282
44,1.0333750248,1.033,1,3.773,3.281
45,1.049069643,1.048,1,3.657,3.177
46,1.0638777018,1.063,1,3.547,3.077
47,1.0779081583,1.077,1,3.44,2.98
48,1.0826609135,1.082,1,3.403,2.946
49,1.0842692852,1.083,1,3.391,2.935
50,1.0935252905,1.092,1,3.318,2.867
51,1.1013344526,1.1,1,3.256,2.809
52,1.1058666706,1.105,1,3.22,2.775
53,1.1090447903,1.108,1,3.189,2.745
54,1.1138979197,1.113,1,3.138,2.697
55,1.1183549166,1.117,1,3.086,2.647
56,1.1211861372,1.12,1,3.046,2.609
57,1.1243897676,1.123,2,3.015,2.579
58,1.1316622496,1.13,2,2.953,2.515
59,1.132062912,1.131,2,2.949,2.511
60,1.1480175257,1.147,2,2.795,2.347
61,1.1581989527,1.157,2,2.691,2.225
62,1.1673890352,1.166,2,2.594,2.097
63,1.1742420197,1.173,2,2.528,1.987
64,1.1784712076,1.177,2,2.515,1.924
65,1.1812378168,1.18,2,2.553,1.913
66,1.1814651489,1.18,2,2.56,1.915
67,1.1823852062,1.181,2,2.588,1.925
68,1.1840085983,1.183,2,2.64,1.944
69,1.1854280233,1.184,2,2.669,1.946
70,1.1867507696,1.186,2,2.691,1.943
71,1.1880413294,1.187,2,2.709,1.939
72,1.1898505688,1.189,2,2.71,1.912
73,1.1910675764,1.19,2,2.676,1.864
74,1.191942811,1.191,3,2.636,1.818
75,1.1938940287,1.193,3,2.534,1.705
76,1.1955066919,1.195,3,2.438,1.601
77,1.197157979,1.196,3,2.332,1.486
78,1.1985523701,1.198,3,2.234,1.383
79,1.1999561787,1.199,3,2.129,1.271
80,1.2013446093,1.2,3,2.016,1.151
81,1.2025116682,1.202,3,1.913,1.042
82,1.2036054134,1.203,3,1.809,0.931
83,1.2046694756,1.204,3,1.699,0.814
84,1.2055776119,1.205,3,1.597,0.706
85,1.2064418793,1.205,3,1.493,0.594
86,1.2071892023,1.206,3,1.396,0.489
87,1.2079046965,1.207,3,1.295,0.38
88,1.2085822821,1.208,3,1.192,0.269
89,1.2091879845,1.208,3,1.093,0.161
90,1.2097352743,1.209,3,0.996,0.056
91,1.2102555037,1.209,3,0.898,-0.051
92,1.2107286453,1.21,3,0.804,-0.154
93,1.2111649513,1.21,3,0.711,-0.256
94,1.2115795612,1.211,3,0.618,-0.358
95,1.211961627,1.211,3,0.53,-0.456
96,1.2123471498,1.211,3,0.445,-0.55
97,1.2128778696,1.212,3,0.361,-0.642
98,1.2131216526,1.212,3,0.404,-0.593
99,1.213353157,1.212,3,0.474,-0.515
100,1.213414073,1.212,3,0.495,-0.491
101,1.2137527466,1.213,3,0.395,-0.601
102,1.2140747309,1.213,3,0.301,-0.707
103,1.2143880129,1.213,3,0.206,-0.813
104,1.2146692276,1.214,3,0.116,-0.915
105,1.2149393559,1.214,3,0.024,-1.019
106,1.215185523,1.214,3,-0.067,-1.121
107,1.2154171467,1.214,3,-0.158,-1.225
108,1.2156258821,1.215,3,-0.244,-1.324
109,1.2158186436,1.215,3,-0.33,-1.423
110,1.2159981728,1.215,3,-0.415,-1.522
111,1.2161653042,1.215,3,-0.5,-1.62
112,1.2163219452,1.215,3,-0.585,-1.72
113,1.2164633274,1.216,3,-0.664,-1.814
114,1.2165971994,1.216,3,-0.743,-1.911
115,1.2167159319,1.216,3,-0.819,-2.002
116,1.2168303728,1.216,3,-0.897,-2.097
117,1.2169338465,1.216,3,-0.972,-2.189
118,1.217031002,1.216,3,-1.043,-2.279
119,1.2171239853,1.216,3,-1.116,-2.372
120,1.2172067165,1.216,3,-1.184,-2.46
121,1.2172868252,1.216,3,-1.254,-2.551
122,1.2173599005,1.216,3,-1.321,-2.639
123,1.2174286842,1.216,3,-1.385,-2.726
124,1.2174942493,1.217,3,-1.45,-2.814
125,1.2175681591,1.217,3,-1.526,-2.919
126,1.2176244259,1.217,3,-1.589,-3.005
127,1.217677474,1.217,3,-1.649,-3.09
128,1.2177374363,1.217,3,-1.717,-3.192
129,1.217793107,1.217,3,-1.782,-3.292
130,1.2178362608,1.217,3,-1.837,-3.376
131,1.217885375,1.217,3,-1.899,-3.476
132,1.2179305553,1.217,3,-1.956,-3.573
133,1.2179728746,1.217,3,-2.012,-3.669
134,1.2180123329,1.217,3,-2.067,-3.764
135,1.218049407,1.217,3,-2.113,-3.858
136,1.2180837393,1.217,3,-2.154,-3.949
137,1.218116045,1.217,3,-2.188,-4.035
138,1.2181277275,1.217,3,-2.199,-4.063
139,1.2181277275,1.218,4,0.442,-0.454
140,1.2184172869,1.218,4,0.418,-0.482
141,1.2187178135,1.218,4,0.405,-0.497
142,1.2190231085,1.218,4,0.398,-0.504
143,1.2192991972,1.219,4,0.394,-0.507
144,1.2196044922,1.219,4,0.39,-0.509
145,1.2198839188,1.219,4,0.387,-0.511
146,1.22019279,1.22,4,0.384,-0.513
147,1.2204859257,1.22,4,0.381,-0.514
148,1.2207988501,1.22,4,0.377,-0.517
149,1.2210862637,1.221,4,0.374,-0.52
150,1.2213804722,1.221,4,0.37,-0.523
151,1.2216683626,1.221,4,0.366,-0.526
152,1.2219468355,1.221,4,0.362,-0.529
153,1.2222280502,1.222,4,0.358,-0.532
154,1.2224690914,1.222,4,0.354,-0.535
155,1.2225046158,1.222,4,0.354,-0.535
156,1.2227948904,1.222,4,0.349,-0.539
157,1.2230854034,1.223,4,0.345,-0.543
158,1.2233902216,1.223,4,0.34,-0.547
159,1.2236641645,1.223,4,0.336,-0.551
160,1.2239407301,1.223,4,0.331,-0.556
161,1.2242292166,1.224,4,0.326,-0.561
162,1.2245243788,1.224,4,0.321,-0.566
163,1.2246316671,1.224,4,0.319,-0.568
164,1.2247685194,1.224,4,0.316,-0.571
165,1.2250533104,1.225,4,0.31,-0.577
166,1.2253386974,1.225,4,0.304,-0.585
167,1.2256376743,1.225,4,0.296,-0.593
168,1.2259244919,1.225,4,0.288,-0.602
169,1.2262138128,1.226,4,0.279,-0.613
170,1.226498723,1.226,4,0.269,-0.626
171,1.2267814875,1.226,4,0.257,-0.64
172,1.2270709276,1.227,4,0.244,-0.656
173,1.2273585796,1.227,4,0.226,-0.678
174,1.2276495695,1.227,4,0.196,-0.715
175,1.2279337645,1.227,4,0.124,-0.804
176,1.2280471325,1.228,4,0.052,-0.891
177,1.228102088,1.228,4,-0.017,-0.974
178,1.228127718,1.228,4,-0.087,-1.058
179,1.2281417847,1.228,4,-0.166,-1.152
180,1.2281494141,1.228,4,-0.243,-1.242
181,1.228151083,1.228,4,-0.264,-1.267
182,1.2281512022,1.228,7,-0.265,-1.268
183,1.2281515598,1.228,7,-0.27,-1.275
184,1.2281575203,1.228,7,-0.363,-1.384
185,1.2281622887,1.228,7,-0.434,-1.468
186,1.2281668186,1.228,7,-0.492,-1.538
187,1.2281719446,1.228,7,-0.523,-1.575
188,1.2281855345,1.228,7,-0.507,-1.556
189,1.228197217,1.228,7,-0.46,-1.5
190,1.2282263041,1.227,7,-0.419,-1.453
191,1.2283949852,1.227,7,-0.427,-1.463
192,1.2285034657,1.226,7,-0.503,-1.552
193,1.2286058664,1.226,7,-0.595,-1.661
194,1.2286943197,1.225,7,-0.682,-1.765
195,1.2287713289,1.224,7,-0.767,-1.868
196,1.2288376093,1.223,7,-0.851,-1.969
197,1.2288951874,1.223,7,-0.934,-2.069
198,1.2289464474,1.222,7,-1.011,-2.166
199,1.2289922237,1.22,7,-1.083,-2.262
200,1.2290341854,1.219,7,-1.159,-2.36
201,1.2290629148,1.218,7,-1.199,-2.428
202,1.2290986776,1.216,7,-1.266,-2.523
203,1.2291324139,1.214,7,-1.34,-2.62
204,1.2291644812,1.212,7,-1.412,-2.717
205,1.2291936874,1.21,7,-1.482,-2.812
206,1.2292218208,1.207,7,-1.548,-2.905
207,1.2292501926,1.203,7,-1.613,-2.999
208,1.2292784452,1.198,7,-1.678,-3.092
209,1.2293046713,1.193,7,-1.736,-3.184
210,1.2293243408,1.188,7,-1.792,-3.274
211,1.2293374538,1.184,7,-1.845,-3.358
212,1.2293492556,1.179,7,-1.898,-3.446
213,1.2293599844,1.175,7,-1.946,-3.533
214,1.2293698788,1.169,7,-1.995,-3.624
215,1.2293796539,1.163,7,-2.041,-3.714
216,1.2293897867,1.154,7,-2.08,-3.806
217,1.2293924093,1.151,7,-2.093,-3.843
218,1.229392767,1.151,7,-2.085,-3.821
219,1.2293928862,1.151,7,-2.085,-3.822
220,1.2293930054,1.151,7,-2.106,-3.878
221,1.2293931246,1.151,7,-2.077,-3.801
222,1.2293932438,1.151,7,-2.063,-3.771
223,1.2293940783,1.15,7,-2.068,-3.783
224,1.2293947935,1.149,7,-2.082,-3.815
225,1.2293953896,1.149,7,-2.093,-3.843
226,1.2293961048,1.148,7,-2.107,-3.881
227,1.2293968201,1.147,7,-2.119,-3.921
228,1.229397893,1.146,7,-2.141,-3.995
229,1.2293992043,1.144,7,-2.156,-4.071
230,1.22940135,1.139,7,-2.16,-4.157
231,1.2294027805,1.135,7,-2.159,-4.191
