,Mini,Mass,label,Vmag,Imag
0,0.0900000036,0.09,1,17.135,13.057
1,0.0917504951,0.092,1,17.031,12.96
2,0.1000000015,0.1,1,16.018,12.272
3,0.1199999899,0.12,1,14.532,11.393
4,0.1400000006,0.14,1,13.65,10.877
5,0.1599999964,0.16,1,13.05,10.492
6,0.1999999881,0.2,1,12.226,9.914
7,0.2090882361,0.209,1,12.086,9.809
8,0.25,0.25,1,11.537,9.386
9,0.3000000119,0.3,1,11.022,8.971
10,0.3325518966,0.333,1,10.711,8.71
11,0.3499999642,0.35,1,10.553,8.577
12,0.3960215449,0.396,1,10.098,8.216
13,0.3999999762,0.4,1,10.061,8.187
14,0.4228880405,0.423,1,9.808,7.984
15,0.4499999881,0.45,1,9.551,7.753
16,0.4999999702,0.5,1,8.867,7.29
17,0.5500000119,0.55,1,8.228,6.835
18,0.5870859027,0.587,1,7.742,6.497
19,0.5999999642,0.6,1,7.578,6.383
20,0.6499999166,0.65,1,6.962,5.937
21,0.6749873161,0.675,1,6.688,5.731
22,0.6999999881,0.7,1,6.436,5.536
23,0.7019855976,0.702,1,6.417,5.521
24,0.7409302592,0.741,1,6.057,5.239
25,0.7481513023,0.748,1,5.993,5.189
26,0.7593742013,0.759,1,5.899,5.112
27,0.791567862,0.791,1,5.639,4.899
28,0.796302557,0.796,1,5.602,4.868
29,0.8181239367,0.818,1,5.433,4.726
30,0.8444538713,0.844,1,5.234,4.558
31,0.8592016101,0.859,1,5.126,4.465
32,0.8802447319,0.88,1,4.973,4.332
33,0.8926051259,0.892,1,4.884,4.255
34,0.8991922736,0.898,1,4.836,4.213
35,0.9161509275,0.915,1,4.714,4.106
36,0.9407564402,0.94,1,4.537,3.949
37,0.9552433491,0.955,1,4.433,3.857
38,0.9696605802,0.969,1,4.329,3.764
39,0.9836378694,0.983,1,4.227,3.673
40,0.9889077544,0.989,1,4.188,3.638
41,1.0080330372,1.008,1,4.049,3.514
42,1.0296061039,1.029,1,3.889,3.37
43,1.0370589495,1.036,1,3.834,3.321
44,1.0483920574,1.048,1,3.752,3.246
45,1.06990695,1.069,1,3.597,3.104
46,1.0852103233,1.084,1,3.483,2.999
47,1.0948437452,1.094,1,3.41,2.931
48,1.1048520803,1.104,1,3.335,2.859
49,1.1102278233,1.109,1,3.294,2.819
50,1.1160770655,1.115,1,3.238,2.766
51,1.1202156544,1.119,1,3.195,2.726
52,1.1241979599,1.123,1,3.148,2.682
53,1.1250030994,1.124,1,3.137,2.673
54,1.1285463572,1.128,2,3.105,2.642
55,1.133361578,1.132,2,3.065,2.602
56,1.1373461485,1.136,2,3.03,2.565
57,1.151827693,1.151,2,2.895,2.421
58,1.161657691,1.161,2,2.798,2.312
59,1.171300292,1.17,2,2.7,2.191
60,1.1790063381,1.178,2,2.628,2.082
61,1.1815128326,1.181,2,2.617,2.05
62,1.1844121218,1.184,2,2.615,2.021
63,1.1881752014,1.187,2,2.648,2.006
64,1.1907272339,1.19,2,2.701,2.018
65,1.1926079988,1.192,2,2.752,2.035
66,1.1941250563,1.193,2,2.789,2.045
67,1.1952182055,1.194,2,2.818,2.053
68,1.1962794065,1.196,2,2.83,2.046
69,1.1978285313,1.197,2,2.828,2.021
70,1.1991736889,1.198,2,2.792,1.971
71,1.1997326612,1.199,2,2.771,1.945
72,1.2008811235,1.2,3,2.718,1.885
73,1.2026113272,1.202,3,2.63,1.786
74,1.2042608261,1.204,3,2.535,1.684
75,1.2059729099,1.205,3,2.427,1.568
76,1.2076508999,1.207,3,2.312,1.445
77,1.2090592384,1.208,3,2.207,1.333
78,1.2104363441,1.21,3,2.095,1.215
79,1.211695075,1.211,3,1.984,1.097
80,1.2128446102,1.212,3,1.874,0.98
81,1.2138346434,1.213,3,1.772,0.871
82,1.214787364,1.214,3,1.665,0.757
83,1.2156431675,1.215,3,1.561,0.645
84,1.2164573669,1.216,3,1.453,0.528
85,1.2171583176,1.216,3,1.352,0.419
86,1.2178151608,1.217,3,1.25,0.309
87,1.2184156179,1.218,3,1.15,0.2
88,1.2189484835,1.218,3,1.056,0.097
89,1.2194702625,1.219,3,0.956,-0.012
90,1.2199337482,1.219,3,0.862,-0.116
91,1.2203626633,1.22,3,0.769,-0.217
92,1.2207713127,1.22,3,0.677,-0.319
93,1.2211755514,1.22,3,0.589,-0.416
94,1.2217379808,1.221,3,0.502,-0.514
95,1.2217863798,1.221,3,0.496,-0.521
96,1.2220422029,1.221,3,0.531,-0.48
97,1.2222851515,1.222,3,0.607,-0.394
98,1.2223490477,1.222,3,0.628,-0.37
99,1.2224330902,1.222,3,0.604,-0.397
100,1.2227842808,1.222,3,0.505,-0.506
101,1.2231118679,1.222,3,0.412,-0.611
102,1.2234288454,1.223,3,0.317,-0.718
103,1.2237181664,1.223,3,0.225,-0.822
104,1.2239921093,1.223,3,0.133,-0.927
105,1.2242413759,1.224,3,0.043,-1.029
106,1.2244733572,1.224,3,-0.046,-1.131
107,1.2246857882,1.224,3,-0.133,-1.231
108,1.2248847485,1.224,3,-0.221,-1.332
109,1.2250652313,1.224,3,-0.306,-1.431
110,1.2252311707,1.225,3,-0.389,-1.528
111,1.2253886461,1.225,3,-0.469,-1.626
112,1.2255296707,1.225,3,-0.547,-1.72
113,1.2256633043,1.225,3,-0.627,-1.816
114,1.2257870436,1.225,3,-0.705,-1.911
115,1.2258999348,1.225,3,-0.781,-2.004
116,1.2260049582,1.225,3,-0.854,-2.097
117,1.2261010408,1.225,3,-0.926,-2.187
118,1.2261919975,1.226,3,-0.997,-2.278
119,1.2262747288,1.226,3,-1.065,-2.367
120,1.2263530493,1.226,3,-1.132,-2.455
121,1.2264258862,1.226,3,-1.197,-2.542
122,1.2264922857,1.226,3,-1.259,-2.627
123,1.226556778,1.226,3,-1.323,-2.714
124,1.2266145945,1.226,3,-1.383,-2.796
125,1.2266693115,1.226,3,-1.44,-2.877
126,1.2267222404,1.226,3,-1.499,-2.961
127,1.2267808914,1.226,3,-1.566,-3.06
128,1.2268353701,1.226,3,-1.63,-3.158
129,1.2268768549,1.226,3,-1.679,-3.236
130,1.2269245386,1.226,3,-1.737,-3.331
131,1.2269678116,1.226,3,-1.791,-3.422
132,1.2270083427,1.226,3,-1.843,-3.513
133,1.2270461321,1.226,3,-1.89,-3.601
134,1.2270812988,1.226,3,-1.931,-3.688
135,1.2271139622,1.226,3,-1.969,-3.772
136,1.2271443605,1.226,3,-2.006,-3.854
137,1.2271726131,1.227,3,-2.029,-3.933
138,1.2271988392,1.227,3,-2.041,-4.006
139,1.2272167206,1.227,3,-2.047,-4.052
140,1.2272167206,1.227,4,0.494,-0.424
141,1.2275111675,1.227,4,0.469,-0.453
142,1.2277997732,1.227,4,0.456,-0.468
143,1.2280931473,1.227,4,0.45,-0.474
144,1.2283864021,1.228,4,0.447,-0.476
145,1.228685379,1.228,4,0.444,-0.477
146,1.2289782763,1.228,4,0.442,-0.478
147,1.2292753458,1.229,4,0.44,-0.478
148,1.229570508,1.229,4,0.438,-0.479
149,1.2298436165,1.229,4,0.435,-0.481
150,1.2301280499,1.23,4,0.432,-0.483
151,1.2304000854,1.23,4,0.429,-0.485
152,1.2306783199,1.23,4,0.426,-0.488
153,1.2309527397,1.23,4,0.422,-0.49
154,1.231241703,1.231,4,0.419,-0.493
155,1.2313702106,1.231,4,0.417,-0.494
156,1.2315330505,1.231,4,0.415,-0.496
157,1.2318269014,1.231,4,0.411,-0.499
158,1.2321079969,1.232,4,0.407,-0.503
159,1.2323883772,1.232,4,0.403,-0.507
160,1.2326866388,1.232,4,0.398,-0.511
161,1.2329802513,1.232,4,0.393,-0.516
162,1.2332755327,1.233,4,0.388,-0.521
163,1.2334495783,1.233,4,0.385,-0.524
164,1.2335492373,1.233,4,0.383,-0.526
165,1.2338252068,1.233,4,0.378,-0.532
166,1.2341022491,1.234,4,0.371,-0.539
167,1.2343783379,1.234,4,0.364,-0.547
168,1.234662056,1.234,4,0.356,-0.557
169,1.2349344492,1.234,4,0.347,-0.568
170,1.2352120876,1.235,4,0.336,-0.581
171,1.2354836464,1.235,4,0.322,-0.597
172,1.2356452942,1.235,4,0.313,-0.609
173,1.2356987,1.235,4,0.31,-0.613
174,1.2359836102,1.235,4,0.288,-0.639
175,1.2362756729,1.236,4,0.253,-0.682
176,1.2365300655,1.236,4,0.182,-0.768
177,1.2366482019,1.236,4,0.102,-0.865
178,1.2366981506,1.236,4,0.02,-0.963
179,1.236721158,1.236,4,-0.065,-1.064
180,1.2367316484,1.236,4,-0.138,-1.152
181,1.2367379665,1.236,4,-0.208,-1.235
182,1.236738205,1.236,4,-0.212,-1.239
183,1.2367383242,1.236,7,-0.213,-1.241
184,1.2367432117,1.236,7,-0.293,-1.336
185,1.2367476225,1.236,7,-0.369,-1.426
186,1.2367520332,1.236,7,-0.441,-1.512
187,1.2367566824,1.236,7,-0.5,-1.584
188,1.2367683649,1.236,7,-0.512,-1.599
189,1.2367761135,1.236,7,-0.475,-1.553
190,1.2367930412,1.236,7,-0.409,-1.475
191,1.2368494272,1.236,7,-0.362,-1.421
192,1.2370077372,1.235,7,-0.401,-1.466
193,1.2371163368,1.235,7,-0.481,-1.561
194,1.2372156382,1.234,7,-0.566,-1.664
195,1.2373005152,1.233,7,-0.65,-1.765
196,1.2373740673,1.233,7,-0.734,-1.867
197,1.2374373674,1.232,7,-0.814,-1.967
198,1.2374923229,1.231,7,-0.892,-2.065
199,1.2375413179,1.23,7,-0.97,-2.163
200,1.2375853062,1.229,7,-1.046,-2.261
201,1.2376254797,1.228,7,-1.106,-2.353
202,1.2376538515,1.226,7,-1.147,-2.424
203,1.2376885414,1.225,7,-1.218,-2.52
204,1.237721324,1.223,7,-1.288,-2.615
205,1.237752676,1.221,7,-1.357,-2.712
206,1.237781167,1.218,7,-1.423,-2.806
207,1.2378095388,1.215,7,-1.488,-2.899
208,1.2378379107,1.211,7,-1.551,-2.992
209,1.2378650904,1.206,7,-1.612,-3.086
210,1.2378872633,1.202,7,-1.672,-3.183
211,1.237901926,1.198,7,-1.728,-3.273
212,1.2379132509,1.195,7,-1.774,-3.357
213,1.2379239798,1.191,7,-1.821,-3.444
214,1.2379331589,1.186,7,-1.866,-3.529
215,1.2379417419,1.182,7,-1.907,-3.611
216,1.2379504442,1.176,7,-1.937,-3.692
217,1.2379574776,1.17,7,-1.959,-3.756
218,1.2379592657,1.169,7,-1.965,-3.775
219,1.2379601002,1.168,7,-1.974,-3.802
220,1.2379611731,1.167,7,-1.982,-3.829
221,1.2379633188,1.165,7,-1.948,-3.746
222,1.2379635572,1.165,7,-1.953,-3.756
223,1.2379636765,1.165,7,-1.964,-3.789
224,1.2379637957,1.165,7,-1.968,-3.805
225,1.2379639149,1.164,7,-1.954,-3.752
226,1.2379640341,1.164,7,-1.943,-3.722
227,1.2379641533,1.164,7,-1.929,-3.691
228,1.2379642725,1.164,7,-1.968,-3.791
229,1.2379643917,1.164,7,-1.964,-3.778
230,1.2379645109,1.164,7,-1.96,-3.768
231,1.2379646301,1.164,7,-1.957,-3.76
232,1.2379654646,1.163,7,-1.977,-3.816
233,1.2379660606,1.162,7,-1.992,-3.869
234,1.2379666567,1.162,7,-1.996,-3.928
235,1.2379673719,1.161,7,-1.997,-3.98
236,1.2379682064,1.159,7,-1.997,-4.035
237,1.2379691601,1.157,7,-1.996,-4.079
238,1.2379707098,1.155,7,-1.986,-4.131
239,1.2379716635,1.152,7,-1.974,-4.149
