,Mini,Mass,label,Vmag,Imag
0,0.0900000036,0.09,1,17.121,13.042
1,0.090596661,0.091,1,17.087,13.009
2,0.099999994,0.1,1,15.947,12.216
3,0.1199999973,0.12,1,14.448,11.362
4,0.1399999857,0.14,1,13.576,10.849
5,0.1599999964,0.16,1,12.983,10.465
6,0.1877546459,0.188,1,12.392,10.052
7,0.1999999732,0.2,1,12.165,9.888
8,0.25,0.25,1,11.485,9.363
9,0.3000000119,0.3,1,10.976,8.949
10,0.3356184363,0.336,1,10.638,8.666
11,0.3499999642,0.35,1,10.509,8.557
12,0.3869499862,0.387,1,10.141,8.264
13,0.3999999464,0.4,1,10.019,8.167
14,0.4134729505,0.413,1,9.868,8.045
15,0.4499999583,0.45,1,9.516,7.73
16,0.4999999702,0.5,1,8.825,7.268
17,0.5500000119,0.55,1,8.18,6.809
18,0.574788034,0.574,1,7.85,6.58
19,0.5999999642,0.6,1,7.528,6.353
20,0.6499999166,0.65,1,6.916,5.908
21,0.6680600047,0.668,1,6.717,5.758
22,0.6999999881,0.7,1,6.395,5.508
23,0.7325489521,0.733,1,6.092,5.271
24,0.7477700114,0.748,1,5.958,5.164
25,0.7507795691,0.751,1,5.933,5.144
26,0.7827241421,0.783,1,5.672,4.93
27,0.7955400944,0.795,1,5.571,4.846
28,0.8091772199,0.809,1,5.465,4.757
29,0.8374601603,0.837,1,5.25,4.575
30,0.8433101773,0.843,1,5.206,4.537
31,0.8494567275,0.849,1,5.16,4.498
32,0.8697365522,0.869,1,5.011,4.368
33,0.8886854053,0.888,1,4.873,4.248
34,0.8910801411,0.89,1,4.856,4.233
35,0.9061389565,0.905,1,4.746,4.136
36,0.9376407862,0.937,1,4.517,3.933
37,0.938850224,0.938,1,4.508,3.925
38,0.9456758499,0.945,1,4.458,3.881
39,0.9600205421,0.959,1,4.353,3.788
40,0.9739281535,0.973,1,4.251,3.697
41,0.9866204262,0.986,1,4.156,3.612
42,0.9983059764,0.998,1,4.07,3.535
43,1.0197834969,1.019,1,3.908,3.39
44,1.0343903303,1.034,1,3.799,3.29
45,1.0385718346,1.038,1,3.768,3.263
46,1.0600014925,1.059,1,3.61,3.119
47,1.0773873329,1.076,1,3.477,2.996
48,1.0821604729,1.081,1,3.439,2.96
49,1.0861935616,1.085,1,3.408,2.931
50,1.0963453054,1.095,1,3.328,2.855
51,1.1017991304,1.101,1,3.284,2.813
52,1.1081775427,1.107,1,3.224,2.755
53,1.1127170324,1.112,1,3.177,2.711
54,1.117104888,1.116,1,3.128,2.665
55,1.1179941893,1.117,1,3.117,2.654
56,1.1213376522,1.12,2,3.086,2.624
57,1.1288728714,1.128,2,3.02,2.557
58,1.1299304962,1.129,2,3.01,2.547
59,1.139841795,1.139,2,2.914,2.444
60,1.1488722563,1.148,2,2.821,2.34
61,1.1580481529,1.157,2,2.722,2.221
62,1.1656090021,1.165,2,2.644,2.109
63,1.1706115007,1.17,2,2.611,2.036
64,1.1740322113,1.173,2,2.617,2.002
65,1.1764731407,1.176,2,2.655,2.001
66,1.1777006388,1.177,2,2.689,2.011
67,1.1784143448,1.178,2,2.708,2.017
68,1.1801131964,1.179,2,2.761,2.036
69,1.1813362837,1.181,2,2.803,2.053
70,1.1825225353,1.182,2,2.824,2.052
71,1.1842523813,1.183,2,2.822,2.022
72,1.1857527494,1.185,2,2.78,1.963
73,1.186375618,1.186,2,2.755,1.932
74,1.1874579191,1.187,3,2.702,1.871
75,1.1890882254,1.188,3,2.611,1.771
76,1.1906425953,1.19,3,2.515,1.666
77,1.192256093,1.191,3,2.405,1.549
78,1.193837285,1.193,3,2.288,1.424
79,1.1951645613,1.194,3,2.182,1.311
80,1.1964623928,1.196,3,2.069,1.192
81,1.1976485252,1.197,3,1.956,1.073
82,1.1987318993,1.198,3,1.845,0.954
83,1.1996649504,1.199,3,1.742,0.844
84,1.2005629539,1.2,3,1.634,0.728
85,1.2013694048,1.201,3,1.529,0.615
86,1.202136755,1.201,3,1.42,0.497
87,1.2027974129,1.202,3,1.318,0.387
88,1.2034164667,1.203,3,1.215,0.275
89,1.2039824724,1.203,3,1.114,0.165
90,1.2044845819,1.204,3,1.018,0.061
91,1.2049763203,1.204,3,0.918,-0.049
92,1.2054131031,1.205,3,0.822,-0.154
93,1.205817461,1.205,3,0.729,-0.257
94,1.2062026262,1.205,3,0.635,-0.36
95,1.2065836191,1.206,3,0.544,-0.461
96,1.2071136236,1.206,3,0.455,-0.56
97,1.2071592808,1.206,3,0.45,-0.566
98,1.2073981762,1.207,3,0.484,-0.526
99,1.2076247931,1.207,3,0.565,-0.434
100,1.2076845169,1.207,3,0.586,-0.41
101,1.2077628374,1.207,3,0.562,-0.437
102,1.2080898285,1.207,3,0.463,-0.547
103,1.2083951235,1.208,3,0.37,-0.652
104,1.2086904049,1.208,3,0.275,-0.759
105,1.2089598179,1.208,3,0.184,-0.863
106,1.209215045,1.208,3,0.091,-0.967
107,1.2094471455,1.209,3,0.001,-1.069
108,1.2096632719,1.209,3,-0.088,-1.171
109,1.2098611593,1.209,3,-0.175,-1.271
110,1.2100465298,1.209,3,-0.262,-1.373
111,1.2102146149,1.209,3,-0.347,-1.471
112,1.2103692293,1.21,3,-0.43,-1.568
113,1.2105158567,1.21,3,-0.51,-1.665
114,1.2106472254,1.21,3,-0.588,-1.759
115,1.2107716799,1.21,3,-0.666,-1.854
116,1.2108869553,1.21,3,-0.745,-1.95
117,1.2109919786,1.21,3,-0.821,-2.043
118,1.2110899687,1.21,3,-0.894,-2.135
119,1.2111793756,1.21,3,-0.964,-2.224
120,1.2112641335,1.211,3,-1.035,-2.315
121,1.2113412619,1.211,3,-1.102,-2.402
122,1.2114140987,1.211,3,-1.169,-2.49
123,1.211482048,1.211,3,-1.233,-2.576
124,1.2115437984,1.211,3,-1.294,-2.66
125,1.2116038799,1.211,3,-1.357,-2.746
126,1.2116577625,1.211,3,-1.417,-2.826
127,1.2117086649,1.211,3,-1.473,-2.907
128,1.2117580175,1.211,3,-1.53,-2.989
129,1.2118124962,1.211,3,-1.596,-3.086
130,1.2118633986,1.211,3,-1.659,-3.182
131,1.2119020224,1.211,3,-1.708,-3.259
132,1.2119463682,1.211,3,-1.765,-3.352
133,1.211986661,1.211,3,-1.818,-3.441
134,1.2120245695,1.211,3,-1.869,-3.529
135,1.212059617,1.211,3,-1.918,-3.616
136,1.2120923996,1.211,3,-1.958,-3.7
137,1.212122798,1.211,3,-1.996,-3.782
138,1.2121511698,1.211,3,-2.032,-3.862
139,1.212177515,1.211,3,-2.062,-3.938
140,1.2122019529,1.211,3,-2.076,-4.009
141,1.212218523,1.212,3,-2.084,-4.053
142,1.212218523,1.212,4,0.484,-0.428
143,1.2125015259,1.212,4,0.458,-0.458
144,1.2127790451,1.212,4,0.446,-0.472
145,1.2130609751,1.212,4,0.439,-0.479
146,1.213342905,1.213,4,0.436,-0.481
147,1.2136303186,1.213,4,0.433,-0.482
148,1.2139120102,1.213,4,0.431,-0.483
149,1.2141976357,1.214,4,0.429,-0.484
150,1.2144813538,1.214,4,0.426,-0.485
151,1.2147439718,1.214,4,0.423,-0.487
152,1.2150175571,1.214,4,0.42,-0.489
153,1.2152791023,1.215,4,0.417,-0.491
154,1.2155464888,1.215,4,0.414,-0.493
155,1.2158105373,1.215,4,0.41,-0.496
156,1.2160884142,1.215,4,0.407,-0.499
157,1.216211915,1.216,4,0.405,-0.5
158,1.216368556,1.216,4,0.403,-0.502
159,1.216651082,1.216,4,0.399,-0.506
160,1.2169215679,1.216,4,0.395,-0.509
161,1.2171911001,1.217,4,0.39,-0.513
162,1.2174780369,1.217,4,0.386,-0.517
163,1.2177605629,1.217,4,0.381,-0.522
164,1.2180447578,1.217,4,0.376,-0.527
165,1.2182121277,1.218,4,0.373,-0.53
166,1.2183097601,1.218,4,0.371,-0.533
167,1.2185801268,1.218,4,0.365,-0.539
168,1.2188514471,1.218,4,0.358,-0.546
169,1.219121933,1.218,4,0.351,-0.554
170,1.219399929,1.219,4,0.343,-0.564
171,1.2196667194,1.219,4,0.333,-0.575
172,1.2199386358,1.219,4,0.322,-0.589
173,1.2202045918,1.22,4,0.309,-0.605
174,1.2204877138,1.22,4,0.292,-0.626
175,1.220761776,1.22,4,0.269,-0.653
176,1.2210290432,1.22,4,0.227,-0.705
177,1.2212373018,1.221,4,0.158,-0.789
178,1.2213339806,1.221,4,0.083,-0.88
179,1.2213789225,1.221,4,-0.0,-0.979
180,1.2213993073,1.221,4,-0.083,-1.078
181,1.2214089632,1.221,4,-0.156,-1.164
182,1.2214148045,1.221,4,-0.225,-1.246
183,1.2214149237,1.221,7,-0.226,-1.248
184,1.2214195728,1.221,7,-0.305,-1.342
185,1.2214238644,1.221,7,-0.378,-1.428
186,1.2214280367,1.221,7,-0.443,-1.506
187,1.2214324474,1.221,7,-0.492,-1.565
188,1.2214435339,1.221,7,-0.492,-1.565
189,1.2214508057,1.221,7,-0.467,-1.535
190,1.2214668989,1.221,7,-0.412,-1.47
191,1.2215204239,1.22,7,-0.381,-1.435
192,1.2216705084,1.22,7,-0.405,-1.463
193,1.2217735052,1.219,7,-0.488,-1.561
194,1.2218676805,1.219,7,-0.574,-1.664
195,1.221948266,1.218,7,-0.658,-1.767
196,1.2220178843,1.217,7,-0.743,-1.869
197,1.2220779657,1.216,7,-0.825,-1.97
198,1.2221300602,1.215,7,-0.903,-2.068
199,1.2221765518,1.214,7,-0.981,-2.166
200,1.2222183943,1.213,7,-1.058,-2.264
201,1.222256422,1.212,7,-1.118,-2.357
202,1.2222832441,1.21,7,-1.16,-2.428
203,1.2223162651,1.209,7,-1.231,-2.525
204,1.2223473787,1.207,7,-1.303,-2.621
205,1.2223771811,1.204,7,-1.373,-2.719
206,1.2224042416,1.202,7,-1.439,-2.813
207,1.2224310637,1.198,7,-1.505,-2.907
208,1.222458005,1.194,7,-1.57,-3.002
209,1.2224837542,1.189,7,-1.63,-3.095
210,1.2225048542,1.184,7,-1.689,-3.19
211,1.2225185633,1.18,7,-1.742,-3.275
212,1.2225294113,1.177,7,-1.789,-3.358
213,1.2225395441,1.172,7,-1.837,-3.445
214,1.2225483656,1.168,7,-1.881,-3.528
215,1.2225564718,1.163,7,-1.925,-3.611
216,1.2225648165,1.157,7,-1.958,-3.693
217,1.222571373,1.151,7,-1.982,-3.761
218,1.2225730419,1.15,7,-1.989,-3.781
219,1.2225738764,1.149,7,-1.994,-3.798
220,1.2225749493,1.148,7,-2.0,-3.815
221,1.2225768566,1.146,7,-1.964,-3.727
222,1.2225772142,1.145,7,-1.973,-3.748
223,1.2225773335,1.145,7,-1.977,-3.759
224,1.2225774527,1.145,7,-1.979,-3.763
225,1.2225775719,1.145,7,-1.98,-3.765
226,1.2225776911,1.145,7,-1.982,-3.771
227,1.2225778103,1.145,7,-1.986,-3.782
228,1.2225779295,1.145,7,-1.991,-3.795
229,1.2225780487,1.144,7,-1.994,-3.802
230,1.2225788832,1.144,7,-2.011,-3.856
231,1.2225794792,1.143,7,-2.024,-3.902
232,1.2225800753,1.142,7,-2.028,-3.952
233,1.2225807905,1.141,7,-2.029,-4.002
234,1.2225815058,1.14,7,-2.03,-4.05
235,1.2225824594,1.138,7,-2.029,-4.092
236,1.22258389,1.134,7,-2.027,-4.144
237,1.2225848436,1.132,7,-2.018,-4.163
