,Mini,Mass,label,Vmag,Imag
0,0.0900000036,0.09,1,16.732,12.851
1,0.0925641432,0.093,1,16.378,12.581
2,0.099470973,0.099,1,15.456,11.974
3,0.107323505,0.107,1,14.81,11.644
4,0.1184129193,0.118,1,14.03,11.23
5,0.1373548657,0.137,1,13.22,10.739
6,0.1562968045,0.156,1,12.677,10.371
7,0.1941807121,0.194,1,11.942,9.827
8,0.2415355742,0.241,1,11.303,9.319
9,0.2888904214,0.288,1,10.811,8.913
10,0.3362452984,0.335,1,10.387,8.551
11,0.3836001456,0.383,1,9.959,8.181
12,0.4309550524,0.43,1,9.47,7.78
13,0.4783098698,0.478,1,8.861,7.351
14,0.5256648064,0.525,1,8.262,6.914
15,0.5730196238,0.572,1,7.626,6.464
16,0.6203744411,0.62,1,7.044,6.035
17,0.6350947022,0.635,1,6.876,5.908
18,0.6677293777,0.667,1,6.534,5.642
19,0.6738958955,0.674,1,6.473,5.593
20,0.7056841254,0.705,1,6.17,5.354
21,0.7161926627,0.716,1,6.074,5.277
22,0.7330880165,0.733,1,5.929,5.159
23,0.7579708099,0.757,1,5.72,4.99
24,0.7646559477,0.764,1,5.666,4.945
25,0.7895181775,0.789,1,5.468,4.778
26,0.8131192923,0.812,1,5.284,4.622
27,0.8138645887,0.813,1,5.279,4.617
28,0.8394862413,0.839,1,5.083,4.447
29,0.8615825176,0.861,1,4.916,4.301
30,0.86588943,0.865,1,4.883,4.273
31,0.8838837147,0.883,1,4.748,4.153
32,0.90083009,0.9,1,4.619,4.04
33,0.9100459218,0.909,1,4.549,3.978
34,0.9168577194,0.916,1,4.498,3.933
35,0.9311073422,0.93,1,4.389,3.837
36,0.9449338317,0.944,1,4.283,3.742
37,0.9585092068,0.958,1,4.177,3.648
38,0.9626666903,0.962,1,4.145,3.62
39,0.9821155667,0.981,1,3.991,3.484
40,0.9996114969,0.999,1,3.85,3.358
41,1.0069724321,1.006,1,3.79,3.304
42,1.0151964426,1.014,1,3.724,3.246
43,1.0298331976,1.029,1,3.605,3.14
44,1.0437043905,1.043,1,3.491,3.036
45,1.0553658009,1.054,1,3.39,2.944
46,1.0554357767,1.054,1,3.39,2.943
47,1.0612419844,1.06,1,3.338,2.896
48,1.0699602365,1.069,1,3.258,2.822
49,1.0750243664,1.074,1,3.21,2.777
50,1.0794416666,1.078,1,3.164,2.734
51,1.086374402,1.085,1,3.087,2.659
52,1.0929442644,1.092,1,3.009,2.58
53,1.097219944,1.096,1,2.953,2.521
54,1.099838376,1.098,1,2.923,2.489
55,1.1038991213,1.103,2,2.879,2.441
56,1.1060078144,1.105,2,2.857,2.417
57,1.1143112183,1.113,2,2.764,2.311
58,1.1202981472,1.119,2,2.693,2.224
59,1.1264562607,1.125,2,2.618,2.12
60,1.131585598,1.13,2,2.562,2.021
61,1.1350061893,1.134,2,2.543,1.957
62,1.1373571157,1.136,2,2.559,1.931
63,1.1390407085,1.138,2,2.595,1.929
64,1.1403306723,1.139,2,2.628,1.931
65,1.1414029598,1.14,2,2.655,1.934
66,1.1421939135,1.141,2,2.675,1.935
67,1.1429768801,1.142,2,2.691,1.933
68,1.1441471577,1.143,2,2.68,1.9
69,1.145190835,1.144,2,2.648,1.853
70,1.1456320286,1.144,2,2.629,1.828
71,1.1463243961,1.145,3,2.586,1.779
72,1.1478815079,1.146,3,2.477,1.657
73,1.1491458416,1.148,3,2.374,1.546
74,1.1503474712,1.149,3,2.268,1.433
75,1.1514508724,1.15,3,2.163,1.322
76,1.1523624659,1.151,3,2.071,1.224
77,1.1524709463,1.151,3,2.061,1.213
78,1.1536010504,1.152,3,1.944,1.089
79,1.15455091,1.153,3,1.838,0.976
80,1.1554412842,1.154,3,1.73,0.862
81,1.1563075781,1.155,3,1.617,0.742
82,1.1570470333,1.156,3,1.512,0.63
83,1.157750845,1.156,3,1.404,0.515
84,1.1583595276,1.157,3,1.304,0.407
85,1.1589422226,1.158,3,1.2,0.295
86,1.1594941616,1.158,3,1.094,0.18
87,1.1599875689,1.159,3,0.991,0.069
88,1.1604334116,1.159,3,0.892,-0.039
89,1.1608572006,1.16,3,0.79,-0.15
90,1.1612426043,1.16,3,0.692,-0.258
91,1.1615980864,1.16,3,0.595,-0.364
92,1.1619360447,1.161,3,0.498,-0.471
93,1.1622474194,1.161,3,0.405,-0.573
94,1.1625615358,1.161,3,0.313,-0.676
95,1.1629940271,1.162,3,0.226,-0.771
96,1.1631835699,1.162,3,0.267,-0.725
97,1.1633634567,1.162,3,0.345,-0.636
98,1.1634107828,1.162,3,0.367,-0.611
99,1.1636738777,1.162,3,0.268,-0.722
100,1.1639238596,1.163,3,0.173,-0.827
101,1.1641670465,1.163,3,0.078,-0.933
102,1.1643853188,1.163,3,-0.011,-1.034
103,1.1645950079,1.163,3,-0.103,-1.138
104,1.1647861004,1.163,3,-0.193,-1.239
105,1.164965868,1.164,3,-0.284,-1.343
106,1.1651278734,1.164,3,-0.371,-1.442
107,1.1652774811,1.164,3,-0.456,-1.541
108,1.1654168367,1.164,3,-0.541,-1.639
109,1.1655464172,1.164,3,-0.625,-1.737
110,1.1656680107,1.164,3,-0.71,-1.836
111,1.1657776833,1.164,3,-0.79,-1.931
112,1.1658815145,1.165,3,-0.869,-2.025
113,1.1659736633,1.165,3,-0.943,-2.115
114,1.1660624743,1.165,3,-1.02,-2.208
115,1.1661427021,1.165,3,-1.092,-2.297
116,1.1662180424,1.165,3,-1.163,-2.386
117,1.166290164,1.165,3,-1.233,-2.476
118,1.1663544178,1.165,3,-1.299,-2.561
119,1.1664165258,1.165,3,-1.367,-2.649
120,1.1664732695,1.165,3,-1.432,-2.733
121,1.166526556,1.165,3,-1.496,-2.818
122,1.1665774584,1.165,3,-1.558,-2.901
123,1.166634798,1.165,3,-1.63,-3.001
124,1.1666784286,1.165,3,-1.689,-3.082
125,1.1667195559,1.165,3,-1.747,-3.164
126,1.1667660475,1.165,3,-1.812,-3.26
127,1.1668092012,1.166,3,-1.873,-3.354
128,1.1668426991,1.166,3,-1.924,-3.432
129,1.166880846,1.166,3,-1.984,-3.525
130,1.1669158936,1.166,3,-2.041,-3.615
131,1.1669486761,1.166,3,-2.094,-3.704
132,1.1669791937,1.166,3,-2.145,-3.791
133,1.1670080423,1.166,3,-2.195,-3.877
134,1.167034626,1.166,3,-2.239,-3.959
135,1.1670597792,1.166,3,-2.273,-4.035
136,1.1670687199,1.166,3,-2.284,-4.062
137,1.1670687199,1.166,4,0.409,-0.466
138,1.1672819853,1.166,4,0.385,-0.495
139,1.1675072908,1.167,4,0.372,-0.509
140,1.1677347422,1.167,4,0.364,-0.517
141,1.1679599285,1.167,4,0.359,-0.521
142,1.1681962013,1.167,4,0.355,-0.523
143,1.1684257984,1.167,4,0.352,-0.525
144,1.1686563492,1.168,4,0.349,-0.527
145,1.1688860655,1.168,4,0.345,-0.529
146,1.1690996885,1.168,4,0.341,-0.532
147,1.1693297625,1.168,4,0.337,-0.535
148,1.1695693731,1.169,4,0.333,-0.538
149,1.1697940826,1.169,4,0.328,-0.542
150,1.1700332165,1.169,4,0.323,-0.545
151,1.170270443,1.169,4,0.319,-0.549
152,1.1702905893,1.169,4,0.318,-0.55
153,1.1705111265,1.17,4,0.314,-0.553
154,1.1707462072,1.17,4,0.309,-0.558
155,1.1709752083,1.17,4,0.304,-0.562
156,1.1711939573,1.17,4,0.299,-0.566
157,1.1714270115,1.17,4,0.294,-0.571
158,1.1716467142,1.171,4,0.289,-0.577
159,1.1718631983,1.171,4,0.283,-0.582
160,1.1718856096,1.171,4,0.283,-0.583
161,1.1720867157,1.171,4,0.277,-0.588
162,1.1723072529,1.171,4,0.271,-0.595
163,1.1725211143,1.172,4,0.264,-0.603
164,1.1727384329,1.172,4,0.257,-0.612
165,1.1729550362,1.172,4,0.248,-0.621
166,1.1731674671,1.172,4,0.239,-0.632
167,1.1733801365,1.172,4,0.229,-0.644
168,1.173594594,1.173,4,0.218,-0.658
169,1.1738094091,1.173,4,0.207,-0.67
170,1.1740261316,1.173,4,0.201,-0.678
171,1.1742510796,1.173,4,0.172,-0.714
172,1.1744664907,1.174,4,0.111,-0.79
173,1.1746069193,1.174,4,0.038,-0.879
174,1.1746721268,1.174,4,-0.037,-0.97
175,1.1746994257,1.174,4,-0.11,-1.058
176,1.1747117043,1.174,4,-0.183,-1.145
177,1.1747181416,1.174,4,-0.252,-1.227
178,1.1747211218,1.174,4,-0.293,-1.275
179,1.174721241,1.174,7,-0.294,-1.277
180,1.1747233868,1.174,7,-0.34,-1.33
181,1.1747274399,1.174,7,-0.429,-1.433
182,1.1747332811,1.174,7,-0.492,-1.509
183,1.1747610569,1.173,7,-0.422,-1.425
184,1.1749305725,1.172,7,-0.498,-1.516
185,1.1750067472,1.172,7,-0.603,-1.641
186,1.1750757694,1.171,7,-0.717,-1.776
187,1.1751333475,1.17,7,-0.81,-1.888
188,1.1751836538,1.169,7,-0.9,-1.996
189,1.1752277613,1.168,7,-0.987,-2.101
190,1.1752661467,1.167,7,-1.072,-2.203
191,1.1753002405,1.165,7,-1.145,-2.3
192,1.1753306389,1.164,7,-1.207,-2.394
193,1.1753581762,1.162,7,-1.278,-2.49
194,1.1753776073,1.16,7,-1.331,-2.561
195,1.1754012108,1.158,7,-1.401,-2.654
196,1.1754236221,1.155,7,-1.471,-2.747
197,1.1754448414,1.152,7,-1.542,-2.842
198,1.1754649878,1.149,7,-1.611,-2.935
199,1.1754835844,1.145,7,-1.67,-3.019
200,1.1755026579,1.14,7,-1.729,-3.105
201,1.1755216122,1.133,7,-1.787,-3.192
202,1.1755392551,1.126,7,-1.845,-3.284
203,1.1755521297,1.12,7,-1.902,-3.377
204,1.1755604744,1.115,7,-1.952,-3.459
205,1.1755681038,1.109,7,-1.997,-3.535
206,1.1755750179,1.103,7,-2.042,-3.614
207,1.1755816936,1.096,7,-2.085,-3.694
208,1.1755880117,1.088,7,-2.123,-3.77
209,1.1755936146,1.08,7,-2.154,-3.837
210,1.1755952835,1.077,7,-2.142,-3.816
211,1.1755955219,1.077,7,-2.133,-3.801
212,1.1755956411,1.076,7,-2.128,-3.792
213,1.1755957603,1.076,7,-2.126,-3.789
214,1.1755958796,1.076,7,-2.124,-3.787
215,1.175596118,1.076,7,-2.143,-3.821
216,1.1755963564,1.075,7,-2.159,-3.852
217,1.1755965948,1.075,7,-2.178,-3.89
218,1.1755970716,1.074,7,-2.194,-3.933
219,1.1755974293,1.073,7,-2.21,-3.977
220,1.1755980253,1.071,7,-2.228,-4.032
221,1.175598979,1.069,7,-2.247,-4.096
222,1.1756000519,1.065,7,-2.266,-4.169
223,1.1756020784,1.056,7,-2.269,-4.243
224,1.1756026745,1.053,7,-2.268,-4.261
