,Mini,Mass,label,Vmag,Imag
0,0.0900000036,0.09,1,16.056,12.388
1,0.0915332586,0.092,1,15.809,12.255
2,0.099999994,0.1,1,14.613,11.681
3,0.1199999899,0.12,1,13.309,10.943
4,0.1399999857,0.14,1,12.615,10.468
5,0.1599999964,0.16,1,12.138,10.112
6,0.2000000179,0.2,1,11.458,9.57
7,0.25,0.25,1,10.847,9.059
8,0.3000000119,0.3,1,10.382,8.645
9,0.3499999642,0.35,1,9.981,8.283
10,0.3999999762,0.4,1,9.468,7.896
11,0.4500000179,0.45,1,8.931,7.472
12,0.5,0.5,1,8.307,7.007
13,0.5500000715,0.55,1,7.622,6.511
14,0.6000000238,0.6,1,7.031,6.057
15,0.6181829572,0.618,1,6.828,5.899
16,0.6499999762,0.65,1,6.495,5.636
17,0.6519402266,0.652,1,6.475,5.62
18,0.6782225966,0.678,1,6.219,5.415
19,0.6999999285,0.7,1,6.02,5.253
20,0.7122179866,0.712,1,5.911,5.165
21,0.7370321751,0.737,1,5.696,4.989
22,0.75,0.75,1,5.586,4.898
23,0.7601672411,0.76,1,5.502,4.826
24,0.7847189307,0.785,1,5.299,4.651
25,0.7999999523,0.8,1,5.174,4.542
26,0.8208770156,0.821,1,5.003,4.393
27,0.844763577,0.844,1,4.806,4.22
28,0.8500000238,0.85,1,4.763,4.182
29,0.8705303669,0.87,1,4.593,4.033
30,0.8901868463,0.89,1,4.427,3.887
31,0.8999999762,0.899,1,4.342,3.812
32,0.9080352187,0.907,1,4.272,3.751
33,0.9233478308,0.923,1,4.136,3.631
34,0.9372560978,0.937,1,4.008,3.518
35,0.9499999285,0.95,1,3.887,3.411
36,0.9543489218,0.954,1,3.847,3.376
37,0.9687077999,0.968,1,3.709,3.254
38,0.9823231697,0.982,1,3.576,3.136
39,0.9937754273,0.994,1,3.46,3.031
40,1.0,1.0,1,3.394,2.972
41,1.0002048016,1.0,1,3.392,2.97
42,1.009539485,1.01,1,3.285,2.873
43,1.0149674416,1.015,1,3.222,2.815
44,1.0194382668,1.019,1,3.166,2.762
45,1.0264157057,1.026,1,3.075,2.674
46,1.0329848528,1.033,1,2.987,2.584
47,1.0372385979,1.037,1,2.927,2.52
48,1.0390018225,1.039,2,2.9,2.491
49,1.0451993942,1.045,2,2.806,2.381
50,1.0499776602,1.049,2,2.728,2.279
51,1.0499999523,1.05,2,2.728,2.278
52,1.0512412786,1.051,2,2.707,2.251
53,1.054833293,1.054,2,2.645,2.155
54,1.0574557781,1.057,2,2.604,2.078
55,1.0590155125,1.058,2,2.586,2.031
56,1.0602376461,1.06,2,2.577,1.996
57,1.0611736774,1.061,2,2.576,1.97
58,1.0621880293,1.062,2,2.58,1.947
59,1.0630694628,1.063,2,2.588,1.928
60,1.0638343096,1.063,2,2.597,1.913
61,1.0645319223,1.064,2,2.604,1.899
62,1.0651880503,1.065,2,2.61,1.886
63,1.0658369064,1.065,2,2.611,1.87
64,1.066652298,1.066,2,2.594,1.833
65,1.0676105022,1.067,2,2.543,1.765
66,1.067727685,1.067,2,2.535,1.755
67,1.068588376,1.068,3,2.457,1.667
68,1.0695927143,1.069,3,2.355,1.555
69,1.0704289675,1.07,3,2.26,1.452
70,1.0713188648,1.071,3,2.15,1.335
71,1.0721622705,1.072,3,2.037,1.215
72,1.0729283094,1.072,3,1.926,1.099
73,1.0736320019,1.073,3,1.817,0.983
74,1.0742816925,1.074,3,1.71,0.87
75,1.0749151707,1.074,3,1.597,0.751
76,1.0754897594,1.075,3,1.487,0.634
77,1.0759959221,1.075,3,1.383,0.523
78,1.0764825344,1.076,3,1.274,0.407
79,1.0769207478,1.076,3,1.167,0.294
80,1.0773171186,1.077,3,1.064,0.183
81,1.0776904821,1.077,3,0.959,0.071
82,1.0780302286,1.077,3,0.857,-0.039
83,1.0783344507,1.078,3,0.759,-0.145
84,1.0786260366,1.078,3,0.658,-0.255
85,1.0788929462,1.078,3,0.558,-0.363
86,1.0791373253,1.078,3,0.461,-0.469
87,1.079369545,1.079,3,0.363,-0.577
88,1.0795809031,1.079,3,0.268,-0.68
89,1.0797766447,1.079,3,0.177,-0.781
90,1.0799636841,1.079,3,0.089,-0.878
91,1.0801566839,1.079,3,0.004,-0.972
92,1.080354929,1.08,3,-0.056,-1.038
93,1.0804166794,1.08,3,-0.038,-1.018
94,1.0805417299,1.08,3,0.033,-0.937
95,1.0806040764,1.08,3,0.082,-0.882
96,1.0806660652,1.08,3,0.045,-0.924
97,1.0808218718,1.08,3,-0.05,-1.028
98,1.0809746981,1.08,3,-0.145,-1.134
99,1.0811158419,1.08,3,-0.238,-1.237
100,1.0812504292,1.081,3,-0.331,-1.342
101,1.0813698769,1.081,3,-0.419,-1.441
102,1.0814864635,1.081,3,-0.51,-1.544
103,1.0815888643,1.081,3,-0.596,-1.641
104,1.0816869736,1.081,3,-0.683,-1.741
105,1.0817755461,1.081,3,-0.767,-1.838
106,1.0818583965,1.081,3,-0.85,-1.933
107,1.0819346905,1.081,3,-0.93,-2.027
108,1.0820069313,1.081,3,-1.011,-2.122
109,1.0820723772,1.081,3,-1.089,-2.213
110,1.0821340084,1.081,3,-1.167,-2.305
111,1.0821920633,1.082,3,-1.243,-2.397
112,1.0822583437,1.082,3,-1.332,-2.506
113,1.0823193789,1.082,3,-1.421,-2.617
114,1.0823651552,1.082,3,-1.491,-2.704
115,1.0824166536,1.082,3,-1.576,-2.81
116,1.0824645758,1.082,3,-1.655,-2.914
117,1.0825095177,1.082,3,-1.735,-3.018
118,1.0825505257,1.082,3,-1.813,-3.12
119,1.0825880766,1.082,3,-1.888,-3.22
120,1.0826233625,1.082,3,-1.957,-3.319
121,1.0826562643,1.082,3,-2.024,-3.416
122,1.0826859474,1.082,3,-2.087,-3.509
123,1.0827139616,1.082,3,-2.15,-3.602
124,1.0827405453,1.082,3,-2.212,-3.696
125,1.0827656984,1.082,3,-2.271,-3.788
126,1.0827887058,1.082,3,-2.328,-3.877
127,1.0828101635,1.082,3,-2.382,-3.964
128,1.0828307867,1.082,3,-2.432,-4.045
129,1.082836628,1.082,3,-2.444,-4.068
130,1.082836628,1.082,4,0.351,-0.48
131,1.0830067396,1.082,4,0.324,-0.511
132,1.0831797123,1.082,4,0.313,-0.524
133,1.0833543539,1.083,4,0.304,-0.532
134,1.0835317373,1.083,4,0.298,-0.538
135,1.0837103128,1.083,4,0.293,-0.542
136,1.0838842392,1.083,4,0.289,-0.544
137,1.0840475559,1.083,4,0.285,-0.547
138,1.0842269659,1.084,4,0.28,-0.55
139,1.0843877792,1.084,4,0.276,-0.552
140,1.0845521688,1.084,4,0.272,-0.555
141,1.0847320557,1.084,4,0.267,-0.559
142,1.0848927498,1.084,4,0.263,-0.562
143,1.0850586891,1.084,4,0.258,-0.566
144,1.0852344036,1.085,4,0.253,-0.569
145,1.0853272676,1.085,4,0.251,-0.571
146,1.0853956938,1.085,4,0.249,-0.573
147,1.0855544806,1.085,4,0.244,-0.577
148,1.0857127905,1.085,4,0.239,-0.581
149,1.0858712196,1.085,4,0.235,-0.585
150,1.0860421658,1.085,4,0.23,-0.589
151,1.086207509,1.086,4,0.225,-0.594
152,1.0863735676,1.086,4,0.22,-0.599
153,1.0865372419,1.086,4,0.214,-0.604
154,1.0865796804,1.086,4,0.213,-0.606
155,1.0865951777,1.086,4,0.212,-0.606
156,1.0867527723,1.086,4,0.207,-0.612
157,1.0869104862,1.086,4,0.201,-0.618
158,1.0870723724,1.086,4,0.195,-0.626
159,1.0872353315,1.087,4,0.188,-0.634
160,1.0873951912,1.087,4,0.18,-0.643
161,1.0875540972,1.087,4,0.171,-0.654
162,1.0877143145,1.087,4,0.162,-0.666
163,1.087875843,1.087,4,0.151,-0.679
164,1.0880498886,1.087,4,0.137,-0.695
165,1.0882179737,1.088,4,0.123,-0.713
166,1.0883722305,1.088,4,0.123,-0.713
167,1.0885394812,1.088,4,0.088,-0.758
168,1.0887024403,1.088,4,0.016,-0.848
169,1.0887745619,1.088,4,-0.057,-0.938
170,1.0888061523,1.088,4,-0.129,-1.024
171,1.0888204575,1.088,4,-0.204,-1.114
172,1.0888271332,1.088,4,-0.277,-1.201
173,1.0888301134,1.088,7,-0.332,-1.266
174,1.0888323784,1.088,7,-0.393,-1.337
175,1.0888360739,1.088,7,-0.493,-1.453
176,1.0888408422,1.088,7,-0.579,-1.553
177,1.0888500214,1.088,7,-0.527,-1.492
178,1.0889267921,1.087,7,-0.502,-1.463
179,1.0889943838,1.086,7,-0.583,-1.558
180,1.0890364647,1.085,7,-0.665,-1.654
181,1.0890678167,1.085,7,-0.737,-1.738
182,1.0891048908,1.084,7,-0.829,-1.846
183,1.0891419649,1.083,7,-0.919,-1.952
184,1.0891755819,1.082,7,-1.004,-2.053
185,1.0892068148,1.08,7,-1.09,-2.154
186,1.0892350674,1.078,7,-1.174,-2.254
187,1.0892608166,1.077,7,-1.257,-2.353
188,1.0892779827,1.075,7,-1.298,-2.424
189,1.089299202,1.073,7,-1.372,-2.521
190,1.0893185139,1.07,7,-1.446,-2.615
191,1.0893368721,1.067,7,-1.52,-2.71
192,1.0893541574,1.063,7,-1.594,-2.804
193,1.0893702507,1.059,7,-1.667,-2.898
194,1.0893851519,1.054,7,-1.735,-2.988
195,1.0894002914,1.048,7,-1.802,-3.079
196,1.089415431,1.041,7,-1.868,-3.17
197,1.0894304514,1.031,7,-1.929,-3.261
198,1.0894445181,1.021,7,-1.987,-3.353
199,1.0894552469,1.01,7,-2.045,-3.445
200,1.0894627571,1.001,7,-2.1,-3.533
201,1.0894702673,0.989,7,-2.153,-3.623
202,1.0894759893,0.978,7,-2.198,-3.703
203,1.0894819498,0.964,7,-2.245,-3.79
204,1.0894863605,0.95,7,-2.286,-3.868
205,1.0894875526,0.946,7,-2.306,-3.905
206,1.0894881487,0.944,7,-2.225,-3.77
207,1.0894882679,0.943,7,-2.209,-3.744
208,1.0894883871,0.943,7,-2.223,-3.768
209,1.0894888639,0.942,7,-2.241,-3.799
210,1.0894892216,0.941,7,-2.266,-3.842
211,1.0894895792,0.939,7,-2.287,-3.878
212,1.0894899368,0.938,7,-2.309,-3.917
213,1.0894904137,0.936,7,-2.329,-3.96
214,1.0894911289,0.932,7,-2.356,-4.021
215,1.0894922018,0.926,7,-2.39,-4.104
216,1.0894939899,0.911,7,-2.426,-4.203
