,Mini,Mass,label,Vmag,Imag
0,0.0900000036,0.09,1,15.42,12.165
1,0.0943473801,0.094,1,14.763,11.861
2,0.1000000015,0.1,1,14.012,11.484
3,0.1031918004,0.103,1,13.804,11.36
4,0.1199999973,0.12,1,12.86,10.759
5,0.1400000006,0.14,1,12.241,10.301
6,0.1599999964,0.16,1,11.802,9.955
7,0.2000000179,0.2,1,11.166,9.42
8,0.2234418839,0.223,1,10.879,9.165
9,0.25,0.25,1,10.569,8.903
10,0.3000000417,0.3,1,10.056,8.485
11,0.3378991187,0.338,1,9.737,8.213
12,0.349999994,0.35,1,9.647,8.133
13,0.400000006,0.4,1,9.227,7.782
14,0.4500000179,0.45,1,8.71,7.37
15,0.5,0.5,1,8.096,6.91
16,0.5500000715,0.55,1,7.483,6.444
17,0.6000000238,0.6,1,6.945,6.015
18,0.6346780658,0.635,1,6.593,5.734
19,0.6499999762,0.65,1,6.448,5.617
20,0.6587787271,0.659,1,6.366,5.551
21,0.6931654215,0.693,1,6.06,5.304
22,0.6999999881,0.7,1,6.002,5.256
23,0.7319030762,0.732,1,5.737,5.04
24,0.75,0.75,1,5.592,4.92
25,0.7628901005,0.763,1,5.491,4.834
26,0.7951883078,0.795,1,5.241,4.619
27,0.8000000119,0.8,1,5.204,4.587
28,0.8241584897,0.824,1,5.019,4.428
29,0.8500000238,0.85,1,4.822,4.258
30,0.8576105237,0.857,1,4.765,4.209
31,0.8886130452,0.888,1,4.531,4.009
32,0.8999999762,0.899,1,4.445,3.934
33,0.9165138602,0.916,1,4.32,3.828
34,0.940194428,0.94,1,4.139,3.674
35,0.9499999881,0.95,1,4.062,3.609
36,0.9602006674,0.96,1,3.983,3.543
37,0.9799447656,0.98,1,3.826,3.414
38,0.9969628453,0.997,1,3.687,3.299
39,1.0,1.0,1,3.662,3.279
40,1.0056056976,1.006,1,3.616,3.242
41,1.0195109844,1.019,1,3.499,3.15
42,1.0330796242,1.033,1,3.383,3.058
43,1.0464295149,1.046,1,3.267,2.966
44,1.0499999523,1.05,1,3.235,2.941
45,1.0572211742,1.057,1,3.174,2.892
46,1.0658307076,1.065,1,3.099,2.83
47,1.0731922388,1.073,1,3.033,2.775
48,1.0829194784,1.082,1,2.949,2.703
49,1.0842155218,1.084,1,2.938,2.693
50,1.0923600197,1.092,1,2.837,2.613
51,1.0942788124,1.094,1,2.808,2.59
52,1.0979804993,1.097,2,2.771,2.557
53,1.1000000238,1.099,2,2.75,2.538
54,1.1116492748,1.111,2,2.619,2.413
55,1.1243591309,1.124,2,2.463,2.251
56,1.1345556974,1.134,2,2.317,2.078
57,1.141187191,1.14,2,2.211,1.92
58,1.1450743675,1.144,2,2.148,1.793
59,1.1471865177,1.146,2,2.119,1.708
60,1.1486748457,1.148,2,2.104,1.643
61,1.1497141123,1.149,2,2.099,1.598
62,1.1499999762,1.149,2,2.099,1.586
63,1.1503001451,1.15,2,2.099,1.574
64,1.1516889334,1.151,2,2.109,1.525
65,1.1531624794,1.153,2,2.14,1.498
66,1.1546766758,1.154,2,2.172,1.477
67,1.1568690538,1.156,2,2.182,1.434
68,1.1572225094,1.157,2,2.177,1.422
69,1.1580868959,1.157,3,2.128,1.363
70,1.1593894958,1.159,3,2.036,1.257
71,1.1607427597,1.16,3,1.92,1.131
72,1.161861062,1.161,3,1.814,1.018
73,1.1627874374,1.162,3,1.72,0.918
74,1.1637506485,1.163,3,1.616,0.808
75,1.1647064686,1.164,3,1.505,0.691
76,1.1655266285,1.165,3,1.404,0.585
77,1.1663291454,1.166,3,1.298,0.472
78,1.167022109,1.166,3,1.198,0.368
79,1.1677215099,1.167,3,1.091,0.254
80,1.1683516502,1.168,3,0.988,0.144
81,1.1689209938,1.168,3,0.888,0.038
82,1.1694692373,1.169,3,0.784,-0.072
83,1.1699631214,1.169,3,0.684,-0.179
84,1.1704260111,1.17,3,0.583,-0.287
85,1.1708489656,1.17,3,0.484,-0.393
86,1.1712415218,1.171,3,0.386,-0.499
87,1.1716073751,1.171,3,0.288,-0.605
88,1.1719535589,1.171,3,0.19,-0.711
89,1.1722739935,1.172,3,0.093,-0.816
90,1.1725745201,1.172,3,-0.003,-0.92
91,1.1728489399,1.172,3,-0.096,-1.022
92,1.1731131077,1.173,3,-0.188,-1.123
93,1.1733767986,1.173,3,-0.27,-1.212
94,1.1736476421,1.173,3,-0.333,-1.281
95,1.1738169193,1.173,3,-0.284,-1.227
96,1.1739677191,1.173,3,-0.205,-1.138
97,1.1739784479,1.173,3,-0.199,-1.132
98,1.1740732193,1.173,3,-0.242,-1.179
99,1.174290061,1.174,3,-0.339,-1.285
100,1.1745032072,1.174,3,-0.436,-1.392
101,1.1746971607,1.174,3,-0.528,-1.495
102,1.1748805046,1.174,3,-0.621,-1.598
103,1.1750519276,1.174,3,-0.713,-1.7
104,1.1752078533,1.175,3,-0.802,-1.8
105,1.1753560305,1.175,3,-0.892,-1.901
106,1.1754912138,1.175,3,-0.979,-1.999
107,1.1756190062,1.175,3,-1.066,-2.097
108,1.1757366657,1.175,3,-1.15,-2.194
109,1.1758475304,1.175,3,-1.235,-2.291
110,1.1759489775,1.175,3,-1.317,-2.385
111,1.1760439873,1.175,3,-1.4,-2.48
112,1.1761329174,1.176,3,-1.479,-2.574
113,1.176215291,1.176,3,-1.557,-2.666
114,1.1762926579,1.176,3,-1.634,-2.758
115,1.1763643026,1.176,3,-1.709,-2.848
116,1.1764326096,1.176,3,-1.785,-2.94
117,1.1765091419,1.176,3,-1.873,-3.048
118,1.1765671968,1.176,3,-1.942,-3.134
119,1.1766347885,1.176,3,-2.028,-3.242
120,1.1766959429,1.176,3,-2.109,-3.346
121,1.1767529249,1.176,3,-2.189,-3.449
122,1.1767967939,1.176,3,-2.251,-3.532
123,1.1768461466,1.176,3,-2.322,-3.631
124,1.176892519,1.176,3,-2.392,-3.729
125,1.1769361496,1.176,3,-2.461,-3.827
126,1.1769770384,1.176,3,-2.528,-3.923
127,1.1770149469,1.176,3,-2.589,-4.014
128,1.1770470142,1.176,3,-2.638,-4.087
129,1.1770470142,1.176,4,0.212,-0.579
130,1.177336216,1.177,4,0.188,-0.608
131,1.1775935888,1.177,4,0.179,-0.62
132,1.1778520346,1.177,4,0.17,-0.629
133,1.1781175137,1.177,4,0.161,-0.637
134,1.1783810854,1.178,4,0.153,-0.644
135,1.178645134,1.178,4,0.146,-0.65
136,1.1789309978,1.178,4,0.138,-0.656
137,1.1791926622,1.178,4,0.13,-0.662
138,1.1794692278,1.179,4,0.123,-0.668
139,1.1797435284,1.179,4,0.115,-0.674
140,1.1800112724,1.179,4,0.107,-0.68
141,1.180285573,1.179,4,0.099,-0.686
142,1.1805483103,1.18,4,0.092,-0.692
143,1.1808276176,1.18,4,0.084,-0.699
144,1.1811058521,1.18,4,0.077,-0.705
145,1.181199789,1.18,4,0.074,-0.707
146,1.1812560558,1.18,4,0.073,-0.708
147,1.1815385818,1.181,4,0.065,-0.715
148,1.1818079948,1.181,4,0.058,-0.721
149,1.1820982695,1.181,4,0.051,-0.727
150,1.1823664904,1.182,4,0.044,-0.733
151,1.1826373339,1.182,4,0.037,-0.74
152,1.1829099655,1.182,4,0.03,-0.746
153,1.1831811666,1.182,4,0.024,-0.753
154,1.1832050085,1.182,4,0.023,-0.753
155,1.1833466291,1.183,4,0.019,-0.757
156,1.1836130619,1.183,4,0.013,-0.765
157,1.1838730574,1.183,4,0.006,-0.772
158,1.1841263771,1.183,4,-0.001,-0.78
159,1.1843870878,1.184,4,-0.008,-0.79
160,1.1846460104,1.184,4,-0.016,-0.799
161,1.1849001646,1.184,4,-0.024,-0.81
162,1.1851555109,1.184,4,-0.033,-0.822
163,1.1854137182,1.185,4,-0.043,-0.835
164,1.1856684685,1.185,4,-0.055,-0.85
165,1.1859257221,1.185,4,-0.061,-0.86
166,1.1861909628,1.185,4,-0.084,-0.894
167,1.1864495277,1.186,4,-0.144,-0.975
168,1.1865645647,1.186,4,-0.216,-1.066
169,1.1866037846,1.186,4,-0.286,-1.151
170,1.1866185665,1.186,4,-0.352,-1.231
171,1.1866244078,1.186,4,-0.405,-1.293
172,1.186624527,1.186,7,-0.406,-1.294
173,1.1866264343,1.186,7,-0.436,-1.328
174,1.1866321564,1.186,7,-0.535,-1.442
175,1.1866368055,1.186,7,-0.611,-1.529
176,1.1866414547,1.186,7,-0.672,-1.599
177,1.1866483688,1.186,7,-0.703,-1.633
178,1.1866613626,1.185,7,-0.667,-1.592
179,1.1866867542,1.185,7,-0.625,-1.544
180,1.1867995262,1.185,7,-0.647,-1.57
181,1.186871767,1.184,7,-0.712,-1.645
182,1.186950922,1.184,7,-0.81,-1.756
183,1.1870259047,1.183,7,-0.917,-1.879
184,1.1870934963,1.182,7,-1.019,-1.997
185,1.1871533394,1.181,7,-1.115,-2.107
186,1.1872066259,1.18,7,-1.209,-2.215
187,1.1872534752,1.178,7,-1.297,-2.32
188,1.1872954369,1.177,7,-1.375,-2.423
189,1.1873323917,1.175,7,-1.458,-2.525
190,1.1873663664,1.173,7,-1.545,-2.628
191,1.1873978376,1.171,7,-1.63,-2.73
192,1.1874274015,1.168,7,-1.714,-2.832
193,1.1874551773,1.164,7,-1.799,-2.936
194,1.1874804497,1.161,7,-1.881,-3.038
195,1.1875039339,1.156,7,-1.959,-3.136
196,1.1875272989,1.151,7,-2.034,-3.232
197,1.1875505447,1.144,7,-2.107,-3.328
198,1.1875739098,1.136,7,-2.179,-3.424
199,1.1875966787,1.125,7,-2.248,-3.523
200,1.1876163483,1.114,7,-2.317,-3.625
201,1.1876308918,1.104,7,-2.383,-3.724
202,1.1876431704,1.092,7,-2.446,-3.822
203,1.1876538992,1.08,7,-2.503,-3.916
204,1.1876641512,1.065,7,-2.551,-3.999
205,1.1876705885,1.053,7,-2.598,-4.082
206,1.1876723766,1.049,7,-2.613,-4.108
207,1.1876726151,1.049,7,-2.622,-4.122
208,1.1876727343,1.049,7,-2.616,-4.114
209,1.1876728535,1.048,7,-2.639,-4.15
210,1.1876729727,1.048,7,-2.641,-4.154
211,1.1876730919,1.048,7,-2.642,-4.155
212,1.1876735687,1.047,7,-2.664,-4.193
213,1.1876741648,1.045,7,-2.686,-4.234
214,1.1876747608,1.043,7,-2.709,-4.281
215,1.1876755953,1.041,7,-2.735,-4.335
216,1.1876769066,1.035,7,-2.761,-4.393
217,1.1876788139,1.025,7,-2.784,-4.451
218,1.1876795292,1.021,7,-2.79,-4.468
