,Mini,Mass,label,Vmag,Imag
0,0.0900000036,0.09,1,16.085,12.4
1,0.1000000089,0.1,1,14.641,11.69
2,0.1200000048,0.12,1,13.329,10.951
3,0.1400000155,0.14,1,12.633,10.476
4,0.1599999964,0.16,1,12.154,10.12
5,0.2000000179,0.2,1,11.475,9.581
6,0.25,0.25,1,10.869,9.075
7,0.3000000417,0.3,1,10.406,8.665
8,0.349999994,0.35,1,9.999,8.292
9,0.4000000358,0.4,1,9.489,7.908
10,0.4500000477,0.45,1,8.949,7.485
11,0.5,0.5,1,8.333,7.023
12,0.5500000715,0.55,1,7.656,6.534
13,0.6000000238,0.6,1,7.067,6.086
14,0.619376421,0.619,1,6.854,5.92
15,0.6499999762,0.65,1,6.539,5.671
16,0.6589255929,0.659,1,6.449,5.6
17,0.6912679076,0.691,1,6.148,5.358
18,0.6999999881,0.7,1,6.071,5.296
19,0.7244423628,0.725,1,5.861,5.126
20,0.75,0.75,1,5.649,4.953
21,0.7769303918,0.777,1,5.436,4.771
22,0.8000000715,0.8,1,5.256,4.616
23,0.8091455102,0.809,1,5.185,4.555
24,0.8409166932,0.841,1,4.94,4.342
25,0.8500000238,0.85,1,4.87,4.281
26,0.8716178536,0.871,1,4.705,4.137
27,0.8984460235,0.898,1,4.499,3.957
28,0.8999999762,0.899,1,4.487,3.947
29,0.9211269617,0.921,1,4.323,3.805
30,0.9418914318,0.941,1,4.159,3.662
31,0.9500000477,0.95,1,4.094,3.605
32,0.9556418061,0.955,1,4.05,3.567
33,0.9755813479,0.975,1,3.887,3.426
34,0.9935182333,0.994,1,3.736,3.297
35,1.0,1.0,1,3.681,3.249
36,1.0145530701,1.015,1,3.557,3.144
37,1.0310797691,1.031,1,3.415,3.023
38,1.0449646711,1.044,1,3.291,2.916
39,1.0499999523,1.05,1,3.243,2.875
40,1.0585790873,1.058,1,3.162,2.803
41,1.0669577122,1.066,1,3.082,2.731
42,1.0691828728,1.069,1,3.06,2.711
43,1.0727856159,1.072,1,3.021,2.674
44,1.0784515142,1.078,1,2.957,2.614
45,1.0838325024,1.083,1,2.892,2.553
46,1.0873402357,1.087,1,2.843,2.506
47,1.0916212797,1.091,2,2.791,2.452
48,1.0990985632,1.098,2,2.703,2.358
49,1.1000001431,1.099,2,2.691,2.345
50,1.1087653637,1.108,2,2.576,2.211
51,1.1149801016,1.114,2,2.487,2.09
52,1.1192320585,1.119,2,2.427,1.987
53,1.1216576099,1.121,2,2.396,1.919
54,1.1235076189,1.123,2,2.377,1.864
55,1.1248960495,1.124,2,2.369,1.824
56,1.126373291,1.126,2,2.372,1.787
57,1.1276348829,1.127,2,2.381,1.76
58,1.1287134886,1.128,2,2.402,1.749
59,1.1296842098,1.129,2,2.425,1.744
60,1.1305866241,1.13,2,2.45,1.742
61,1.1314686537,1.131,2,2.452,1.724
62,1.1325632334,1.132,2,2.445,1.694
63,1.1338298321,1.133,2,2.419,1.645
64,1.1339833736,1.133,2,2.415,1.638
65,1.1341869831,1.133,3,2.402,1.623
66,1.1356053352,1.135,3,2.298,1.506
67,1.1367837191,1.136,3,2.198,1.397
68,1.1378837824,1.137,3,2.096,1.287
69,1.1389912367,1.138,3,1.984,1.168
70,1.1400066614,1.139,3,1.872,1.05
71,1.1408753395,1.14,3,1.771,0.942
72,1.1417888403,1.141,3,1.656,0.821
73,1.1425772905,1.142,3,1.549,0.708
74,1.1433206797,1.143,3,1.441,0.593
75,1.1439837217,1.143,3,1.336,0.482
76,1.1446274519,1.144,3,1.227,0.365
77,1.1451847553,1.144,3,1.124,0.255
78,1.1457365751,1.145,3,1.014,0.138
79,1.1462078094,1.145,3,0.913,0.03
80,1.1466633081,1.146,3,0.808,-0.083
81,1.1470849514,1.146,3,0.704,-0.196
82,1.1474636793,1.147,3,0.603,-0.305
83,1.147824645,1.147,3,0.5,-0.417
84,1.1481491327,1.147,3,0.401,-0.526
85,1.1484652758,1.148,3,0.298,-0.638
86,1.1487475634,1.148,3,0.201,-0.744
87,1.1490271091,1.148,3,0.105,-0.85
88,1.1493065357,1.149,3,0.022,-0.942
89,1.1495834589,1.149,3,-0.047,-1.018
90,1.1496727467,1.149,3,-0.033,-1.002
91,1.1498491764,1.149,3,0.047,-0.912
92,1.149924159,1.149,3,0.089,-0.865
93,1.1499999762,1.149,3,0.055,-0.903
94,1.1501824856,1.15,3,-0.022,-0.988
95,1.1504106522,1.15,3,-0.119,-1.095
96,1.1506203413,1.15,3,-0.213,-1.199
97,1.1508167982,1.15,3,-0.306,-1.303
98,1.1509994268,1.15,3,-0.399,-1.407
99,1.1511708498,1.151,3,-0.49,-1.51
100,1.1513260603,1.151,3,-0.578,-1.61
101,1.151471734,1.151,3,-0.666,-1.711
102,1.1516034603,1.151,3,-0.752,-1.808
103,1.1517264843,1.151,3,-0.837,-1.906
104,1.1518404484,1.151,3,-0.921,-2.002
105,1.1519460678,1.151,3,-1.002,-2.097
106,1.1520457268,1.151,3,-1.084,-2.192
107,1.1521359682,1.152,3,-1.163,-2.285
108,1.1522223949,1.152,3,-1.242,-2.379
109,1.1523008347,1.152,3,-1.317,-2.469
110,1.1523760557,1.152,3,-1.39,-2.56
111,1.1524442434,1.152,3,-1.46,-2.647
112,1.1525086164,1.152,3,-1.531,-2.735
113,1.152569294,1.152,3,-1.602,-2.823
114,1.1526386738,1.152,3,-1.684,-2.929
115,1.1526913643,1.152,3,-1.75,-3.014
116,1.1527518034,1.152,3,-1.83,-3.119
117,1.1528071165,1.152,3,-1.908,-3.221
118,1.1528584957,1.152,3,-1.983,-3.322
119,1.1528978348,1.152,3,-2.038,-3.402
120,1.1529419422,1.152,3,-2.104,-3.498
121,1.1529831886,1.152,3,-2.169,-3.593
122,1.1530154943,1.152,3,-2.222,-3.672
123,1.1530528069,1.152,3,-2.283,-3.766
124,1.1530869007,1.152,3,-2.341,-3.857
125,1.1531194448,1.152,3,-2.4,-3.948
126,1.1531500816,1.153,3,-2.453,-4.034
127,1.1531662941,1.153,3,-2.481,-4.078
128,1.1531662941,1.153,4,0.315,-0.515
129,1.1534178257,1.153,4,0.289,-0.546
130,1.1536417007,1.153,4,0.279,-0.558
131,1.1538664103,1.153,4,0.271,-0.566
132,1.1540973186,1.153,4,0.264,-0.572
133,1.1543265581,1.154,4,0.259,-0.577
134,1.1545561552,1.154,4,0.254,-0.58
135,1.1548048258,1.154,4,0.248,-0.584
136,1.1550322771,1.154,4,0.244,-0.588
137,1.1552727222,1.155,4,0.238,-0.592
138,1.1555113792,1.155,4,0.233,-0.596
139,1.1557443142,1.155,4,0.227,-0.6
140,1.155982852,1.155,4,0.222,-0.604
141,1.156211257,1.156,4,0.217,-0.609
142,1.1564542055,1.156,4,0.211,-0.613
143,1.1566962004,1.156,4,0.205,-0.618
144,1.1567777395,1.156,4,0.203,-0.62
145,1.1569889784,1.156,4,0.198,-0.624
146,1.1572296619,1.157,4,0.192,-0.629
147,1.1574920416,1.157,4,0.186,-0.635
148,1.1577486992,1.157,4,0.18,-0.64
149,1.157998085,1.157,4,0.174,-0.646
150,1.1582560539,1.158,4,0.168,-0.652
151,1.1585185528,1.158,4,0.161,-0.658
152,1.1585673094,1.158,4,0.16,-0.66
153,1.1588038206,1.158,4,0.154,-0.666
154,1.1590479612,1.158,4,0.147,-0.674
155,1.1593014002,1.159,4,0.14,-0.682
156,1.159539938,1.159,4,0.132,-0.691
157,1.1597821712,1.159,4,0.124,-0.7
158,1.1600205898,1.159,4,0.116,-0.71
159,1.1602627039,1.16,4,0.106,-0.722
160,1.160505414,1.16,4,0.095,-0.736
161,1.1607459784,1.16,4,0.082,-0.752
162,1.160982728,1.16,4,0.078,-0.755
163,1.1612221003,1.161,4,0.06,-0.78
164,1.1614599228,1.161,4,0.016,-0.837
165,1.1616410017,1.161,4,-0.056,-0.927
166,1.1617177725,1.161,4,-0.133,-1.02
167,1.1617461443,1.161,4,-0.203,-1.105
168,1.1617587805,1.161,4,-0.278,-1.195
169,1.1617652178,1.161,4,-0.352,-1.281
170,1.161765933,1.161,7,-0.362,-1.293
171,1.1617679596,1.161,7,-0.399,-1.337
172,1.1617721319,1.161,7,-0.483,-1.433
173,1.1617765427,1.161,7,-0.558,-1.52
174,1.1617883444,1.161,7,-0.587,-1.554
175,1.1618098021,1.161,7,-0.537,-1.495
176,1.1619671583,1.16,7,-0.574,-1.539
177,1.1620489359,1.159,7,-0.675,-1.658
178,1.1620990038,1.159,7,-0.757,-1.753
179,1.1621485949,1.158,7,-0.843,-1.853
180,1.1622030735,1.157,7,-0.933,-1.959
181,1.1622525454,1.156,7,-1.02,-2.061
182,1.1622976065,1.155,7,-1.106,-2.163
183,1.1623388529,1.153,7,-1.192,-2.265
184,1.162375927,1.152,7,-1.269,-2.365
185,1.1624096632,1.15,7,-1.338,-2.464
186,1.1624394655,1.148,7,-1.42,-2.564
187,1.1624668837,1.146,7,-1.497,-2.661
188,1.1624927521,1.143,7,-1.573,-2.758
189,1.1625173092,1.14,7,-1.65,-2.855
190,1.162539959,1.136,7,-1.726,-2.952
191,1.1625609398,1.132,7,-1.796,-3.045
192,1.1625823975,1.127,7,-1.865,-3.138
193,1.1626037359,1.12,7,-1.932,-3.231
194,1.1626251936,1.112,7,-1.997,-3.324
195,1.1626451015,1.103,7,-2.06,-3.421
196,1.1626598835,1.094,7,-2.122,-3.519
197,1.1626697779,1.087,7,-2.175,-3.602
198,1.1626797915,1.077,7,-2.23,-3.692
199,1.1626874208,1.069,7,-2.274,-3.768
200,1.1626951694,1.058,7,-2.32,-3.852
201,1.1627043486,1.043,7,-2.392,-3.986
202,1.1627058983,1.039,7,-2.424,-4.054
203,1.1627064943,1.037,7,-2.436,-4.081
204,1.1627069712,1.036,7,-2.451,-4.116
205,1.1627075672,1.034,7,-2.463,-4.145
206,1.1627080441,1.033,7,-2.476,-4.177
207,1.1627087593,1.03,7,-2.488,-4.206
208,1.1627100706,1.025,7,-2.521,-4.285
209,1.1627116203,1.017,7,-2.54,-4.348
210,1.1627138853,1.004,7,-2.549,-4.398
