,Mini,Mass,label,Vmag,Imag
0,0.0900000036,0.09,1,15.553,12.199
1,0.0909171179,0.091,1,15.409,12.134
2,0.1000000089,0.1,1,14.142,11.528
3,0.1199999973,0.12,1,12.958,10.801
4,0.1400000006,0.14,1,12.325,10.339
5,0.1599999964,0.16,1,11.88,9.992
6,0.2000000179,0.2,1,11.231,9.459
7,0.25,0.25,1,10.651,8.942
8,0.3000000417,0.3,1,10.147,8.526
9,0.3499999642,0.35,1,9.704,8.16
10,0.4000000358,0.4,1,9.283,7.809
11,0.4265307188,0.426,1,9.001,7.583
12,0.4500000179,0.45,1,8.765,7.395
13,0.5,0.5,1,8.14,6.929
14,0.5500000715,0.55,1,7.504,6.452
15,0.6000000238,0.6,1,6.955,6.017
16,0.6120603681,0.612,1,6.826,5.916
17,0.6499999762,0.65,1,6.447,5.613
18,0.6725770831,0.673,1,6.236,5.442
19,0.6999999285,0.7,1,5.994,5.246
20,0.7107369304,0.711,1,5.902,5.171
21,0.7395964861,0.74,1,5.662,4.974
22,0.75,0.75,1,5.577,4.904
23,0.771894455,0.772,1,5.403,4.754
24,0.7994655371,0.799,1,5.185,4.567
25,0.8000000715,0.8,1,5.181,4.563
26,0.8001519442,0.8,1,5.18,4.562
27,0.8318652511,0.832,1,4.931,4.347
28,0.8500000238,0.85,1,4.789,4.223
29,0.8626320958,0.862,1,4.691,4.139
30,0.8895043731,0.889,1,4.481,3.957
31,0.8999999762,0.899,1,4.398,3.885
32,0.9123315215,0.912,1,4.3,3.802
33,0.9332897663,0.933,1,4.132,3.657
34,0.9499999285,0.95,1,3.993,3.538
35,0.9507160187,0.95,1,3.988,3.533
36,0.9671304226,0.967,1,3.849,3.417
37,0.9826735854,0.983,1,3.714,3.304
38,0.9962359667,0.996,1,3.593,3.204
39,1.0,1.0,1,3.56,3.175
40,1.0030758381,1.003,1,3.532,3.153
41,1.0159903765,1.016,1,3.415,3.058
42,1.0289199352,1.029,1,3.295,2.959
43,1.0402481556,1.04,1,3.186,2.868
44,1.0499608517,1.049,1,3.086,2.784
45,1.0499999523,1.05,1,3.085,2.784
46,1.0596165657,1.059,1,2.986,2.696
47,1.0609019995,1.06,1,2.972,2.684
48,1.0693262815,1.069,1,2.865,2.587
49,1.0712553263,1.071,1,2.834,2.56
50,1.074149847,1.074,2,2.799,2.526
51,1.080272913,1.08,2,2.725,2.454
52,1.0868620872,1.086,2,2.641,2.367
53,1.0939795971,1.093,2,2.543,2.26
54,1.099869132,1.099,2,2.452,2.149
55,1.1000000238,1.099,2,2.45,2.146
56,1.1050367355,1.104,2,2.366,2.017
57,1.1078522205,1.107,2,2.319,1.926
58,1.1098282337,1.109,2,2.289,1.853
59,1.1112041473,1.111,2,2.27,1.798
60,1.1125247478,1.112,2,2.256,1.745
61,1.1135712862,1.113,2,2.25,1.702
62,1.1144900322,1.114,2,2.25,1.67
63,1.1153973341,1.115,2,2.258,1.645
64,1.1162574291,1.116,2,2.271,1.626
65,1.1171036959,1.116,2,2.292,1.616
66,1.1179554462,1.117,2,2.312,1.609
67,1.1188137531,1.118,2,2.323,1.596
68,1.120051384,1.119,2,2.299,1.546
69,1.1205894947,1.12,2,2.278,1.515
70,1.1211789846,1.12,2,2.234,1.464
71,1.1223438978,1.122,3,2.136,1.354
72,1.1233061552,1.123,3,2.042,1.252
73,1.1242185831,1.124,3,1.946,1.149
74,1.125103116,1.124,3,1.846,1.042
75,1.1259335279,1.125,3,1.744,0.935
76,1.1267700195,1.126,3,1.636,0.82
77,1.1275304556,1.127,3,1.53,0.709
78,1.1282328367,1.128,3,1.426,0.599
79,1.1288691759,1.128,3,1.325,0.491
80,1.1294726133,1.129,3,1.222,0.382
81,1.1300634146,1.129,3,1.114,0.268
82,1.1305669546,1.13,3,1.014,0.162
83,1.131049037,1.13,3,0.913,0.054
84,1.1315037012,1.131,3,0.81,-0.056
85,1.1319189072,1.131,3,0.709,-0.164
86,1.1323056221,1.132,3,0.608,-0.272
87,1.1326627731,1.132,3,0.508,-0.38
88,1.1329879761,1.132,3,0.41,-0.485
89,1.1332985163,1.133,3,0.311,-0.592
90,1.1335823536,1.133,3,0.215,-0.697
91,1.1338490248,1.133,3,0.118,-0.802
92,1.1340944767,1.133,3,0.025,-0.904
93,1.134328723,1.134,3,-0.069,-1.007
94,1.1345462799,1.134,3,-0.153,-1.099
95,1.1347953081,1.134,3,-0.232,-1.186
96,1.1349140406,1.134,3,-0.262,-1.219
97,1.1350620985,1.134,3,-0.222,-1.174
98,1.1351940632,1.134,3,-0.132,-1.073
99,1.1352033615,1.134,3,-0.128,-1.068
100,1.1353787184,1.135,3,-0.218,-1.168
101,1.1355675459,1.135,3,-0.316,-1.276
102,1.1357425451,1.135,3,-0.411,-1.381
103,1.1359044313,1.135,3,-0.503,-1.484
104,1.1360569,1.135,3,-0.596,-1.588
105,1.1361973286,1.135,3,-0.687,-1.69
106,1.1363304853,1.136,3,-0.779,-1.793
107,1.1364525557,1.136,3,-0.867,-1.893
108,1.1365665197,1.136,3,-0.955,-1.993
109,1.1366705894,1.136,3,-1.04,-2.09
110,1.1367696524,1.136,3,-1.127,-2.189
111,1.1368604898,1.136,3,-1.212,-2.287
112,1.1369445324,1.136,3,-1.294,-2.382
113,1.1370247602,1.136,3,-1.376,-2.479
114,1.1370975971,1.136,3,-1.454,-2.572
115,1.1371674538,1.136,3,-1.535,-2.668
116,1.1372454166,1.137,3,-1.63,-2.783
117,1.1373046637,1.137,3,-1.705,-2.875
118,1.1373729706,1.137,3,-1.795,-2.987
119,1.1374346018,1.137,3,-1.881,-3.096
120,1.1374924183,1.137,3,-1.967,-3.205
121,1.1375361681,1.137,3,-2.038,-3.295
122,1.1375855207,1.137,3,-2.117,-3.4
123,1.1376318932,1.137,3,-2.192,-3.504
124,1.1376750469,1.137,3,-2.267,-3.609
125,1.1377152205,1.137,3,-2.341,-3.712
126,1.1377519369,1.137,3,-2.407,-3.81
127,1.1377869844,1.137,3,-2.473,-3.909
128,1.1378204823,1.137,3,-2.539,-4.008
129,1.1378474236,1.137,3,-2.589,-4.084
130,1.1378474236,1.137,4,0.256,-0.545
131,1.138081789,1.137,4,0.231,-0.575
132,1.13831532,1.137,4,0.22,-0.588
133,1.1385523081,1.138,4,0.21,-0.597
134,1.1387906075,1.138,4,0.202,-0.605
135,1.1390314102,1.138,4,0.195,-0.611
136,1.1392627954,1.138,4,0.188,-0.616
137,1.139497757,1.139,4,0.181,-0.621
138,1.1397339106,1.139,4,0.174,-0.626
139,1.1399770975,1.139,4,0.167,-0.632
140,1.1401988268,1.139,4,0.16,-0.637
141,1.140438199,1.14,4,0.153,-0.643
142,1.1406764984,1.14,4,0.146,-0.648
143,1.1409138441,1.14,4,0.139,-0.654
144,1.1411430836,1.14,4,0.132,-0.66
145,1.1411963701,1.14,4,0.131,-0.661
146,1.1412428617,1.14,4,0.129,-0.662
147,1.141476512,1.141,4,0.123,-0.668
148,1.1416991949,1.141,4,0.116,-0.673
149,1.141939044,1.141,4,0.109,-0.679
150,1.1421605349,1.141,4,0.103,-0.685
151,1.1423842907,1.142,4,0.097,-0.691
152,1.142609477,1.142,4,0.091,-0.697
153,1.1428334713,1.142,4,0.084,-0.703
154,1.1428530216,1.142,4,0.084,-0.704
155,1.1429737806,1.142,4,0.08,-0.707
156,1.143201232,1.142,4,0.073,-0.715
157,1.1434231997,1.143,4,0.067,-0.722
158,1.1436396837,1.143,4,0.059,-0.731
159,1.1438624859,1.143,4,0.052,-0.74
160,1.1440837383,1.143,4,0.044,-0.75
161,1.1443011761,1.143,4,0.036,-0.761
162,1.1445198059,1.144,4,0.026,-0.773
163,1.1447409391,1.144,4,0.015,-0.787
164,1.1449590921,1.144,4,0.002,-0.801
165,1.1451796293,1.144,4,-0.0,-0.807
166,1.1454069614,1.145,4,-0.029,-0.847
167,1.1456288099,1.145,4,-0.095,-0.932
168,1.1457275152,1.145,4,-0.172,-1.03
169,1.1457611322,1.145,4,-0.25,-1.124
170,1.1457738876,1.145,4,-0.327,-1.215
171,1.1457788944,1.145,7,-0.389,-1.287
172,1.1457805634,1.145,7,-0.42,-1.323
173,1.1457852125,1.145,7,-0.519,-1.437
174,1.1457890272,1.145,7,-0.588,-1.517
175,1.1457928419,1.145,7,-0.633,-1.568
176,1.1457984447,1.145,7,-0.649,-1.586
177,1.1458091736,1.144,7,-0.605,-1.535
178,1.145829916,1.144,7,-0.564,-1.489
179,1.1459223032,1.144,7,-0.595,-1.524
180,1.145981431,1.143,7,-0.661,-1.6
181,1.1460462809,1.143,7,-0.76,-1.715
182,1.1461075544,1.142,7,-0.874,-1.847
183,1.1461628675,1.141,7,-0.981,-1.97
184,1.1462118626,1.14,7,-1.078,-2.082
185,1.1462554932,1.138,7,-1.172,-2.191
186,1.1462938786,1.137,7,-1.26,-2.294
187,1.1463280916,1.135,7,-1.338,-2.397
188,1.1463583708,1.133,7,-1.414,-2.497
189,1.1463861465,1.131,7,-1.498,-2.598
190,1.146412015,1.128,7,-1.581,-2.7
191,1.1464362144,1.125,7,-1.664,-2.801
192,1.1464588642,1.122,7,-1.747,-2.903
193,1.1464796066,1.118,7,-1.826,-3.002
194,1.1464986801,1.113,7,-1.899,-3.097
195,1.1465178728,1.107,7,-1.971,-3.191
196,1.1465369463,1.1,7,-2.042,-3.285
197,1.1465560198,1.091,7,-2.111,-3.379
198,1.1465744972,1.08,7,-2.175,-3.474
199,1.1465907097,1.068,7,-2.244,-3.578
200,1.1466026306,1.057,7,-2.311,-3.681
201,1.1466126442,1.045,7,-2.369,-3.775
202,1.1466213465,1.031,7,-2.423,-3.869
203,1.1466298103,1.014,7,-2.479,-3.967
204,1.1466350555,1.001,7,-2.503,-4.014
205,1.1466366053,0.997,7,-2.562,-4.118
206,1.1466367245,0.996,7,-2.565,-4.125
207,1.1466368437,0.996,7,-2.551,-4.1
208,1.1466369629,0.996,7,-2.579,-4.152
209,1.1466370821,0.995,7,-2.577,-4.148
210,1.1466375589,0.994,7,-2.594,-4.184
211,1.1466380358,0.992,7,-2.616,-4.227
212,1.1466385126,0.99,7,-2.64,-4.277
213,1.1466392279,0.986,7,-2.663,-4.328
214,1.1466401815,0.98,7,-2.681,-4.377
215,1.1466418505,0.968,7,-2.698,-4.43
216,1.1466424465,0.963,7,-2.701,-4.443
