,Mini,Mass,label,Vmag,Imag
0,0.0900000036,0.09,1,16.108,12.41
1,0.093452096,0.093,1,15.563,12.116
2,0.1000000015,0.1,1,14.665,11.698
3,0.1199999899,0.12,1,13.347,10.958
4,0.1224903911,0.122,1,13.252,10.895
5,0.1400000006,0.14,1,12.646,10.482
6,0.1471755207,0.147,1,12.466,10.348
7,0.1599999964,0.16,1,12.165,10.125
8,0.2000000179,0.2,1,11.482,9.583
9,0.241689235,0.242,1,10.965,9.151
10,0.25,0.25,1,10.872,9.073
11,0.3000000119,0.3,1,10.405,8.66
12,0.3499999642,0.35,1,10.009,8.295
13,0.400000006,0.4,1,9.495,7.908
14,0.4499999881,0.45,1,8.95,7.482
15,0.5,0.5,1,8.33,7.019
16,0.5500000715,0.55,1,7.645,6.524
17,0.6000000238,0.6,1,7.051,6.071
18,0.6306147575,0.631,1,6.714,5.808
19,0.6499999762,0.65,1,6.515,5.65
20,0.6613188386,0.661,1,6.401,5.56
21,0.6879517436,0.688,1,6.148,5.356
22,0.6999999285,0.7,1,6.04,5.269
23,0.7221930027,0.722,1,5.845,5.11
24,0.7473460436,0.747,1,5.631,4.935
25,0.75,0.75,1,5.609,4.917
26,0.77085495,0.771,1,5.438,4.77
27,0.7957423925,0.796,1,5.236,4.596
28,0.8000000119,0.8,1,5.202,4.566
29,0.805321157,0.805,1,5.159,4.529
30,0.8322374821,0.832,1,4.942,4.339
31,0.8500000238,0.85,1,4.798,4.213
32,0.8606934547,0.86,1,4.712,4.138
33,0.8824319243,0.882,1,4.534,3.982
34,0.8999999762,0.899,1,4.389,3.854
35,0.9023345113,0.902,1,4.369,3.837
36,0.9203801751,0.92,1,4.216,3.702
37,0.9358718991,0.935,1,4.081,3.583
38,0.9499425292,0.949,1,3.954,3.471
39,0.9499999285,0.95,1,3.953,3.471
40,0.9518211484,0.951,1,3.937,3.457
41,0.9672051072,0.967,1,3.796,3.333
42,0.9817322493,0.982,1,3.66,3.214
43,0.9955071211,0.996,1,3.529,3.098
44,1.0,1.0,1,3.486,3.059
45,1.0021096468,1.002,1,3.466,3.041
46,1.0132814646,1.013,1,3.351,2.939
47,1.0227321386,1.023,1,3.247,2.845
48,1.0282274485,1.028,1,3.185,2.788
49,1.032725215,1.032,1,3.131,2.737
50,1.0397974253,1.039,1,3.043,2.652
51,1.046513319,1.046,1,2.958,2.566
52,1.0499999523,1.05,1,2.911,2.517
53,1.0507775545,1.05,1,2.901,2.505
54,1.0537798405,1.053,2,2.855,2.454
55,1.0590354204,1.059,2,2.777,2.363
56,1.0649372339,1.064,2,2.684,2.243
57,1.068999052,1.068,2,2.619,2.146
58,1.071947813,1.071,2,2.576,2.067
59,1.0736951828,1.073,2,2.556,2.018
60,1.075061202,1.074,2,2.546,1.982
61,1.0761058331,1.075,2,2.544,1.955
62,1.0772356987,1.077,2,2.55,1.93
63,1.0782161951,1.078,2,2.557,1.909
64,1.0790659189,1.078,2,2.566,1.892
65,1.0798399448,1.079,2,2.572,1.874
66,1.0805673599,1.08,2,2.58,1.861
67,1.0812858343,1.081,2,2.587,1.848
68,1.082187891,1.082,2,2.574,1.813
69,1.0832463503,1.083,2,2.52,1.741
70,1.0833756924,1.083,2,2.511,1.73
71,1.0842660666,1.084,3,2.433,1.641
72,1.0853050947,1.085,3,2.331,1.53
73,1.0861699581,1.085,3,2.237,1.428
74,1.0870904922,1.086,3,2.128,1.312
75,1.0879627466,1.087,3,2.016,1.193
76,1.0887551308,1.088,3,1.906,1.077
77,1.0894829035,1.089,3,1.798,0.963
78,1.0901548862,1.089,3,1.692,0.851
79,1.0908099413,1.09,3,1.581,0.733
80,1.0914041996,1.091,3,1.472,0.617
81,1.0919276476,1.091,3,1.368,0.507
82,1.09243083,1.092,3,1.26,0.393
83,1.0928839445,1.092,3,1.155,0.281
84,1.0932939053,1.093,3,1.054,0.172
85,1.0936799049,1.093,3,0.95,0.061
86,1.0940313339,1.093,3,0.85,-0.047
87,1.0943459272,1.094,3,0.753,-0.152
88,1.0946474075,1.094,3,0.654,-0.26
89,1.0949232578,1.094,3,0.556,-0.366
90,1.0951761007,1.094,3,0.461,-0.47
91,1.0954161882,1.095,3,0.365,-0.575
92,1.0956346989,1.095,3,0.273,-0.677
93,1.0958371162,1.095,3,0.184,-0.774
94,1.0960305929,1.095,3,0.1,-0.867
95,1.0962300301,1.095,3,0.019,-0.956
96,1.09643507,1.096,3,-0.039,-1.02
97,1.096501708,1.096,3,-0.024,-1.003
98,1.0966367722,1.096,3,0.052,-0.917
99,1.0967040062,1.096,3,0.102,-0.86
100,1.0967706442,1.096,3,0.065,-0.902
101,1.096938014,1.096,3,-0.03,-1.007
102,1.097102046,1.096,3,-0.125,-1.113
103,1.0972536802,1.096,3,-0.218,-1.217
104,1.0973981619,1.097,3,-0.312,-1.321
105,1.0975265503,1.097,3,-0.399,-1.42
106,1.09765172,1.097,3,-0.491,-1.524
107,1.097761631,1.097,3,-0.576,-1.621
108,1.097867012,1.097,3,-0.664,-1.721
109,1.097962141,1.097,3,-0.749,-1.818
110,1.0980511904,1.097,3,-0.832,-1.914
111,1.0981330872,1.097,3,-0.912,-2.008
112,1.0982106924,1.097,3,-0.994,-2.103
113,1.0982809067,1.097,3,-1.072,-2.195
114,1.0983470678,1.098,3,-1.151,-2.287
115,1.0984094143,1.098,3,-1.227,-2.379
116,1.0984805822,1.098,3,-1.316,-2.489
117,1.0985462666,1.098,3,-1.406,-2.601
118,1.0985953808,1.098,3,-1.477,-2.689
119,1.0986505747,1.098,3,-1.562,-2.796
120,1.0987020731,1.098,3,-1.642,-2.9
121,1.0987503529,1.098,3,-1.723,-3.005
122,1.0987943411,1.098,3,-1.801,-3.108
123,1.098834753,1.098,3,-1.878,-3.209
124,1.0988726616,1.098,3,-1.948,-3.308
125,1.0989079475,1.098,3,-2.015,-3.407
126,1.0989396572,1.098,3,-2.079,-3.501
127,1.0989698172,1.098,3,-2.143,-3.595
128,1.0989984274,1.098,3,-2.206,-3.69
129,1.0990253687,1.098,3,-2.266,-3.784
130,1.099050045,1.098,3,-2.323,-3.874
131,1.0990731716,1.098,3,-2.378,-3.962
132,1.0990952253,1.098,3,-2.429,-4.045
133,1.0991014242,1.098,3,-2.442,-4.068
134,1.0991014242,1.098,4,0.348,-0.485
135,1.0992820263,1.098,4,0.322,-0.516
136,1.0994657278,1.099,4,0.311,-0.529
137,1.099650979,1.099,4,0.302,-0.537
138,1.0998393297,1.099,4,0.296,-0.543
139,1.1000000238,1.099,4,0.292,-0.546
140,1.1000272036,1.099,4,0.291,-0.547
141,1.1002269983,1.1,4,0.286,-0.55
142,1.1004217863,1.1,4,0.281,-0.553
143,1.1006120443,1.1,4,0.277,-0.556
144,1.1007993221,1.1,4,0.273,-0.559
145,1.1010041237,1.1,4,0.267,-0.563
146,1.1012047529,1.101,4,0.262,-0.566
147,1.1013985872,1.101,4,0.257,-0.57
148,1.1015884876,1.101,4,0.252,-0.574
149,1.1017819643,1.101,4,0.247,-0.578
150,1.101806879,1.101,4,0.246,-0.579
151,1.1019746065,1.101,4,0.242,-0.582
152,1.1021769047,1.102,4,0.236,-0.587
153,1.1023739576,1.102,4,0.231,-0.592
154,1.1025722027,1.102,4,0.226,-0.597
155,1.1027753353,1.102,4,0.22,-0.602
156,1.1029731035,1.102,4,0.214,-0.608
157,1.1031708717,1.102,4,0.208,-0.614
158,1.1031821966,1.103,4,0.208,-0.614
159,1.1031999588,1.103,4,0.207,-0.615
160,1.1033810377,1.103,4,0.201,-0.621
161,1.1035622358,1.103,4,0.195,-0.628
162,1.1037478447,1.103,4,0.188,-0.635
163,1.1039344072,1.103,4,0.181,-0.644
164,1.1041173935,1.103,4,0.173,-0.654
165,1.10429883,1.104,4,0.164,-0.664
166,1.1044816971,1.104,4,0.154,-0.676
167,1.1046658754,1.104,4,0.143,-0.69
168,1.1048641205,1.104,4,0.129,-0.707
169,1.1050554514,1.104,4,0.115,-0.724
170,1.1052305698,1.105,4,0.121,-0.717
171,1.105420351,1.105,4,0.086,-0.761
172,1.1056051254,1.105,4,0.014,-0.852
173,1.1056867838,1.105,4,-0.061,-0.944
174,1.1057224274,1.105,4,-0.134,-1.032
175,1.105738759,1.105,4,-0.21,-1.123
176,1.1057462692,1.105,4,-0.284,-1.211
177,1.1057496071,1.105,4,-0.342,-1.279
178,1.1057497263,1.105,7,-0.343,-1.28
179,1.1057521105,1.105,7,-0.404,-1.351
180,1.1057560444,1.105,7,-0.497,-1.459
181,1.1057611704,1.105,7,-0.558,-1.531
182,1.105771184,1.105,7,-0.497,-1.459
183,1.1058534384,1.104,7,-0.5,-1.462
184,1.1059259176,1.103,7,-0.576,-1.552
185,1.1059710979,1.103,7,-0.659,-1.649
186,1.1060045958,1.102,7,-0.735,-1.738
187,1.1060444117,1.101,7,-0.834,-1.853
188,1.1060842276,1.1,7,-0.927,-1.964
189,1.106120348,1.099,7,-1.015,-2.067
190,1.1061538458,1.098,7,-1.101,-2.169
191,1.1061842442,1.096,7,-1.185,-2.27
192,1.1062119007,1.094,7,-1.267,-2.369
193,1.1062303782,1.093,7,-1.307,-2.44
194,1.1062530279,1.09,7,-1.383,-2.537
195,1.1062738895,1.088,7,-1.457,-2.632
196,1.1062935591,1.085,7,-1.532,-2.726
197,1.1063122749,1.081,7,-1.606,-2.821
198,1.1063294411,1.077,7,-1.68,-2.916
199,1.1063455343,1.073,7,-1.746,-3.006
200,1.1063616276,1.067,7,-1.813,-3.097
201,1.1063779593,1.059,7,-1.878,-3.187
202,1.1063941717,1.051,7,-1.939,-3.277
203,1.1064091921,1.04,7,-1.995,-3.367
204,1.1064207554,1.031,7,-2.053,-3.458
205,1.1064288616,1.022,7,-2.108,-3.546
206,1.1064370871,1.011,7,-2.161,-3.636
207,1.1064431667,1.0,7,-2.206,-3.716
208,1.106449604,0.987,7,-2.254,-3.804
209,1.1064542532,0.974,7,-2.298,-3.886
210,1.1064554453,0.97,7,-2.323,-3.932
211,1.1064562798,0.968,7,-2.215,-3.754
212,1.106456399,0.967,7,-2.25,-3.813
213,1.106456995,0.966,7,-2.263,-3.835
214,1.1064573526,0.965,7,-2.291,-3.882
215,1.1064577103,0.964,7,-2.315,-3.926
216,1.1064580679,0.962,7,-2.335,-3.968
217,1.1064585447,0.961,7,-2.354,-4.01
218,1.1064593792,0.957,7,-2.379,-4.067
219,1.1064605713,0.95,7,-2.404,-4.13
220,1.1064623594,0.937,7,-2.433,-4.213
221,1.1064630747,0.931,7,-2.437,-4.235
