,Mini,Mass,label,Vmag,Imag
0,0.0900000036,0.09,1,15.346,12.146
1,0.0943024531,0.094,1,14.695,11.844
2,0.1000000015,0.1,1,13.94,11.459
3,0.1031553298,0.103,1,13.736,11.337
4,0.1200000048,0.12,1,12.805,10.736
5,0.1400000006,0.14,1,12.192,10.279
6,0.1599999964,0.16,1,11.758,9.933
7,0.2000000179,0.2,1,11.128,9.397
8,0.2207108587,0.221,1,10.872,9.169
9,0.25,0.25,1,10.514,8.876
10,0.3000000417,0.3,1,10.0,8.458
11,0.3342065513,0.334,1,9.729,8.219
12,0.349999994,0.35,1,9.612,8.116
13,0.400000006,0.4,1,9.192,7.764
14,0.4500000179,0.45,1,8.675,7.353
15,0.5,0.5,1,8.068,6.896
16,0.5500000715,0.55,1,7.465,6.434
17,0.6000000238,0.6,1,6.932,6.008
18,0.6339406967,0.634,1,6.589,5.733
19,0.6499999762,0.65,1,6.438,5.611
20,0.6578380466,0.658,1,6.365,5.552
21,0.6922178268,0.692,1,6.06,5.305
22,0.6999999881,0.7,1,5.993,5.251
23,0.7309516668,0.731,1,5.737,5.041
24,0.75,0.75,1,5.584,4.915
25,0.7619094253,0.762,1,5.49,4.835
26,0.794203341,0.794,1,5.24,4.62
27,0.8000000119,0.8,1,5.195,4.581
28,0.8231918812,0.823,1,5.018,4.429
29,0.8500000238,0.85,1,4.813,4.252
30,0.8566693664,0.856,1,4.762,4.209
31,0.887714982,0.887,1,4.528,4.008
32,0.8999999762,0.899,1,4.435,3.928
33,0.9156502485,0.915,1,4.316,3.827
34,0.9393642545,0.939,1,4.134,3.673
35,0.9499999881,0.95,1,4.05,3.603
36,0.9594095349,0.959,1,3.977,3.542
37,0.9792075157,0.979,1,3.819,3.412
38,0.996273458,0.996,1,3.679,3.298
39,1.0,1.0,1,3.648,3.272
40,1.0049597025,1.005,1,3.608,3.24
41,1.0188871622,1.019,1,3.49,3.148
42,1.0324774981,1.032,1,3.372,3.056
43,1.0458492041,1.045,1,3.255,2.964
44,1.0499999523,1.05,1,3.218,2.934
45,1.0567440987,1.056,1,3.16,2.888
46,1.0652850866,1.065,1,3.084,2.826
47,1.0725877285,1.072,1,3.019,2.771
48,1.0822365284,1.082,1,2.934,2.698
49,1.0835222006,1.083,1,2.923,2.689
50,1.0917448997,1.091,1,2.822,2.608
51,1.0937125683,1.093,1,2.795,2.586
52,1.0973787308,1.097,2,2.758,2.554
53,1.1000000238,1.099,2,2.73,2.53
54,1.1099890471,1.109,2,2.617,2.422
55,1.1225399971,1.122,2,2.462,2.263
56,1.1327190399,1.132,2,2.316,2.093
57,1.1393898726,1.139,2,2.207,1.936
58,1.1433181763,1.143,2,2.139,1.808
59,1.1454581022,1.145,2,2.106,1.722
60,1.1469683647,1.146,2,2.088,1.653
61,1.148023963,1.147,2,2.081,1.603
62,1.1490404606,1.148,2,2.08,1.556
63,1.1498482227,1.149,2,2.082,1.521
64,1.1499999762,1.149,2,2.083,1.515
65,1.1514438391,1.151,2,2.107,1.479
66,1.152983427,1.152,2,2.141,1.454
67,1.1552128792,1.155,2,2.162,1.417
68,1.1555722952,1.155,2,2.156,1.404
69,1.1564209461,1.156,3,2.11,1.346
70,1.1576998234,1.157,3,2.017,1.241
71,1.1590284109,1.158,3,1.901,1.114
72,1.1601263285,1.16,3,1.794,0.999
73,1.1610357761,1.16,3,1.699,0.899
74,1.1619814634,1.161,3,1.594,0.787
75,1.1629197598,1.162,3,1.482,0.67
76,1.1637251377,1.163,3,1.38,0.562
77,1.1645129919,1.164,3,1.273,0.449
78,1.1651933193,1.165,3,1.173,0.343
79,1.1658798456,1.165,3,1.065,0.229
80,1.1664985418,1.166,3,0.961,0.119
81,1.1670575142,1.166,3,0.86,0.011
82,1.1675957441,1.167,3,0.756,-0.099
83,1.1680805683,1.167,3,0.655,-0.207
84,1.1685351133,1.168,3,0.553,-0.316
85,1.1689503193,1.168,3,0.454,-0.422
86,1.1693357229,1.169,3,0.355,-0.529
87,1.1696949005,1.169,3,0.256,-0.635
88,1.1700347662,1.169,3,0.157,-0.743
89,1.1703493595,1.17,3,0.059,-0.848
90,1.1706444025,1.17,3,-0.038,-0.954
91,1.1709138155,1.17,3,-0.132,-1.056
92,1.1711732149,1.171,3,-0.226,-1.159
93,1.1714321375,1.171,3,-0.309,-1.25
94,1.1716979742,1.171,3,-0.373,-1.32
95,1.1718608141,1.171,3,-0.325,-1.267
96,1.1720058918,1.171,3,-0.245,-1.176
97,1.172016263,1.171,3,-0.239,-1.171
98,1.1721078157,1.172,3,-0.282,-1.217
99,1.1723171473,1.172,3,-0.379,-1.324
100,1.1725229025,1.172,3,-0.476,-1.431
101,1.1727101803,1.172,3,-0.568,-1.533
102,1.1728870869,1.172,3,-0.66,-1.635
103,1.1730525494,1.172,3,-0.752,-1.737
104,1.1732031107,1.173,3,-0.841,-1.836
105,1.1733461618,1.173,3,-0.93,-1.937
106,1.173476696,1.173,3,-1.017,-2.035
107,1.1736000776,1.173,3,-1.103,-2.132
108,1.1737136841,1.173,3,-1.187,-2.228
109,1.1738206148,1.173,3,-1.271,-2.324
110,1.1739186049,1.173,3,-1.352,-2.417
111,1.1740102768,1.173,3,-1.434,-2.511
112,1.1740961075,1.173,3,-1.513,-2.604
113,1.1741756201,1.174,3,-1.589,-2.695
114,1.1742502451,1.174,3,-1.666,-2.786
115,1.1743195057,1.174,3,-1.74,-2.875
116,1.1743854284,1.174,3,-1.814,-2.964
117,1.174459219,1.174,3,-1.903,-3.072
118,1.1745152473,1.174,3,-1.971,-3.157
119,1.174580574,1.174,3,-2.055,-3.262
120,1.1746395826,1.174,3,-2.134,-3.364
121,1.1746946573,1.174,3,-2.213,-3.465
122,1.1747369766,1.174,3,-2.275,-3.547
123,1.1747846603,1.174,3,-2.345,-3.642
124,1.1748293638,1.174,3,-2.413,-3.738
125,1.1748714447,1.174,3,-2.48,-3.833
126,1.174910903,1.174,3,-2.546,-3.927
127,1.1749476194,1.174,3,-2.607,-4.015
128,1.1749783754,1.174,3,-2.654,-4.086
129,1.1749783754,1.174,4,0.202,-0.584
130,1.17525208,1.174,4,0.179,-0.613
131,1.17552495,1.175,4,0.168,-0.626
132,1.175801754,1.175,4,0.158,-0.636
133,1.1760802269,1.175,4,0.149,-0.645
134,1.1761797667,1.175,4,0.146,-0.647
135,1.1762390137,1.175,4,0.144,-0.649
136,1.176502943,1.176,4,0.136,-0.655
137,1.1767888069,1.176,4,0.128,-0.662
138,1.1770504713,1.176,4,0.12,-0.667
139,1.1773269176,1.177,4,0.112,-0.674
140,1.1776012182,1.177,4,0.104,-0.68
141,1.1778690815,1.177,4,0.097,-0.686
142,1.1781433821,1.177,4,0.089,-0.692
143,1.1784061193,1.178,4,0.081,-0.698
144,1.1786854267,1.178,4,0.074,-0.704
145,1.1789636612,1.178,4,0.066,-0.711
146,1.1790574789,1.178,4,0.064,-0.713
147,1.1791135073,1.178,4,0.062,-0.714
148,1.1793943644,1.179,4,0.055,-0.72
149,1.1796621084,1.179,4,0.047,-0.726
150,1.1799505949,1.179,4,0.04,-0.733
151,1.1802171469,1.179,4,0.033,-0.739
152,1.1804864407,1.18,4,0.026,-0.745
153,1.1807575226,1.18,4,0.019,-0.752
154,1.1810272932,1.18,4,0.013,-0.758
155,1.1810508966,1.18,4,0.012,-0.759
156,1.181191206,1.18,4,0.009,-0.762
157,1.1814552546,1.181,4,0.002,-0.77
158,1.181712985,1.181,4,-0.005,-0.777
159,1.1819642782,1.181,4,-0.012,-0.785
160,1.1822229624,1.181,4,-0.019,-0.795
161,1.1824797392,1.182,4,-0.027,-0.805
162,1.1827321053,1.182,4,-0.035,-0.815
163,1.1829857826,1.182,4,-0.043,-0.827
164,1.183242321,1.182,4,-0.053,-0.841
165,1.1834955215,1.183,4,-0.065,-0.856
166,1.1837513447,1.183,4,-0.071,-0.866
167,1.1840150356,1.183,4,-0.094,-0.899
168,1.1842724085,1.183,4,-0.151,-0.978
169,1.1843868494,1.184,4,-0.221,-1.068
170,1.1844258308,1.184,4,-0.289,-1.151
171,1.1844406128,1.184,4,-0.352,-1.227
172,1.184446454,1.184,7,-0.406,-1.289
173,1.1844483614,1.184,7,-0.435,-1.322
174,1.1844542027,1.184,7,-0.534,-1.436
175,1.1844588518,1.183,7,-0.613,-1.526
176,1.184463501,1.183,7,-0.678,-1.6
177,1.1844704151,1.183,7,-0.728,-1.656
178,1.1844834089,1.183,7,-0.678,-1.6
179,1.1845089197,1.183,7,-0.621,-1.534
180,1.1846219301,1.183,7,-0.653,-1.571
181,1.1846942902,1.182,7,-0.724,-1.653
182,1.1847736835,1.182,7,-0.821,-1.764
183,1.1848487854,1.181,7,-0.927,-1.885
184,1.1849164963,1.18,7,-1.029,-2.002
185,1.1849764585,1.179,7,-1.124,-2.111
186,1.1850298643,1.177,7,-1.218,-2.219
187,1.1850768328,1.176,7,-1.308,-2.324
188,1.1851189137,1.174,7,-1.385,-2.429
189,1.1851559877,1.173,7,-1.47,-2.531
190,1.1851899624,1.171,7,-1.557,-2.634
191,1.1852216721,1.168,7,-1.644,-2.737
192,1.1852511168,1.165,7,-1.728,-2.84
193,1.1852790117,1.162,7,-1.813,-2.944
194,1.1853044033,1.158,7,-1.897,-3.046
195,1.1853277683,1.154,7,-1.976,-3.145
196,1.1853512526,1.148,7,-2.052,-3.243
197,1.1853746176,1.141,7,-2.126,-3.339
198,1.1853979826,1.132,7,-2.198,-3.435
199,1.1854207516,1.122,7,-2.269,-3.534
200,1.1854405403,1.11,7,-2.339,-3.638
201,1.1854550838,1.099,7,-2.405,-3.738
202,1.1854673624,1.088,7,-2.468,-3.835
203,1.1854780912,1.075,7,-2.527,-3.93
204,1.1854883432,1.059,7,-2.576,-4.015
205,1.1854948997,1.047,7,-2.615,-4.085
206,1.1854966879,1.043,7,-2.639,-4.125
207,1.1854968071,1.043,7,-2.648,-4.14
208,1.1854969263,1.042,7,-2.636,-4.122
209,1.1854970455,1.042,7,-2.662,-4.164
210,1.1854971647,1.042,7,-2.669,-4.174
211,1.1854972839,1.042,7,-2.67,-4.176
212,1.18549788,1.04,7,-2.696,-4.219
213,1.185498476,1.039,7,-2.721,-4.266
214,1.1854990721,1.036,7,-2.744,-4.315
215,1.1854997873,1.034,7,-2.77,-4.369
216,1.1855010986,1.028,7,-2.792,-4.421
217,1.185503006,1.018,7,-2.814,-4.476
218,1.1855038404,1.013,7,-2.818,-4.49
