,Mini,Mass,label,Vmag,Imag
0,0.0900000036,0.09,1,15.419,12.165
1,0.0922547877,0.092,1,15.068,12.005
2,0.1000000015,0.1,1,14.011,11.484
3,0.1199999973,0.12,1,12.86,10.759
4,0.1400000006,0.14,1,12.24,10.301
5,0.1599999964,0.16,1,11.802,9.954
6,0.2000000179,0.2,1,11.164,9.418
7,0.25,0.25,1,10.566,8.899
8,0.3000000417,0.3,1,10.052,8.481
9,0.348172605,0.348,1,9.658,8.143
10,0.349999994,0.35,1,9.644,8.131
11,0.3840796351,0.384,1,9.352,7.886
12,0.400000006,0.4,1,9.224,7.78
13,0.4500000179,0.45,1,8.707,7.367
14,0.4981051087,0.498,1,8.114,6.923
15,0.5,0.5,1,8.091,6.906
16,0.5500000715,0.55,1,7.476,6.438
17,0.6000000238,0.6,1,6.937,6.008
18,0.6207060218,0.621,1,6.723,5.837
19,0.6499999762,0.65,1,6.437,5.608
20,0.6797501445,0.68,1,6.165,5.388
21,0.6999999881,0.7,1,5.988,5.245
22,0.7181504369,0.718,1,5.836,5.12
23,0.747333467,0.747,1,5.597,4.923
24,0.75,0.75,1,5.575,4.905
25,0.7800970078,0.78,1,5.337,4.701
26,0.8000000119,0.8,1,5.182,4.567
27,0.8086434007,0.808,1,5.114,4.509
28,0.8407860994,0.84,1,4.865,4.294
29,0.8500000238,0.85,1,4.793,4.232
30,0.8719492555,0.871,1,4.624,4.087
31,0.8992324471,0.899,1,4.413,3.905
32,0.8999999762,0.899,1,4.407,3.899
33,0.9224599004,0.922,1,4.231,3.75
34,0.9437378645,0.943,1,4.061,3.605
35,0.9499999881,0.95,1,4.01,3.561
36,0.9614412189,0.961,1,3.917,3.484
37,0.9781408906,0.978,1,3.777,3.368
38,0.9939562082,0.994,1,3.641,3.256
39,1.0,1.0,1,3.588,3.212
40,1.0009624958,1.001,1,3.58,3.206
41,1.0142856836,1.014,1,3.462,3.112
42,1.0273940563,1.027,1,3.344,3.017
43,1.0405179262,1.04,1,3.223,2.92
44,1.0499999523,1.05,1,3.133,2.846
45,1.0514880419,1.051,1,3.119,2.835
46,1.0587518215,1.058,1,3.047,2.774
47,1.0683498383,1.068,1,2.952,2.691
48,1.0696287155,1.069,1,2.94,2.68
49,1.0777199268,1.077,1,2.837,2.592
50,1.0796259642,1.079,1,2.809,2.568
51,1.0828082561,1.082,2,2.772,2.535
52,1.0895172358,1.089,2,2.696,2.463
53,1.096706152,1.096,2,2.609,2.378
54,1.1000000238,1.099,2,2.564,2.332
55,1.1066248417,1.106,2,2.472,2.229
56,1.1145912409,1.114,2,2.347,2.064
57,1.1192512512,1.119,2,2.268,1.934
58,1.1217800379,1.121,2,2.226,1.846
59,1.1235603094,1.123,2,2.2,1.774
60,1.1248027086,1.124,2,2.185,1.721
61,1.1259974241,1.125,2,2.176,1.668
62,1.1269454956,1.126,2,2.172,1.627
63,1.127779007,1.127,2,2.175,1.598
64,1.1286029816,1.128,2,2.184,1.573
65,1.1293852329,1.129,2,2.196,1.554
66,1.1301555634,1.129,2,2.212,1.54
67,1.1309318542,1.13,2,2.227,1.529
68,1.1317150593,1.131,2,2.237,1.517
69,1.1328458786,1.132,2,2.23,1.482
70,1.133338213,1.133,2,2.216,1.458
71,1.1339395046,1.133,3,2.175,1.41
72,1.1351277828,1.134,3,2.08,1.301
73,1.1361093521,1.135,3,1.986,1.199
74,1.1370401382,1.136,3,1.89,1.095
75,1.1379424334,1.137,3,1.789,0.988
76,1.1387895346,1.138,3,1.687,0.881
77,1.1396429539,1.139,3,1.578,0.765
78,1.1404187679,1.14,3,1.472,0.654
79,1.1411352158,1.14,3,1.367,0.543
80,1.1417843103,1.141,3,1.265,0.436
81,1.1424000263,1.142,3,1.162,0.326
82,1.1430027485,1.142,3,1.053,0.21
83,1.1435165405,1.143,3,0.953,0.105
84,1.1440082788,1.143,3,0.851,-0.004
85,1.1444722414,1.144,3,0.748,-0.114
86,1.1448959112,1.144,3,0.647,-0.223
87,1.145290494,1.145,3,0.545,-0.331
88,1.1456549168,1.145,3,0.444,-0.439
89,1.1459866762,1.145,3,0.346,-0.545
90,1.1463034153,1.146,3,0.247,-0.653
91,1.1465930939,1.146,3,0.15,-0.758
92,1.1468652487,1.146,3,0.053,-0.863
93,1.1471157074,1.146,3,-0.041,-0.965
94,1.1473546028,1.147,3,-0.135,-1.068
95,1.1475768089,1.147,3,-0.221,-1.162
96,1.1478307247,1.147,3,-0.302,-1.251
97,1.1479518414,1.147,3,-0.333,-1.285
98,1.1480996609,1.147,3,-0.292,-1.239
99,1.1482311487,1.147,3,-0.202,-1.139
100,1.1482405663,1.147,3,-0.198,-1.134
101,1.148416996,1.148,3,-0.288,-1.233
102,1.148607254,1.148,3,-0.387,-1.342
103,1.1487834454,1.148,3,-0.481,-1.446
104,1.1489464045,1.148,3,-0.573,-1.549
105,1.149099946,1.148,3,-0.665,-1.651
106,1.149241209,1.148,3,-0.756,-1.752
107,1.1493753195,1.149,3,-0.847,-1.855
108,1.1494982243,1.149,3,-0.935,-1.954
109,1.1496129036,1.149,3,-1.022,-2.053
110,1.1497176886,1.149,3,-1.106,-2.149
111,1.1498173475,1.149,3,-1.192,-2.246
112,1.1499089003,1.149,3,-1.275,-2.341
113,1.1499934196,1.149,3,-1.356,-2.436
114,1.1499999762,1.149,3,-1.363,-2.443
115,1.1500341892,1.149,3,-1.395,-2.481
116,1.1501151323,1.149,3,-1.474,-2.574
117,1.150190115,1.15,3,-1.552,-2.666
118,1.1502604485,1.15,3,-1.629,-2.758
119,1.1503256559,1.15,3,-1.703,-2.849
120,1.150387764,1.15,3,-1.779,-2.94
121,1.150457263,1.15,3,-1.867,-3.048
122,1.1505101919,1.15,3,-1.934,-3.134
123,1.1505717039,1.15,3,-2.02,-3.241
124,1.1506272554,1.15,3,-2.101,-3.345
125,1.1506792307,1.15,3,-2.181,-3.448
126,1.1507190466,1.15,3,-2.241,-3.531
127,1.1507639885,1.15,3,-2.312,-3.629
128,1.1508061886,1.15,3,-2.382,-3.727
129,1.1508458853,1.15,3,-2.45,-3.824
130,1.1508829594,1.15,3,-2.516,-3.92
131,1.1509175301,1.15,3,-2.577,-4.011
132,1.1509466171,1.15,3,-2.625,-4.084
133,1.1509466171,1.15,4,0.229,-0.563
134,1.1511951685,1.15,4,0.205,-0.593
135,1.1514427662,1.151,4,0.194,-0.605
136,1.1516941786,1.151,4,0.184,-0.615
137,1.1519469023,1.151,4,0.176,-0.623
138,1.1522022486,1.151,4,0.167,-0.63
139,1.1524478197,1.152,4,0.16,-0.636
140,1.1526969671,1.152,4,0.152,-0.642
141,1.1529474258,1.152,4,0.145,-0.647
142,1.153205514,1.152,4,0.137,-0.653
143,1.1534407139,1.153,4,0.129,-0.659
144,1.1536945105,1.153,4,0.122,-0.665
145,1.1539474726,1.153,4,0.114,-0.671
146,1.1541991234,1.153,4,0.106,-0.677
147,1.1544424295,1.154,4,0.099,-0.683
148,1.1544988155,1.154,4,0.097,-0.685
149,1.1545475721,1.154,4,0.096,-0.686
150,1.154791832,1.154,4,0.089,-0.692
151,1.1550247669,1.154,4,0.082,-0.697
152,1.1552755833,1.154,4,0.075,-0.703
153,1.1555072069,1.155,4,0.069,-0.709
154,1.1557412148,1.155,4,0.062,-0.715
155,1.1559766531,1.155,4,0.056,-0.721
156,1.1562107801,1.155,4,0.049,-0.728
157,1.1562312841,1.155,4,0.049,-0.728
158,1.1563551426,1.155,4,0.045,-0.732
159,1.1565879583,1.156,4,0.039,-0.739
160,1.1568154097,1.156,4,0.032,-0.747
161,1.1570371389,1.156,4,0.025,-0.755
162,1.1572653055,1.156,4,0.018,-0.764
163,1.1574918032,1.157,4,0.01,-0.774
164,1.1577143669,1.157,4,0.002,-0.785
165,1.1579381227,1.157,4,-0.007,-0.797
166,1.158164382,1.157,4,-0.017,-0.81
167,1.1583877802,1.157,4,-0.03,-0.825
168,1.1586133242,1.158,4,-0.035,-0.834
169,1.1588459015,1.158,4,-0.06,-0.871
170,1.1590727568,1.158,4,-0.122,-0.952
171,1.159173727,1.158,4,-0.195,-1.046
172,1.1592080593,1.158,4,-0.268,-1.134
173,1.1592211723,1.158,4,-0.337,-1.216
174,1.1592262983,1.158,7,-0.395,-1.284
175,1.1592279673,1.158,7,-0.424,-1.318
176,1.1592329741,1.158,7,-0.524,-1.433
177,1.1592370272,1.158,7,-0.599,-1.518
178,1.1592410803,1.158,7,-0.657,-1.584
179,1.1592469215,1.158,7,-0.7,-1.632
180,1.1592582464,1.158,7,-0.647,-1.572
181,1.1592801809,1.158,7,-0.589,-1.506
182,1.1593776941,1.157,7,-0.624,-1.547
183,1.1594401598,1.157,7,-0.696,-1.63
184,1.1595087051,1.156,7,-0.794,-1.741
185,1.1595734358,1.155,7,-0.902,-1.866
186,1.1596318483,1.154,7,-1.005,-1.985
187,1.1596835852,1.153,7,-1.101,-2.095
188,1.1597297192,1.152,7,-1.194,-2.203
189,1.1597702503,1.15,7,-1.285,-2.307
190,1.1598064899,1.149,7,-1.361,-2.41
191,1.159838438,1.147,7,-1.442,-2.512
192,1.1598677635,1.144,7,-1.528,-2.615
193,1.1598949432,1.142,7,-1.613,-2.716
194,1.1599205732,1.139,7,-1.696,-2.818
195,1.1599445343,1.135,7,-1.78,-2.921
196,1.1599664688,1.131,7,-1.863,-3.023
197,1.1599866152,1.127,7,-1.939,-3.119
198,1.1600068808,1.121,7,-2.013,-3.215
199,1.1600270271,1.114,7,-2.085,-3.31
200,1.1600471735,1.105,7,-2.156,-3.405
201,1.1600667238,1.094,7,-2.224,-3.503
202,1.16008389,1.082,7,-2.293,-3.607
203,1.1600964069,1.071,7,-2.36,-3.708
204,1.1601070166,1.058,7,-2.422,-3.804
205,1.1601161957,1.045,7,-2.478,-3.898
206,1.1601251364,1.028,7,-2.531,-3.993
207,1.1601307392,1.015,7,-2.559,-4.046
208,1.1601322889,1.011,7,-2.609,-4.128
209,1.1601324081,1.011,7,-2.61,-4.13
210,1.1601325274,1.01,7,-2.596,-4.108
211,1.1601326466,1.01,7,-2.632,-4.168
212,1.1601327658,1.01,7,-2.629,-4.162
213,1.160132885,1.01,7,-2.623,-4.153
214,1.1601332426,1.008,7,-2.644,-4.192
215,1.1601338387,1.006,7,-2.668,-4.241
216,1.1601343155,1.004,7,-2.694,-4.294
217,1.1601350307,1.001,7,-2.719,-4.348
218,1.1601361036,0.995,7,-2.741,-4.4
219,1.1601377726,0.983,7,-2.761,-4.454
