,Mini,Mass,label,Vmag,Imag
0,0.0900000036,0.09,1,15.573,12.205
1,0.0930160284,0.093,1,15.108,11.994
2,0.1000000089,0.1,1,14.163,11.535
3,0.1199999899,0.12,1,12.973,10.807
4,0.1400000006,0.14,1,12.338,10.345
5,0.1599999964,0.16,1,11.892,9.998
6,0.2000000179,0.2,1,11.242,9.466
7,0.25,0.25,1,10.664,8.952
8,0.3000000417,0.3,1,10.165,8.537
9,0.3499999642,0.35,1,9.719,8.168
10,0.3948710859,0.395,1,9.335,7.849
11,0.4000000358,0.4,1,9.294,7.816
12,0.4500000179,0.45,1,8.777,7.402
13,0.5,0.5,1,8.153,6.936
14,0.5500000715,0.55,1,7.516,6.46
15,0.6000000238,0.6,1,6.967,6.027
16,0.6264820695,0.626,1,6.692,5.808
17,0.6499999762,0.65,1,6.461,5.624
18,0.6521100998,0.652,1,6.441,5.608
19,0.6860635281,0.686,1,6.131,5.357
20,0.6999999285,0.7,1,6.009,5.259
21,0.7245764732,0.725,1,5.804,5.091
22,0.75,0.75,1,5.597,4.921
23,0.755151391,0.755,1,5.556,4.886
24,0.7870439291,0.787,1,5.306,4.672
25,0.8000000715,0.8,1,5.206,4.585
26,0.8157035112,0.815,1,5.085,4.481
27,0.8480252624,0.848,1,4.837,4.266
28,0.8500000238,0.85,1,4.822,4.253
29,0.8792739511,0.879,1,4.599,4.061
30,0.8999999762,0.899,1,4.441,3.924
31,0.9066929817,0.906,1,4.39,3.88
32,0.9300093055,0.929,1,4.209,3.726
33,0.9499999881,0.95,1,4.052,3.591
34,0.9690905809,0.969,1,3.899,3.463
35,0.9858044386,0.986,1,3.761,3.348
36,1.0,1.0,1,3.642,3.249
37,1.0083819628,1.008,1,3.571,3.192
38,1.0217443705,1.022,1,3.456,3.099
39,1.0348911285,1.035,1,3.341,3.006
40,1.0480530262,1.048,1,3.224,2.911
41,1.0499999523,1.05,1,3.206,2.895
42,1.0572042465,1.057,1,3.142,2.842
43,1.0646181107,1.064,1,3.073,2.784
44,1.0744154453,1.074,1,2.984,2.706
45,1.0757210255,1.075,1,2.973,2.695
46,1.0838764906,1.083,1,2.867,2.609
47,1.0857383013,1.085,1,2.835,2.582
48,1.0891580582,1.088,2,2.798,2.548
49,1.0963798761,1.096,2,2.721,2.477
50,1.1000000238,1.099,2,2.68,2.437
51,1.107406497,1.107,2,2.589,2.343
52,1.1192164421,1.119,2,2.43,2.159
53,1.1267622709,1.126,2,2.315,1.993
54,1.1311368942,1.13,2,2.247,1.863
55,1.1334991455,1.133,2,2.215,1.777
56,1.1351574659,1.134,2,2.197,1.714
57,1.1363124847,1.136,2,2.191,1.671
58,1.1374213696,1.137,2,2.192,1.633
59,1.1383001804,1.138,2,2.196,1.605
60,1.1390719414,1.138,2,2.21,1.591
61,1.1398340464,1.139,2,2.228,1.581
62,1.1405568123,1.14,2,2.243,1.572
63,1.1412678957,1.141,2,2.258,1.564
64,1.1419839859,1.141,2,2.266,1.552
65,1.1427055597,1.142,2,2.265,1.534
66,1.143746376,1.143,2,2.255,1.502
67,1.1441988945,1.143,2,2.246,1.484
68,1.1448341608,1.144,3,2.204,1.435
69,1.1460891962,1.145,3,2.108,1.327
70,1.147125721,1.146,3,2.016,1.227
71,1.1481086016,1.147,3,1.922,1.125
72,1.149061203,1.148,3,1.823,1.021
73,1.1499553919,1.149,3,1.724,0.915
74,1.1499999762,1.149,3,1.719,0.91
75,1.1503391266,1.15,3,1.682,0.871
76,1.1512869596,1.151,3,1.573,0.755
77,1.152100563,1.151,3,1.472,0.649
78,1.1528964043,1.152,3,1.366,0.538
79,1.153583765,1.153,3,1.268,0.433
80,1.1542774439,1.154,3,1.161,0.321
81,1.1549024582,1.154,3,1.059,0.212
82,1.1554672718,1.155,3,0.959,0.105
83,1.1560111046,1.155,3,0.856,-0.004
84,1.1565010548,1.156,3,0.756,-0.111
85,1.1569602489,1.156,3,0.656,-0.218
86,1.1573798656,1.157,3,0.558,-0.324
87,1.1577693224,1.157,3,0.46,-0.429
88,1.1581323147,1.158,3,0.362,-0.534
89,1.1584756374,1.158,3,0.265,-0.64
90,1.1587936878,1.158,3,0.168,-0.745
91,1.1590918303,1.158,3,0.073,-0.849
92,1.1593641043,1.159,3,-0.019,-0.95
93,1.1596262455,1.159,3,-0.11,-1.05
94,1.1598879099,1.159,3,-0.189,-1.137
95,1.1601564884,1.16,3,-0.251,-1.204
96,1.1603285074,1.16,3,-0.209,-1.157
97,1.1604815722,1.16,3,-0.123,-1.061
98,1.1604924202,1.16,3,-0.119,-1.056
99,1.1605877876,1.16,3,-0.161,-1.102
100,1.1608057022,1.16,3,-0.257,-1.209
101,1.1610199213,1.16,3,-0.354,-1.316
102,1.1612148285,1.161,3,-0.447,-1.419
103,1.1613991261,1.161,3,-0.541,-1.523
104,1.1615713835,1.161,3,-0.634,-1.627
105,1.1617282629,1.161,3,-0.724,-1.728
106,1.1618771553,1.161,3,-0.814,-1.83
107,1.1620130539,1.161,3,-0.901,-1.929
108,1.1621415615,1.162,3,-0.989,-2.028
109,1.1622598171,1.162,3,-1.075,-2.127
110,1.1623712778,1.162,3,-1.161,-2.226
111,1.162473321,1.162,3,-1.245,-2.322
112,1.1625689268,1.162,3,-1.328,-2.418
113,1.1626582146,1.162,3,-1.408,-2.514
114,1.1627411842,1.162,3,-1.488,-2.608
115,1.1628189087,1.162,3,-1.567,-2.703
116,1.1628909111,1.162,3,-1.644,-2.796
117,1.1629596949,1.162,3,-1.721,-2.89
118,1.1630365849,1.162,3,-1.809,-3.0
119,1.1630949974,1.162,3,-1.879,-3.089
120,1.1631630659,1.163,3,-1.968,-3.201
121,1.1632244587,1.163,3,-2.053,-3.309
122,1.1632817984,1.163,3,-2.133,-3.415
123,1.1633259058,1.163,3,-2.196,-3.502
124,1.1633756161,1.163,3,-2.27,-3.605
125,1.1634221077,1.163,3,-2.344,-3.709
126,1.1634660959,1.163,3,-2.413,-3.811
127,1.1635071039,1.163,3,-2.481,-3.912
128,1.1635453701,1.163,3,-2.546,-4.009
129,1.1635775566,1.163,3,-2.597,-4.088
130,1.1635775566,1.163,4,0.243,-0.558
131,1.1638505459,1.163,4,0.219,-0.588
132,1.1640936136,1.163,4,0.208,-0.599
133,1.164337635,1.164,4,0.2,-0.609
134,1.1645883322,1.164,4,0.192,-0.616
135,1.164837122,1.164,4,0.185,-0.622
136,1.1650863886,1.164,4,0.178,-0.628
137,1.1653562784,1.165,4,0.171,-0.633
138,1.1656032801,1.165,4,0.164,-0.638
139,1.1658643484,1.165,4,0.157,-0.644
140,1.1661233902,1.165,4,0.15,-0.65
141,1.1663762331,1.166,4,0.143,-0.655
142,1.1666351557,1.166,4,0.136,-0.661
143,1.1668832302,1.166,4,0.129,-0.666
144,1.1671469212,1.166,4,0.122,-0.672
145,1.1674095392,1.167,4,0.115,-0.678
146,1.1674981117,1.167,4,0.112,-0.68
147,1.1675519943,1.167,4,0.111,-0.681
148,1.1678222418,1.167,4,0.104,-0.688
149,1.1680798531,1.167,4,0.097,-0.693
150,1.1683573723,1.168,4,0.09,-0.7
151,1.168613553,1.168,4,0.083,-0.706
152,1.1688724756,1.168,4,0.077,-0.712
153,1.1691329479,1.168,4,0.07,-0.718
154,1.1693921089,1.169,4,0.063,-0.725
155,1.1694148779,1.169,4,0.063,-0.725
156,1.1695529222,1.169,4,0.059,-0.729
157,1.1698125601,1.169,4,0.052,-0.737
158,1.1700657606,1.169,4,0.046,-0.744
159,1.1703122854,1.17,4,0.038,-0.752
160,1.1705659628,1.17,4,0.031,-0.761
161,1.1708174944,1.17,4,0.023,-0.771
162,1.1710643768,1.17,4,0.015,-0.782
163,1.1713122129,1.171,4,0.005,-0.795
164,1.1715627909,1.171,4,-0.005,-0.809
165,1.1718097925,1.171,4,-0.02,-0.825
166,1.1720590591,1.171,4,-0.021,-0.829
167,1.172315836,1.172,4,-0.048,-0.867
168,1.1725661755,1.172,4,-0.111,-0.95
169,1.1726773977,1.172,4,-0.187,-1.045
170,1.1727153063,1.172,4,-0.263,-1.137
171,1.1727296114,1.172,4,-0.338,-1.226
172,1.1727352142,1.172,4,-0.397,-1.295
173,1.1727353334,1.172,7,-0.398,-1.296
174,1.1727371216,1.172,7,-0.429,-1.332
175,1.1727426052,1.172,7,-0.528,-1.446
176,1.172747016,1.172,7,-0.599,-1.527
177,1.1727513075,1.172,7,-0.645,-1.58
178,1.172757864,1.172,7,-0.662,-1.599
179,1.1727701426,1.172,7,-0.635,-1.568
180,1.1727942228,1.171,7,-0.6,-1.528
181,1.1729007959,1.171,7,-0.619,-1.55
182,1.1729691029,1.17,7,-0.678,-1.618
183,1.1730440855,1.17,7,-0.773,-1.727
184,1.173115015,1.169,7,-0.882,-1.854
185,1.1731790304,1.168,7,-0.989,-1.977
186,1.1732356548,1.167,7,-1.085,-2.088
187,1.1732860804,1.166,7,-1.178,-2.196
188,1.1733304262,1.164,7,-1.265,-2.299
189,1.1733701229,1.163,7,-1.343,-2.401
190,1.1734050512,1.161,7,-1.421,-2.502
191,1.1734371185,1.159,7,-1.505,-2.603
192,1.1734670401,1.157,7,-1.589,-2.704
193,1.1734950542,1.154,7,-1.672,-2.805
194,1.1735213995,1.151,7,-1.755,-2.908
195,1.1735452414,1.147,7,-1.835,-3.008
196,1.1735674143,1.142,7,-1.908,-3.102
197,1.1735895872,1.137,7,-1.981,-3.197
198,1.1736116409,1.13,7,-2.053,-3.292
199,1.1736336946,1.122,7,-2.123,-3.386
200,1.1736552715,1.112,7,-2.188,-3.482
201,1.1736739874,1.101,7,-2.255,-3.583
202,1.1736876965,1.091,7,-2.322,-3.683
203,1.1736992598,1.08,7,-2.381,-3.779
204,1.1737093925,1.068,7,-2.436,-3.872
205,1.1737191677,1.053,7,-2.488,-3.962
206,1.1737252474,1.042,7,-2.542,-4.056
207,1.1737270355,1.038,7,-2.569,-4.105
208,1.1737271547,1.038,7,-2.575,-4.115
209,1.1737272739,1.038,7,-2.573,-4.112
210,1.1737273932,1.037,7,-2.585,-4.132
211,1.1737275124,1.037,7,-2.587,-4.136
212,1.1737276316,1.037,7,-2.588,-4.137
213,1.1737281084,1.036,7,-2.602,-4.164
214,1.1737285852,1.034,7,-2.617,-4.196
215,1.1737291813,1.032,7,-2.641,-4.243
216,1.1737300158,1.03,7,-2.666,-4.295
217,1.1737312078,1.024,7,-2.692,-4.353
218,1.173732996,1.015,7,-2.713,-4.412
219,1.1737337112,1.01,7,-2.719,-4.431
