,Mini,Mass,label,Vmag,Imag
0,0.0900000036,0.09,1,15.235,12.122
1,0.0915051475,0.092,1,15.0,12.013
2,0.1000000089,0.1,1,13.822,11.419
3,0.1200000048,0.12,1,12.712,10.695
4,0.1400000006,0.14,1,12.112,10.24
5,0.1600000113,0.16,1,11.68,9.894
6,0.1708860248,0.171,1,11.495,9.735
7,0.2000000179,0.2,1,11.058,9.351
8,0.25,0.25,1,10.411,8.824
9,0.3000000417,0.3,1,9.926,8.414
10,0.3398557305,0.34,1,9.62,8.145
11,0.349999994,0.35,1,9.547,8.081
12,0.3819522858,0.382,1,9.272,7.851
13,0.4000000358,0.4,1,9.128,7.73
14,0.4291956425,0.429,1,8.818,7.485
15,0.4500000179,0.45,1,8.61,7.319
16,0.4624764621,0.462,1,8.454,7.201
17,0.5,0.5,1,8.013,6.866
18,0.5500000715,0.55,1,7.426,6.409
19,0.6000000238,0.6,1,6.898,5.984
20,0.6151522398,0.615,1,6.743,5.86
21,0.6499999762,0.65,1,6.406,5.588
22,0.6727429032,0.673,1,6.199,5.42
23,0.6999999881,0.7,1,5.961,5.226
24,0.7110551596,0.711,1,5.867,5.15
25,0.7399740219,0.74,1,5.628,4.952
26,0.75,0.75,1,5.546,4.884
27,0.7724238038,0.772,1,5.367,4.731
28,0.8000000715,0.8,1,5.149,4.543
29,0.8008475304,0.801,1,5.143,4.538
30,0.8328230977,0.832,1,4.891,4.321
31,0.8500000238,0.85,1,4.755,4.204
32,0.8638959527,0.863,1,4.647,4.112
33,0.8911089301,0.89,1,4.434,3.928
34,0.8999999762,0.899,1,4.363,3.867
35,0.9142349958,0.914,1,4.25,3.772
36,0.9354594946,0.935,1,4.077,3.626
37,0.9500000477,0.95,1,3.956,3.524
38,0.9531226754,0.953,1,3.93,3.502
39,0.9698424339,0.97,1,3.787,3.385
40,0.9856801629,0.986,1,3.647,3.271
41,0.9995036721,1.0,1,3.522,3.17
42,1.0,1.0,1,3.518,3.166
43,1.0063234568,1.006,1,3.46,3.121
44,1.0194095373,1.019,1,3.337,3.025
45,1.0325114727,1.032,1,3.213,2.926
46,1.0439913273,1.044,1,3.099,2.834
47,1.0499999523,1.05,1,3.036,2.782
48,1.0527544022,1.052,1,3.007,2.758
49,1.0621030331,1.062,1,2.906,2.67
50,1.0633485317,1.063,1,2.893,2.659
51,1.0709086657,1.07,1,2.796,2.573
52,1.072770834,1.072,1,2.772,2.552
53,1.0757005215,1.075,2,2.737,2.519
54,1.0818610191,1.081,2,2.661,2.447
55,1.0884376764,1.088,2,2.574,2.361
56,1.0954837799,1.095,2,2.472,2.253
57,1.1000000238,1.099,2,2.397,2.164
58,1.1016657352,1.101,2,2.368,2.13
59,1.1064896584,1.106,2,2.28,2.001
60,1.1091258526,1.108,2,2.229,1.911
61,1.110989809,1.11,2,2.193,1.834
62,1.1122943163,1.112,2,2.17,1.771
63,1.1135517359,1.113,2,2.152,1.704
64,1.1145515442,1.114,2,2.139,1.648
65,1.1154321432,1.115,2,2.133,1.602
66,1.11630404,1.116,2,2.13,1.559
67,1.1171329021,1.116,2,2.135,1.527
68,1.1179504395,1.117,2,2.148,1.502
69,1.1187754869,1.118,2,2.168,1.489
70,1.1196089983,1.119,2,2.19,1.482
71,1.1208146811,1.12,2,2.188,1.446
72,1.1213402748,1.121,2,2.167,1.414
73,1.1219003201,1.121,3,2.129,1.367
74,1.1230069399,1.122,3,2.032,1.257
75,1.1239212751,1.123,3,1.936,1.152
76,1.1247885227,1.124,3,1.837,1.046
77,1.1256293058,1.125,3,1.733,0.936
78,1.126418829,1.126,3,1.629,0.825
79,1.1272141933,1.126,3,1.517,0.707
80,1.1279375553,1.127,3,1.408,0.593
81,1.1286056042,1.128,3,1.301,0.48
82,1.1292108297,1.128,3,1.197,0.371
83,1.1297850609,1.129,3,1.092,0.259
84,1.1303472519,1.13,3,0.981,0.141
85,1.1308264732,1.13,3,0.879,0.033
86,1.1312851906,1.131,3,0.775,-0.077
87,1.1317180395,1.131,3,0.67,-0.189
88,1.1321132183,1.131,3,0.566,-0.3
89,1.1324814558,1.132,3,0.463,-0.411
90,1.1328215599,1.132,3,0.359,-0.521
91,1.1331311464,1.132,3,0.259,-0.629
92,1.1334267855,1.133,3,0.157,-0.739
93,1.1336970329,1.133,3,0.057,-0.847
94,1.1339510679,1.133,3,-0.041,-0.954
95,1.1341848373,1.133,3,-0.138,-1.059
96,1.1344078779,1.134,3,-0.236,-1.166
97,1.1346151829,1.134,3,-0.329,-1.267
98,1.1348522902,1.134,3,-0.417,-1.364
99,1.1349654198,1.134,3,-0.446,-1.395
100,1.1350951195,1.134,3,-0.399,-1.343
101,1.1352105141,1.134,3,-0.315,-1.249
102,1.1352187395,1.134,3,-0.309,-1.243
103,1.1353753805,1.135,3,-0.4,-1.342
104,1.1355441809,1.135,3,-0.498,-1.451
105,1.1357005835,1.135,3,-0.592,-1.554
106,1.1358451843,1.135,3,-0.683,-1.655
107,1.1359814405,1.135,3,-0.774,-1.757
108,1.1361068487,1.135,3,-0.863,-1.856
109,1.1362258196,1.135,3,-0.953,-1.956
110,1.1363348961,1.136,3,-1.04,-2.054
111,1.1364367008,1.136,3,-1.126,-2.151
112,1.1365295649,1.136,3,-1.208,-2.245
113,1.1366180182,1.136,3,-1.291,-2.34
114,1.1366991997,1.136,3,-1.372,-2.432
115,1.1367743015,1.136,3,-1.451,-2.523
116,1.1368460655,1.136,3,-1.531,-2.616
117,1.1369110346,1.136,3,-1.606,-2.705
118,1.136973381,1.136,3,-1.682,-2.796
119,1.1370429993,1.136,3,-1.771,-2.903
120,1.1370960474,1.136,3,-1.843,-2.989
121,1.1371569633,1.136,3,-1.931,-3.096
122,1.1372119188,1.136,3,-2.014,-3.198
123,1.1372636557,1.137,3,-2.093,-3.298
124,1.1373027563,1.137,3,-2.157,-3.379
125,1.1373467445,1.137,3,-2.231,-3.474
126,1.1373882294,1.137,3,-2.303,-3.57
127,1.137426734,1.137,3,-2.372,-3.664
128,1.137462616,1.137,3,-2.437,-3.755
129,1.1374955177,1.137,3,-2.499,-3.842
130,1.1375266314,1.137,3,-2.56,-3.929
131,1.1375565529,1.137,3,-2.619,-4.013
132,1.1375806332,1.137,3,-2.665,-4.08
133,1.1375806332,1.137,4,0.211,-0.568
134,1.1378113031,1.137,4,0.186,-0.599
135,1.1380426884,1.137,4,0.176,-0.611
136,1.138277173,1.137,4,0.166,-0.621
137,1.1384886503,1.138,4,0.158,-0.628
138,1.1387022734,1.138,4,0.151,-0.635
139,1.1389399767,1.138,4,0.143,-0.641
140,1.1391503811,1.138,4,0.136,-0.646
141,1.1393623352,1.138,4,0.129,-0.651
142,1.1394320726,1.139,4,0.126,-0.653
143,1.139464736,1.139,4,0.125,-0.654
144,1.1397155523,1.139,4,0.117,-0.66
145,1.1399440765,1.139,4,0.11,-0.665
146,1.1401908398,1.139,4,0.102,-0.671
147,1.1404366493,1.14,4,0.095,-0.677
148,1.140681386,1.14,4,0.087,-0.683
149,1.1409178972,1.14,4,0.08,-0.688
150,1.1409727335,1.14,4,0.079,-0.69
151,1.141020298,1.14,4,0.077,-0.691
152,1.1412588358,1.14,4,0.07,-0.697
153,1.1414862871,1.141,4,0.063,-0.702
154,1.1417312622,1.141,4,0.056,-0.708
155,1.1419575214,1.141,4,0.05,-0.714
156,1.1421859264,1.141,4,0.044,-0.72
157,1.1424157619,1.142,4,0.037,-0.726
158,1.1426445246,1.142,4,0.031,-0.732
159,1.1426645517,1.142,4,0.03,-0.733
160,1.1427824497,1.142,4,0.027,-0.736
161,1.1430044174,1.142,4,0.02,-0.743
162,1.1432210207,1.142,4,0.014,-0.751
163,1.1434321404,1.143,4,0.007,-0.759
164,1.1436494589,1.143,4,-0.0,-0.768
165,1.1438651085,1.143,4,-0.007,-0.777
166,1.1440769434,1.143,4,-0.015,-0.787
167,1.1442898512,1.143,4,-0.024,-0.799
168,1.144505024,1.144,4,-0.034,-0.813
169,1.1447174549,1.144,4,-0.043,-0.826
170,1.1449319124,1.144,4,-0.056,-0.846
171,1.1451530457,1.144,4,-0.081,-0.881
172,1.1453686953,1.145,4,-0.139,-0.96
173,1.1454645395,1.145,4,-0.209,-1.05
174,1.1454972029,1.145,4,-0.279,-1.135
175,1.1455096006,1.145,4,-0.343,-1.211
176,1.1455144882,1.145,7,-0.388,-1.265
177,1.1455161572,1.145,7,-0.416,-1.297
178,1.1455210447,1.145,7,-0.518,-1.414
179,1.1455249786,1.145,7,-0.605,-1.513
180,1.1455290318,1.144,7,-0.688,-1.606
181,1.145534873,1.144,7,-0.762,-1.69
182,1.1455458403,1.144,7,-0.691,-1.609
183,1.1455675364,1.144,7,-0.613,-1.52
184,1.145663619,1.143,7,-0.651,-1.564
185,1.145725131,1.143,7,-0.735,-1.661
186,1.1457926035,1.142,7,-0.831,-1.77
187,1.1458563805,1.141,7,-0.931,-1.884
188,1.1459139585,1.14,7,-1.026,-1.992
189,1.1459649801,1.139,7,-1.119,-2.098
190,1.1460102797,1.138,7,-1.211,-2.205
191,1.1460502148,1.136,7,-1.303,-2.309
192,1.1460858583,1.134,7,-1.378,-2.414
193,1.1461174488,1.132,7,-1.464,-2.516
194,1.1461462975,1.13,7,-1.551,-2.619
195,1.1461731195,1.127,7,-1.637,-2.722
196,1.1461982727,1.124,7,-1.722,-2.824
197,1.1462219954,1.121,7,-1.806,-2.926
198,1.1462435722,1.116,7,-1.889,-3.028
199,1.146263361,1.111,7,-1.968,-3.127
200,1.1462833881,1.105,7,-2.047,-3.226
201,1.1463031769,1.098,7,-2.122,-3.322
202,1.1463230848,1.088,7,-2.193,-3.418
203,1.1463423967,1.076,7,-2.264,-3.517
204,1.1463592052,1.063,7,-2.335,-3.621
205,1.146371603,1.051,7,-2.403,-3.724
206,1.1463819742,1.038,7,-2.462,-3.815
207,1.1463911533,1.023,7,-2.522,-3.913
208,1.1463998556,1.005,7,-2.577,-4.007
209,1.1464053392,0.991,7,-2.6,-4.052
210,1.146406889,0.986,7,-2.625,-4.094
211,1.1464071274,0.986,7,-2.589,-4.038
212,1.1464072466,0.985,7,-2.598,-4.051
213,1.1464073658,0.985,7,-2.611,-4.074
214,1.146407485,0.985,7,-2.569,-4.007
215,1.1464079618,0.983,7,-2.599,-4.055
216,1.1464084387,0.982,7,-2.644,-4.129
217,1.1464089155,0.98,7,-2.687,-4.2
218,1.1464096308,0.977,7,-2.724,-4.272
219,1.1464107037,0.972,7,-2.763,-4.357
220,1.1464123726,0.961,7,-2.794,-4.431
221,1.1464129686,0.955,7,-2.797,-4.444
