,Mini,Mass,label,Vmag,Imag
0,0.0900000036,0.09,1,15.982,12.359
1,0.0932241678,0.093,1,15.471,12.093
2,0.1000000089,0.1,1,14.54,11.658
3,0.1199999973,0.12,1,13.257,10.922
4,0.1400000006,0.14,1,12.573,10.45
5,0.1589158624,0.159,1,12.127,10.115
6,0.1599999964,0.16,1,12.104,10.097
7,0.2000000179,0.2,1,11.432,9.561
8,0.25,0.25,1,10.832,9.056
9,0.3000000417,0.3,1,10.374,8.647
10,0.349999994,0.35,1,9.947,8.27
11,0.3949437141,0.395,1,9.489,7.925
12,0.4000000358,0.4,1,9.44,7.889
13,0.4234451652,0.423,1,9.188,7.687
14,0.4500000477,0.45,1,8.92,7.472
15,0.5,0.5,1,8.301,7.009
16,0.5500000715,0.55,1,7.632,6.524
17,0.6000000238,0.6,1,7.053,6.08
18,0.6410114169,0.641,1,6.622,5.74
19,0.6499999762,0.65,1,6.532,5.67
20,0.6741508842,0.674,1,6.302,5.486
21,0.6999999881,0.7,1,6.071,5.3
22,0.7066663504,0.707,1,6.014,5.253
23,0.7410211563,0.741,1,5.728,5.021
24,0.75,0.75,1,5.655,4.962
25,0.7617695928,0.762,1,5.563,4.883
26,0.7948803306,0.795,1,5.307,4.664
27,0.8000000715,0.8,1,5.268,4.631
28,0.827662766,0.827,1,5.058,4.449
29,0.8500000238,0.85,1,4.889,4.303
30,0.8608489633,0.86,1,4.809,4.233
31,0.8915250301,0.891,1,4.58,4.034
32,0.8999999762,0.899,1,4.516,3.979
33,0.9190394282,0.918,1,4.374,3.856
34,0.9423362613,0.942,1,4.198,3.703
35,0.9500000477,0.95,1,4.139,3.653
36,0.9546617866,0.954,1,4.104,3.623
37,0.9777415991,0.978,1,3.925,3.47
38,0.9982091784,0.998,1,3.763,3.332
39,1.0,1.0,1,3.748,3.319
40,1.0190638304,1.019,1,3.595,3.192
41,1.0375572443,1.037,1,3.442,3.065
42,1.0499999523,1.05,1,3.339,2.978
43,1.0573552847,1.057,1,3.28,2.929
44,1.0682474375,1.068,1,3.189,2.852
45,1.0783191919,1.078,1,3.103,2.777
46,1.0865616798,1.086,1,3.033,2.715
47,1.0887503624,1.088,1,3.015,2.698
48,1.091742754,1.091,1,2.981,2.669
49,1.0964492559,1.096,1,2.929,2.622
50,1.1000000238,1.099,1,2.885,2.585
51,1.1031280756,1.102,1,2.852,2.556
52,1.1060967445,1.105,1,2.807,2.518
53,1.1062637568,1.106,1,2.805,2.516
54,1.1138269901,1.113,2,2.715,2.427
55,1.1253591776,1.125,2,2.583,2.288
56,1.1363112926,1.136,2,2.447,2.126
57,1.1428986788,1.142,2,2.355,1.994
58,1.1472831964,1.147,2,2.294,1.877
59,1.1497421265,1.149,2,2.264,1.797
60,1.1499999762,1.149,2,2.261,1.789
61,1.1517170668,1.151,2,2.248,1.736
62,1.1541241407,1.153,2,2.246,1.672
63,1.1564562321,1.156,2,2.278,1.637
64,1.1592309475,1.159,2,2.365,1.652
65,1.1625494957,1.162,2,2.339,1.568
66,1.1627709866,1.162,3,2.328,1.554
67,1.1643593311,1.164,3,2.23,1.442
68,1.1656821966,1.165,3,2.134,1.338
69,1.1670254469,1.166,3,2.028,1.223
70,1.1682648659,1.168,3,1.92,1.108
71,1.1694145203,1.169,3,1.811,0.994
72,1.1705311537,1.17,3,1.699,0.875
73,1.1715525389,1.171,3,1.589,0.758
74,1.1724537611,1.172,3,1.483,0.647
75,1.1733236313,1.173,3,1.374,0.531
76,1.1741185188,1.174,3,1.266,0.416
77,1.174839139,1.174,3,1.16,0.303
78,1.1754988432,1.175,3,1.055,0.191
79,1.1761240959,1.176,3,0.948,0.077
80,1.176689744,1.176,3,0.843,-0.036
81,1.177218914,1.177,3,0.737,-0.15
82,1.1776915789,1.177,3,0.636,-0.259
83,1.178134799,1.178,3,0.534,-0.37
84,1.1785455942,1.178,3,0.432,-0.48
85,1.1789363623,1.178,3,0.329,-0.593
86,1.1792891026,1.179,3,0.23,-0.701
87,1.1796300411,1.179,3,0.129,-0.812
88,1.1799619198,1.179,3,0.03,-0.921
89,1.1803479195,1.18,3,-0.064,-1.024
90,1.1804922819,1.18,3,-0.084,-1.046
91,1.1805956364,1.18,3,-0.062,-1.021
92,1.1807999611,1.18,3,0.008,-0.942
93,1.1808867455,1.18,3,0.047,-0.899
94,1.1809276342,1.18,3,0.031,-0.916
95,1.1811782122,1.181,3,-0.064,-1.021
96,1.1814308167,1.181,3,-0.161,-1.128
97,1.1816631556,1.181,3,-0.254,-1.232
98,1.1818808317,1.181,3,-0.348,-1.336
99,1.1820830107,1.181,3,-0.44,-1.439
100,1.1822729111,1.182,3,-0.533,-1.543
101,1.1824448109,1.182,3,-0.621,-1.643
102,1.182606101,1.182,3,-0.709,-1.744
103,1.1827517748,1.182,3,-0.794,-1.841
104,1.1828881502,1.182,3,-0.879,-1.938
105,1.1830143929,1.182,3,-0.963,-2.034
106,1.183131218,1.183,3,-1.045,-2.129
107,1.1832414865,1.183,3,-1.126,-2.224
108,1.1833415031,1.183,3,-1.204,-2.315
109,1.1834372282,1.183,3,-1.284,-2.408
110,1.1835240126,1.183,3,-1.359,-2.499
111,1.1836073399,1.183,3,-1.435,-2.59
112,1.1836826801,1.183,3,-1.504,-2.676
113,1.1837539673,1.183,3,-1.574,-2.763
114,1.1838212013,1.183,3,-1.644,-2.85
115,1.1838979721,1.183,3,-1.728,-2.956
116,1.1839562654,1.183,3,-1.794,-3.041
117,1.1840231419,1.183,3,-1.873,-3.143
118,1.1840844154,1.184,3,-1.949,-3.244
119,1.1841413975,1.184,3,-2.024,-3.344
120,1.1841847897,1.184,3,-2.083,-3.424
121,1.1842336655,1.184,3,-2.148,-3.518
122,1.1842793226,1.184,3,-2.211,-3.612
123,1.1843152046,1.184,3,-2.263,-3.688
124,1.1843563318,1.184,3,-2.326,-3.781
125,1.1843941212,1.184,3,-2.385,-3.871
126,1.1844301224,1.184,3,-2.441,-3.959
127,1.1844639778,1.184,3,-2.494,-4.043
128,1.1844819784,1.184,3,-2.521,-4.085
129,1.1844819784,1.184,4,0.284,-0.539
130,1.1847667694,1.184,4,0.26,-0.568
131,1.1850204468,1.184,4,0.249,-0.581
132,1.1852749586,1.185,4,0.241,-0.59
133,1.1855365038,1.185,4,0.233,-0.596
134,1.1857960224,1.185,4,0.227,-0.601
135,1.1860561371,1.185,4,0.221,-0.606
136,1.1863375902,1.186,4,0.215,-0.611
137,1.1865953207,1.186,4,0.21,-0.615
138,1.1868675947,1.186,4,0.203,-0.62
139,1.187137723,1.187,4,0.197,-0.625
140,1.1874014139,1.187,4,0.191,-0.63
141,1.1876715422,1.187,4,0.184,-0.635
142,1.1879302263,1.187,4,0.178,-0.64
143,1.1882051229,1.188,4,0.172,-0.646
144,1.1884790659,1.188,4,0.165,-0.651
145,1.1885714531,1.188,4,0.163,-0.653
146,1.1888071299,1.188,4,0.158,-0.658
147,1.1890755892,1.188,4,0.151,-0.664
148,1.189368248,1.189,4,0.145,-0.67
149,1.1896545887,1.189,4,0.138,-0.676
150,1.189932704,1.189,4,0.132,-0.682
151,1.190220356,1.19,4,0.125,-0.688
152,1.1905130148,1.19,4,0.118,-0.695
153,1.1905673742,1.19,4,0.117,-0.697
154,1.1908125877,1.19,4,0.111,-0.703
155,1.1910656691,1.19,4,0.104,-0.71
156,1.1913284063,1.191,4,0.097,-0.718
157,1.191575408,1.191,4,0.09,-0.726
158,1.1918264627,1.191,4,0.083,-0.735
159,1.1920734644,1.192,4,0.075,-0.745
160,1.1923241615,1.192,4,0.066,-0.756
161,1.1925755739,1.192,4,0.056,-0.769
162,1.1928246021,1.192,4,0.045,-0.782
163,1.1930696964,1.192,4,0.034,-0.796
164,1.1933174133,1.193,4,0.015,-0.822
165,1.1935634613,1.193,4,-0.026,-0.875
166,1.1937508583,1.193,4,-0.092,-0.957
167,1.1938303709,1.193,4,-0.166,-1.048
168,1.1938596964,1.193,4,-0.234,-1.129
169,1.1938726902,1.193,4,-0.303,-1.211
170,1.1938794851,1.193,4,-0.366,-1.285
171,1.1938802004,1.193,7,-0.374,-1.295
172,1.1938823462,1.193,7,-0.411,-1.338
173,1.1938871145,1.193,7,-0.496,-1.437
174,1.1938921213,1.193,7,-0.584,-1.539
175,1.1939054728,1.193,7,-0.663,-1.629
176,1.1939297915,1.193,7,-0.585,-1.538
177,1.1941078901,1.192,7,-0.623,-1.584
178,1.1942005157,1.191,7,-0.72,-1.696
179,1.1942572594,1.191,7,-0.794,-1.782
180,1.1943134069,1.19,7,-0.869,-1.87
181,1.1943750381,1.189,7,-0.954,-1.969
182,1.1944310665,1.188,7,-1.038,-2.067
183,1.1944820881,1.187,7,-1.123,-2.167
184,1.1945286989,1.186,7,-1.208,-2.268
185,1.1945706606,1.185,7,-1.287,-2.369
186,1.1946088076,1.183,7,-1.358,-2.469
187,1.1946425438,1.181,7,-1.44,-2.568
188,1.1946736574,1.179,7,-1.521,-2.667
189,1.1947028637,1.177,7,-1.599,-2.764
190,1.1947306395,1.174,7,-1.675,-2.861
191,1.1947563887,1.17,7,-1.752,-2.959
192,1.1947802305,1.167,7,-1.825,-3.054
193,1.1948043108,1.162,7,-1.897,-3.15
194,1.1948286295,1.156,7,-1.966,-3.244
195,1.1948529482,1.148,7,-2.034,-3.339
196,1.1948753595,1.14,7,-2.1,-3.436
197,1.194892168,1.132,7,-2.163,-3.531
198,1.1949033737,1.125,7,-2.214,-3.612
199,1.1949146986,1.117,7,-2.27,-3.702
200,1.1949232817,1.109,7,-2.316,-3.777
201,1.1949321032,1.1,7,-2.365,-3.862
202,1.1949424744,1.086,7,-2.416,-3.956
203,1.1949441433,1.083,7,-2.416,-3.957
204,1.1949448586,1.082,7,-2.411,-3.951
205,1.1949454546,1.081,7,-2.431,-3.985
206,1.1949460506,1.08,7,-2.449,-4.017
207,1.1949467659,1.079,7,-2.468,-4.05
208,1.1949474812,1.078,7,-2.485,-4.082
209,1.1949489117,1.075,7,-2.521,-4.16
210,1.1949506998,1.07,7,-2.569,-4.267
211,1.1949532032,1.06,7,-2.599,-4.345
