,Mini,Mass,label,Vmag,Imag
0,0.0900000036,0.09,1,15.611,12.214
1,0.0902405903,0.09,1,15.574,12.198
2,0.1000000015,0.1,1,14.202,11.547
3,0.1199999973,0.12,1,13.0,10.819
4,0.1400000006,0.14,1,12.362,10.356
5,0.1599999964,0.16,1,11.915,10.008
6,0.2000000179,0.2,1,11.261,9.475
7,0.25,0.25,1,10.679,8.959
8,0.3000000417,0.3,1,10.187,8.545
9,0.349999994,0.35,1,9.744,8.178
10,0.400000006,0.4,1,9.308,7.821
11,0.4153309166,0.415,1,9.143,7.688
12,0.4500000179,0.45,1,8.79,7.406
13,0.5,0.5,1,8.161,6.938
14,0.5223575234,0.522,1,7.861,6.718
15,0.5500000715,0.55,1,7.516,6.457
16,0.6000000238,0.6,1,6.962,6.021
17,0.6075250506,0.607,1,6.881,5.957
18,0.6499999762,0.65,1,6.451,5.614
19,0.6689067483,0.669,1,6.272,5.47
20,0.6972731948,0.697,1,6.019,5.265
21,0.6999999881,0.7,1,5.995,5.246
22,0.7069417238,0.707,1,5.936,5.197
23,0.735637486,0.736,1,5.695,5.0
24,0.75,0.75,1,5.577,4.902
25,0.7677104473,0.768,1,5.435,4.78
26,0.795106709,0.795,1,5.218,4.593
27,0.8000000119,0.8,1,5.179,4.56
28,0.8273338675,0.827,1,4.964,4.373
29,0.8500000238,0.85,1,4.785,4.218
30,0.857919693,0.857,1,4.724,4.165
31,0.8845945597,0.884,1,4.514,3.983
32,0.8999999762,0.899,1,4.392,3.877
33,0.9072277546,0.907,1,4.334,3.828
34,0.9280323386,0.927,1,4.166,3.683
35,0.9469355941,0.946,1,4.008,3.547
36,0.9499999881,0.95,1,3.982,3.525
37,0.9616219401,0.961,1,3.884,3.442
38,0.9770371914,0.977,1,3.749,3.328
39,0.9904874563,0.991,1,3.629,3.227
40,1.0,1.0,1,3.543,3.155
41,1.0102875233,1.01,1,3.449,3.078
42,1.0231239796,1.023,1,3.33,2.979
43,1.0343704224,1.034,1,3.221,2.888
44,1.0440130234,1.044,1,3.121,2.803
45,1.0499999523,1.05,1,3.054,2.745
46,1.0551300049,1.055,1,3.001,2.698
47,1.056417346,1.056,1,2.987,2.685
48,1.0651183128,1.065,1,2.877,2.584
49,1.0670861006,1.067,1,2.846,2.556
50,1.069832325,1.069,2,2.811,2.521
51,1.0756515265,1.075,2,2.738,2.449
52,1.0819268227,1.081,2,2.655,2.361
53,1.0887185335,1.088,2,2.56,2.254
54,1.0943478346,1.094,2,2.472,2.143
55,1.0982345343,1.097,2,2.407,2.048
56,1.1000000238,1.099,2,2.377,1.993
57,1.1006991863,1.1,2,2.365,1.971
58,1.1027826071,1.102,2,2.331,1.896
59,1.1042318344,1.104,2,2.31,1.839
60,1.1056219339,1.105,2,2.293,1.783
61,1.1067227125,1.106,2,2.284,1.739
62,1.1076885462,1.107,2,2.281,1.704
63,1.1086418629,1.108,2,2.289,1.677
64,1.1095451117,1.109,2,2.303,1.659
65,1.1104333401,1.11,2,2.326,1.651
66,1.1113270521,1.111,2,2.351,1.647
67,1.1122270823,1.112,2,2.363,1.634
68,1.1135241985,1.113,2,2.331,1.576
69,1.1140879393,1.113,2,2.307,1.542
70,1.1146703959,1.114,2,2.262,1.489
71,1.1158214808,1.115,3,2.163,1.379
72,1.116772294,1.116,3,2.069,1.277
73,1.1176738739,1.117,3,1.973,1.174
74,1.1185479164,1.118,3,1.872,1.067
75,1.119368434,1.119,3,1.771,0.96
76,1.1201950312,1.119,3,1.663,0.845
77,1.1209464073,1.12,3,1.557,0.734
78,1.1216404438,1.121,3,1.453,0.624
79,1.1222691536,1.122,3,1.352,0.517
80,1.1228654385,1.122,3,1.249,0.408
81,1.1234492064,1.123,3,1.141,0.294
82,1.1239467859,1.123,3,1.042,0.188
83,1.124423027,1.124,3,0.94,0.08
84,1.1248723269,1.124,3,0.838,-0.03
85,1.125282526,1.125,3,0.737,-0.138
86,1.125664711,1.125,3,0.636,-0.246
87,1.1260176897,1.125,3,0.536,-0.354
88,1.1263390779,1.126,3,0.438,-0.459
89,1.1266458035,1.126,3,0.34,-0.566
90,1.1269261837,1.126,3,0.243,-0.671
91,1.1271897554,1.126,3,0.147,-0.776
92,1.1274322271,1.127,3,0.053,-0.878
93,1.1276636124,1.127,3,-0.04,-0.98
94,1.1278787851,1.127,3,-0.124,-1.072
95,1.1281247139,1.127,3,-0.202,-1.158
96,1.1282420158,1.128,3,-0.232,-1.191
97,1.1283894777,1.128,3,-0.193,-1.147
98,1.1285208464,1.128,3,-0.102,-1.045
99,1.1285302639,1.128,3,-0.097,-1.04
100,1.128704071,1.128,3,-0.187,-1.139
101,1.1288913488,1.128,3,-0.285,-1.247
102,1.1290649176,1.128,3,-0.38,-1.352
103,1.1292253733,1.129,3,-0.473,-1.456
104,1.1293766499,1.129,3,-0.566,-1.56
105,1.1295158863,1.129,3,-0.658,-1.663
106,1.1296479702,1.129,3,-0.749,-1.766
107,1.1297690868,1.129,3,-0.838,-1.866
108,1.1298820972,1.129,3,-0.926,-1.967
109,1.1299852133,1.129,3,-1.012,-2.065
110,1.1300834417,1.129,3,-1.099,-2.165
111,1.130173564,1.129,3,-1.184,-2.263
112,1.1302570105,1.13,3,-1.266,-2.358
113,1.1303366423,1.13,3,-1.349,-2.456
114,1.1304087639,1.13,3,-1.428,-2.55
115,1.1304780245,1.13,3,-1.509,-2.647
116,1.1305553913,1.13,3,-1.605,-2.763
117,1.1306141615,1.13,3,-1.679,-2.855
118,1.1306818724,1.13,3,-1.771,-2.969
119,1.1307430267,1.13,3,-1.857,-3.079
120,1.1308003664,1.13,3,-1.945,-3.19
121,1.1308438778,1.13,3,-2.015,-3.28
122,1.1308926344,1.13,3,-2.094,-3.386
123,1.1309387684,1.13,3,-2.171,-3.493
124,1.1309815645,1.13,3,-2.247,-3.599
125,1.1310213804,1.13,3,-2.32,-3.704
126,1.1310578585,1.13,3,-2.387,-3.804
127,1.1310925484,1.13,3,-2.454,-3.905
128,1.1311256886,1.13,3,-2.521,-4.006
129,1.1311525106,1.131,3,-2.572,-4.083
130,1.1311525106,1.13,4,0.268,-0.536
131,1.1313803196,1.131,4,0.243,-0.567
132,1.1316074133,1.131,4,0.232,-0.58
133,1.1318377256,1.131,4,0.222,-0.589
134,1.1320694685,1.131,4,0.214,-0.596
135,1.1323034763,1.131,4,0.207,-0.602
136,1.1325284243,1.132,4,0.201,-0.607
137,1.1327568293,1.132,4,0.194,-0.612
138,1.1329864264,1.132,4,0.188,-0.617
139,1.1332229376,1.132,4,0.181,-0.622
140,1.133438468,1.133,4,0.174,-0.627
141,1.1336710453,1.133,4,0.168,-0.632
142,1.1339027882,1.133,4,0.161,-0.638
143,1.1341334581,1.133,4,0.154,-0.643
144,1.1343562603,1.134,4,0.147,-0.649
145,1.1344079971,1.134,4,0.146,-0.65
146,1.1344535351,1.134,4,0.145,-0.651
147,1.1346821785,1.134,4,0.138,-0.656
148,1.1348999739,1.134,4,0.132,-0.662
149,1.135134697,1.134,4,0.125,-0.668
150,1.1353514194,1.135,4,0.119,-0.673
151,1.1355704069,1.135,4,0.113,-0.679
152,1.1357905865,1.135,4,0.106,-0.685
153,1.1360098124,1.135,4,0.1,-0.691
154,1.1360290051,1.135,4,0.1,-0.692
155,1.1361480951,1.135,4,0.096,-0.696
156,1.1363722086,1.136,4,0.089,-0.703
157,1.1365910769,1.136,4,0.083,-0.711
158,1.1368045807,1.136,4,0.075,-0.719
159,1.1370242834,1.136,4,0.068,-0.728
160,1.1372425556,1.136,4,0.06,-0.738
161,1.1374568939,1.137,4,0.051,-0.749
162,1.1376725435,1.137,4,0.041,-0.762
163,1.1378905773,1.137,4,0.03,-0.776
164,1.1381058693,1.137,4,0.017,-0.79
165,1.138323307,1.137,4,0.015,-0.794
166,1.1385476589,1.138,4,-0.015,-0.836
167,1.1387665272,1.138,4,-0.083,-0.923
168,1.138863802,1.138,4,-0.162,-1.022
169,1.1388969421,1.138,4,-0.242,-1.119
170,1.1389095783,1.138,4,-0.322,-1.214
171,1.1389144659,1.138,4,-0.385,-1.287
172,1.1389145851,1.138,7,-0.386,-1.288
173,1.1389161348,1.138,7,-0.417,-1.324
174,1.138920784,1.138,7,-0.516,-1.439
175,1.1389244795,1.138,7,-0.583,-1.516
176,1.138928175,1.138,7,-0.624,-1.562
177,1.1389336586,1.138,7,-0.627,-1.565
178,1.1389440298,1.138,7,-0.587,-1.519
179,1.1389642954,1.137,7,-0.554,-1.481
180,1.1390542984,1.137,7,-0.582,-1.514
181,1.1391119957,1.136,7,-0.645,-1.587
182,1.1391752958,1.136,7,-0.746,-1.703
183,1.1392350197,1.135,7,-0.862,-1.839
184,1.1392889023,1.134,7,-0.97,-1.964
185,1.1393367052,1.133,7,-1.068,-2.077
186,1.1393792629,1.131,7,-1.161,-2.185
187,1.1394166946,1.13,7,-1.249,-2.288
188,1.1394501925,1.128,7,-1.328,-2.39
189,1.1394796371,1.126,7,-1.401,-2.49
190,1.1395066977,1.124,7,-1.484,-2.591
191,1.1395318508,1.121,7,-1.567,-2.692
192,1.1395554543,1.118,7,-1.65,-2.793
193,1.139577508,1.115,7,-1.732,-2.895
194,1.1395978928,1.111,7,-1.809,-2.993
195,1.1396164894,1.106,7,-1.881,-3.087
196,1.1396350861,1.1,7,-1.953,-3.181
197,1.1396536827,1.093,7,-2.024,-3.274
198,1.1396722794,1.084,7,-2.09,-3.366
199,1.1396903992,1.073,7,-2.153,-3.461
200,1.139706254,1.061,7,-2.222,-3.566
201,1.1397176981,1.05,7,-2.29,-3.67
202,1.1397274733,1.037,7,-2.345,-3.763
203,1.1397360563,1.023,7,-2.4,-3.858
204,1.1397442818,1.006,7,-2.457,-3.958
205,1.1397494078,0.993,7,-2.473,-3.994
206,1.1397508383,0.989,7,-2.542,-4.117
207,1.1397509575,0.988,7,-2.545,-4.125
208,1.1397510767,0.988,7,-2.543,-4.122
209,1.1397511959,0.988,7,-2.558,-4.15
210,1.1397513151,0.987,7,-2.557,-4.149
211,1.139751792,0.985,7,-2.574,-4.184
212,1.1397522688,0.984,7,-2.595,-4.227
213,1.1397527456,0.981,7,-2.618,-4.275
214,1.1397534609,0.978,7,-2.637,-4.322
215,1.1397544146,0.971,7,-2.655,-4.37
216,1.1397559643,0.959,7,-2.67,-4.422
217,1.1397565603,0.954,7,-2.673,-4.434
