,Mini,Mass,label,Vmag,Imag
0,0.0900000036,0.09,1,15.496,12.184
1,0.0936844572,0.094,1,14.935,11.927
2,0.1000000089,0.1,1,14.084,11.509
3,0.100389339,0.1,1,14.058,11.494
4,0.1199999973,0.12,1,12.916,10.783
5,0.1400000006,0.14,1,12.289,10.323
6,0.1599999964,0.16,1,11.847,9.977
7,0.2000000179,0.2,1,11.204,9.443
8,0.2001063973,0.2,1,11.203,9.442
9,0.25,0.25,1,10.624,8.928
10,0.3000000417,0.3,1,10.111,8.511
11,0.3466370404,0.347,1,9.706,8.172
12,0.349999994,0.35,1,9.681,8.15
13,0.4000000358,0.4,1,9.261,7.799
14,0.4500000477,0.45,1,8.744,7.386
15,0.5,0.5,1,8.124,6.923
16,0.5500000715,0.55,1,7.499,6.452
17,0.6000000238,0.6,1,6.956,6.021
18,0.6306504607,0.631,1,6.641,5.77
19,0.6499999762,0.65,1,6.454,5.62
20,0.6554352641,0.655,1,6.403,5.579
21,0.6896046996,0.69,1,6.095,5.33
22,0.6999999881,0.7,1,6.005,5.258
23,0.7282322645,0.728,1,5.77,5.065
24,0.75,0.75,1,5.595,4.921
25,0.7590096593,0.759,1,5.523,4.86
26,0.7911040187,0.791,1,5.273,4.645
27,0.8000000715,0.8,1,5.205,4.586
28,0.8199161887,0.82,1,5.052,4.454
29,0.8500000238,0.85,1,4.822,4.256
30,0.8531598449,0.853,1,4.798,4.235
31,0.8839219809,0.883,1,4.565,4.035
32,0.8999999762,0.899,1,4.443,3.929
33,0.9115805626,0.911,1,4.355,3.854
34,0.9350779653,0.935,1,4.174,3.7
35,0.9500000477,0.95,1,4.057,3.6
36,0.9549172521,0.955,1,4.019,3.568
37,0.9744850397,0.974,1,3.863,3.438
38,0.9913496375,0.991,1,3.724,3.324
39,1.0,1.0,1,3.653,3.265
40,1.000120759,1.0,1,3.652,3.264
41,1.0139199495,1.014,1,3.535,3.171
42,1.0273848772,1.027,1,3.42,3.079
43,1.0406326056,1.04,1,3.304,2.986
44,1.0499999523,1.05,1,3.221,2.919
45,1.0529021025,1.052,1,3.196,2.899
46,1.0615419149,1.061,1,3.12,2.836
47,1.0689297915,1.068,1,3.053,2.779
48,1.0786921978,1.078,1,2.966,2.704
49,1.0799931288,1.079,1,2.955,2.694
50,1.0880883932,1.087,1,2.852,2.611
51,1.0899659395,1.089,1,2.822,2.586
52,1.0935271978,1.093,2,2.784,2.553
53,1.1000000238,1.099,2,2.717,2.492
54,1.1021422148,1.101,2,2.693,2.468
55,1.1159716845,1.115,2,2.524,2.295
56,1.1269325018,1.126,2,2.373,2.117
57,1.1339981556,1.133,2,2.263,1.955
58,1.1381169558,1.137,2,2.198,1.826
59,1.1403479576,1.14,2,2.167,1.742
60,1.1419171095,1.141,2,2.151,1.678
61,1.1430114508,1.142,2,2.146,1.634
62,1.1440631151,1.143,2,2.147,1.595
63,1.1448973417,1.144,2,2.152,1.566
64,1.1456305981,1.145,2,2.167,1.552
65,1.1463551521,1.146,2,2.184,1.541
66,1.1470427513,1.146,2,2.198,1.531
67,1.1477197409,1.147,2,2.213,1.522
68,1.1484018564,1.148,2,2.219,1.51
69,1.149089694,1.148,2,2.219,1.493
70,1.1499999762,1.149,2,2.218,1.47
71,1.1501721144,1.15,2,2.218,1.466
72,1.1505427361,1.15,2,2.212,1.453
73,1.1514035463,1.151,3,2.161,1.393
74,1.1527007818,1.152,3,2.067,1.287
75,1.1540484428,1.153,3,1.952,1.161
76,1.155162096,1.155,3,1.847,1.049
77,1.1560847759,1.155,3,1.753,0.949
78,1.1570441723,1.156,3,1.649,0.84
79,1.1579960585,1.157,3,1.539,0.723
80,1.1588131189,1.158,3,1.438,0.617
81,1.1596124172,1.159,3,1.332,0.505
82,1.160302639,1.16,3,1.233,0.401
83,1.1609992981,1.16,3,1.126,0.287
84,1.161626935,1.161,3,1.023,0.178
85,1.162194252,1.162,3,0.923,0.072
86,1.1627403498,1.162,3,0.82,-0.038
87,1.1632322073,1.163,3,0.72,-0.145
88,1.163693428,1.163,3,0.62,-0.253
89,1.1641148329,1.164,3,0.521,-0.359
90,1.1645058393,1.164,3,0.423,-0.464
91,1.1648702621,1.164,3,0.325,-0.569
92,1.1652151346,1.165,3,0.227,-0.676
93,1.1655343771,1.165,3,0.131,-0.78
94,1.1658338308,1.165,3,0.035,-0.885
95,1.1661071777,1.165,3,-0.058,-0.986
96,1.1663703918,1.166,3,-0.149,-1.086
97,1.1666331291,1.166,3,-0.23,-1.175
98,1.1669028997,1.166,3,-0.292,-1.243
99,1.1670736074,1.166,3,-0.246,-1.191
100,1.1672255993,1.167,3,-0.164,-1.099
101,1.1672364473,1.167,3,-0.159,-1.094
102,1.1673315763,1.167,3,-0.201,-1.14
103,1.1675491333,1.167,3,-0.298,-1.247
104,1.1677628756,1.167,3,-0.395,-1.354
105,1.1679575443,1.167,3,-0.488,-1.457
106,1.1681414843,1.168,3,-0.581,-1.56
107,1.1683133841,1.168,3,-0.673,-1.664
108,1.1684699059,1.168,3,-0.763,-1.764
109,1.1686184406,1.168,3,-0.854,-1.866
110,1.16875422,1.168,3,-0.94,-1.964
111,1.16888237,1.168,3,-1.027,-2.063
112,1.1690003872,1.168,3,-1.113,-2.16
113,1.1691117287,1.169,3,-1.198,-2.258
114,1.1692135334,1.169,3,-1.281,-2.354
115,1.1693087816,1.169,3,-1.364,-2.449
116,1.1693979502,1.169,3,-1.444,-2.544
117,1.1694808006,1.169,3,-1.522,-2.637
118,1.1695582867,1.169,3,-1.601,-2.731
119,1.1696302891,1.169,3,-1.676,-2.822
120,1.1696988344,1.169,3,-1.753,-2.915
121,1.169775486,1.169,3,-1.841,-3.024
122,1.1698337793,1.169,3,-1.911,-3.112
123,1.1699017286,1.169,3,-1.998,-3.221
124,1.1699630022,1.169,3,-2.081,-3.327
125,1.1700202227,1.169,3,-2.162,-3.433
126,1.1700642109,1.169,3,-2.223,-3.517
127,1.170113802,1.17,3,-2.296,-3.618
128,1.1701602936,1.17,3,-2.368,-3.719
129,1.1702040434,1.17,3,-2.439,-3.82
130,1.1702451706,1.17,3,-2.505,-3.917
131,1.1702831984,1.17,3,-2.567,-4.011
132,1.1703152657,1.17,3,-2.618,-4.088
133,1.1703152657,1.17,4,0.227,-0.569
134,1.1705961227,1.17,4,0.203,-0.598
135,1.1708461046,1.17,4,0.194,-0.61
136,1.1710970402,1.17,4,0.185,-0.619
137,1.1713548899,1.171,4,0.177,-0.627
138,1.1716108322,1.171,4,0.169,-0.633
139,1.1718671322,1.171,4,0.162,-0.639
140,1.1721447706,1.171,4,0.154,-0.645
141,1.1723989248,1.172,4,0.147,-0.65
142,1.1726673841,1.172,4,0.14,-0.656
143,1.1729338169,1.172,4,0.132,-0.662
144,1.1731939316,1.172,4,0.125,-0.668
145,1.1734602451,1.173,4,0.118,-0.674
146,1.173715353,1.173,4,0.11,-0.679
147,1.1739865541,1.173,4,0.103,-0.685
148,1.1742568016,1.173,4,0.096,-0.692
149,1.1743478775,1.174,4,0.093,-0.694
150,1.1744029522,1.174,4,0.092,-0.695
151,1.1746790409,1.174,4,0.084,-0.701
152,1.174942255,1.174,4,0.077,-0.707
153,1.1752259731,1.174,4,0.07,-0.714
154,1.1754878759,1.175,4,0.063,-0.72
155,1.1757525206,1.175,4,0.057,-0.726
156,1.1760187149,1.175,4,0.05,-0.732
157,1.1762837172,1.176,4,0.043,-0.739
158,1.176306963,1.176,4,0.043,-0.74
159,1.176446557,1.176,4,0.039,-0.743
160,1.1767091751,1.176,4,0.032,-0.751
161,1.1769653559,1.176,4,0.026,-0.758
162,1.1772149801,1.176,4,0.019,-0.766
163,1.1774717569,1.177,4,0.011,-0.775
164,1.1777265072,1.177,4,0.004,-0.785
165,1.1779766083,1.177,4,-0.004,-0.796
166,1.1782277822,1.177,4,-0.014,-0.808
167,1.1784818172,1.178,4,-0.024,-0.822
168,1.178732276,1.178,4,-0.037,-0.837
169,1.1789851189,1.178,4,-0.041,-0.844
170,1.1792457104,1.178,4,-0.066,-0.881
171,1.1794996262,1.179,4,-0.128,-0.962
172,1.1796126366,1.179,4,-0.201,-1.055
173,1.179651022,1.179,4,-0.274,-1.144
174,1.1796656847,1.179,4,-0.345,-1.228
175,1.1796714067,1.179,7,-0.402,-1.295
176,1.1796733141,1.179,7,-0.432,-1.33
177,1.1796789169,1.179,7,-0.531,-1.444
178,1.1796834469,1.179,7,-0.605,-1.528
179,1.1796879768,1.179,7,-0.659,-1.59
180,1.1796946526,1.179,7,-0.683,-1.617
181,1.1797072887,1.179,7,-0.652,-1.581
182,1.1797319651,1.178,7,-0.613,-1.537
183,1.1798416376,1.178,7,-0.633,-1.56
184,1.1799118519,1.177,7,-0.695,-1.632
185,1.1799888611,1.177,7,-0.792,-1.742
186,1.180061698,1.176,7,-0.9,-1.867
187,1.1801275015,1.175,7,-1.004,-1.987
188,1.1801856756,1.174,7,-1.1,-2.097
189,1.1802375317,1.173,7,-1.193,-2.205
190,1.1802830696,1.171,7,-1.281,-2.309
191,1.1803238392,1.17,7,-1.359,-2.412
192,1.1803598404,1.168,7,-1.439,-2.513
193,1.1803928614,1.166,7,-1.525,-2.615
194,1.1804234982,1.164,7,-1.609,-2.717
195,1.1804522276,1.161,7,-1.692,-2.818
196,1.1804792881,1.157,7,-1.776,-2.921
197,1.1805038452,1.154,7,-1.858,-3.023
198,1.1805266142,1.149,7,-1.933,-3.119
199,1.1805493832,1.144,7,-2.007,-3.214
200,1.1805721521,1.137,7,-2.079,-3.309
201,1.1805948019,1.129,7,-2.151,-3.405
202,1.1806168556,1.119,7,-2.218,-3.502
203,1.1806360483,1.108,7,-2.286,-3.604
204,1.1806502342,1.098,7,-2.352,-3.703
205,1.1806621552,1.086,7,-2.415,-3.801
206,1.1806725264,1.074,7,-2.469,-3.893
207,1.1806825399,1.059,7,-2.519,-3.98
208,1.180688858,1.047,7,-2.57,-4.069
209,1.180690527,1.044,7,-2.592,-4.107
210,1.1806907654,1.043,7,-2.599,-4.119
211,1.1806908846,1.043,7,-2.595,-4.112
212,1.1806910038,1.043,7,-2.611,-4.139
213,1.180691123,1.043,7,-2.614,-4.144
214,1.1806912422,1.043,7,-2.615,-4.145
215,1.1806917191,1.041,7,-2.633,-4.178
216,1.1806923151,1.04,7,-2.651,-4.213
217,1.1806929111,1.038,7,-2.675,-4.262
218,1.1806936264,1.035,7,-2.7,-4.314
219,1.1806948185,1.03,7,-2.726,-4.371
220,1.1806967258,1.02,7,-2.75,-4.431
221,1.1806975603,1.016,7,-2.755,-4.449
