,Mini,Mass,label,Vmag,Imag
0,0.0900000036,0.09,1,15.516,12.19
1,0.0958402604,0.096,1,14.648,11.788
2,0.1000000015,0.1,1,14.104,11.516
3,0.1090295538,0.109,1,13.529,11.173
4,0.1199999973,0.12,1,12.931,10.789
5,0.1400000006,0.14,1,12.302,10.329
6,0.1599999964,0.16,1,11.859,9.983
7,0.2000000179,0.2,1,11.216,9.451
8,0.25,0.25,1,10.639,8.938
9,0.3000000417,0.3,1,10.129,8.522
10,0.3363020718,0.336,1,9.799,8.25
11,0.349999994,0.35,1,9.692,8.157
12,0.400000006,0.4,1,9.272,7.805
13,0.4499999881,0.45,1,8.755,7.393
14,0.5,0.5,1,8.136,6.93
15,0.5500000715,0.55,1,7.511,6.46
16,0.6000000238,0.6,1,6.967,6.03
17,0.6453816891,0.645,1,6.51,5.665
18,0.6499999762,0.65,1,6.467,5.63
19,0.6685893536,0.669,1,6.294,5.491
20,0.6999999881,0.7,1,6.02,5.27
21,0.7074499726,0.708,1,5.958,5.219
22,0.7424144745,0.742,1,5.673,4.986
23,0.75,0.75,1,5.612,4.936
24,0.7739141583,0.774,1,5.427,4.777
25,0.8000000119,0.8,1,5.228,4.607
26,0.8358628154,0.835,1,4.957,4.373
27,0.8500000238,0.85,1,4.851,4.282
28,0.869644165,0.869,1,4.705,4.157
29,0.8999999762,0.899,1,4.48,3.963
30,0.9009981751,0.9,1,4.473,3.957
31,0.9292723536,0.929,1,4.263,3.778
32,0.9499999285,0.95,1,4.107,3.646
33,0.9508364797,0.95,1,4.101,3.64
34,0.9734216332,0.973,1,3.929,3.497
35,0.9933472276,0.993,1,3.774,3.369
36,1.0,1.0,1,3.721,3.325
37,1.0033900738,1.004,1,3.695,3.304
38,1.0187693834,1.019,1,3.572,3.206
39,1.0328167677,1.033,1,3.458,3.115
40,1.0465238094,1.046,1,3.344,3.025
41,1.0499999523,1.05,1,3.314,3.002
42,1.0574698448,1.057,1,3.254,2.954
43,1.0675160885,1.067,1,3.173,2.889
44,1.0762907267,1.076,1,3.102,2.831
45,1.0837939978,1.083,1,3.041,2.78
46,1.0937091112,1.093,1,2.965,2.714
47,1.0950303078,1.094,1,2.956,2.706
48,1.1000000238,1.099,1,2.895,2.661
49,1.1010916233,1.1,1,2.885,2.653
50,1.1099303961,1.109,1,2.795,2.579
51,1.1132215261,1.113,1,2.744,2.539
52,1.1134084463,1.113,1,2.741,2.537
53,1.1224719286,1.122,2,2.636,2.434
54,1.136747241,1.136,2,2.473,2.268
55,1.147565484,1.147,2,2.339,2.119
56,1.1499999762,1.149,2,2.305,2.078
57,1.15480268,1.154,2,2.238,1.983
58,1.1584868431,1.158,2,2.184,1.893
59,1.1608896255,1.16,2,2.15,1.825
60,1.1631286144,1.163,2,2.121,1.753
61,1.1647580862,1.164,2,2.103,1.696
62,1.166030407,1.165,2,2.092,1.649
63,1.1671117544,1.167,2,2.087,1.611
64,1.1681251526,1.168,2,2.085,1.575
65,1.16918993,1.169,2,2.089,1.541
66,1.1703077555,1.17,2,2.101,1.511
67,1.1714786291,1.171,2,2.123,1.489
68,1.1727210283,1.172,2,2.155,1.479
69,1.1739981174,1.173,2,2.177,1.464
70,1.1758472919,1.175,2,2.177,1.425
71,1.1761454344,1.176,2,2.175,1.417
72,1.1770691872,1.176,3,2.124,1.357
73,1.178461194,1.178,3,2.033,1.253
74,1.1799072027,1.179,3,1.919,1.129
75,1.1811019182,1.181,3,1.815,1.018
76,1.1820915937,1.182,3,1.723,0.92
77,1.1831207275,1.183,3,1.62,0.811
78,1.1841417551,1.184,3,1.512,0.698
79,1.1850179434,1.184,3,1.413,0.593
80,1.1858751774,1.185,3,1.309,0.483
81,1.1866153479,1.186,3,1.212,0.38
82,1.1873623133,1.187,3,1.106,0.268
83,1.1880352497,1.187,3,1.005,0.161
84,1.1886434555,1.188,3,0.907,0.056
85,1.1892290115,1.189,3,0.805,-0.052
86,1.1897562742,1.189,3,0.707,-0.157
87,1.1902507544,1.19,3,0.608,-0.263
88,1.1907024384,1.19,3,0.511,-0.367
89,1.1911215782,1.191,3,0.414,-0.471
90,1.1915122271,1.191,3,0.318,-0.574
91,1.1918818951,1.191,3,0.222,-0.679
92,1.1922241449,1.192,3,0.128,-0.781
93,1.1925450563,1.192,3,0.034,-0.883
94,1.1928380728,1.192,3,-0.057,-0.982
95,1.1931202412,1.193,3,-0.145,-1.079
96,1.1934016943,1.193,3,-0.222,-1.164
97,1.1936907768,1.193,3,-0.282,-1.229
98,1.1938785315,1.193,3,-0.227,-1.167
99,1.1940457821,1.193,3,-0.156,-1.088
100,1.194057703,1.193,3,-0.151,-1.082
101,1.1941627264,1.194,3,-0.193,-1.129
102,1.1944030523,1.194,3,-0.291,-1.236
103,1.1946393251,1.194,3,-0.388,-1.344
104,1.1948543787,1.194,3,-0.481,-1.446
105,1.1950575113,1.194,3,-0.574,-1.55
106,1.1952475309,1.195,3,-0.667,-1.653
107,1.1954203844,1.195,3,-0.756,-1.754
108,1.1955845356,1.195,3,-0.847,-1.856
109,1.1957345009,1.195,3,-0.935,-1.954
110,1.1958761215,1.195,3,-1.022,-2.054
111,1.1960065365,1.195,3,-1.107,-2.151
112,1.1961294413,1.196,3,-1.193,-2.249
113,1.1962419748,1.196,3,-1.277,-2.345
114,1.1963472366,1.196,3,-1.36,-2.441
115,1.1964457035,1.196,3,-1.44,-2.536
116,1.196537137,1.196,3,-1.519,-2.63
117,1.1966227293,1.196,3,-1.598,-2.724
118,1.1967022419,1.196,3,-1.674,-2.815
119,1.196778059,1.196,3,-1.752,-2.908
120,1.1968626976,1.196,3,-1.841,-3.019
121,1.1969270706,1.196,3,-1.911,-3.107
122,1.1970021725,1.196,3,-1.999,-3.218
123,1.1970697641,1.197,3,-2.082,-3.324
124,1.1971330643,1.197,3,-2.165,-3.43
125,1.1971817017,1.197,3,-2.228,-3.515
126,1.1972364187,1.197,3,-2.301,-3.617
127,1.1972876787,1.197,3,-2.373,-3.718
128,1.1973360777,1.197,3,-2.445,-3.821
129,1.1973814964,1.197,3,-2.513,-3.92
130,1.1974235773,1.197,3,-2.576,-4.014
131,1.1974589825,1.197,3,-2.627,-4.091
132,1.1974589825,1.197,4,0.213,-0.584
133,1.1977666616,1.197,4,0.19,-0.612
134,1.1980407238,1.197,4,0.18,-0.624
135,1.1983157396,1.198,4,0.171,-0.633
136,1.1985982656,1.198,4,0.162,-0.641
137,1.1988787651,1.198,4,0.154,-0.648
138,1.1991597414,1.198,4,0.147,-0.654
139,1.1994639635,1.199,4,0.139,-0.661
140,1.1997423172,1.199,4,0.131,-0.667
141,1.2000365257,1.199,4,0.123,-0.673
142,1.2003283501,1.2,4,0.115,-0.679
143,1.2006133795,1.2,4,0.108,-0.686
144,1.2009050846,1.2,4,0.1,-0.692
145,1.2011846304,1.2,4,0.092,-0.698
146,1.2014816999,1.201,4,0.084,-0.705
147,1.2017776966,1.201,4,0.077,-0.711
148,1.2018774748,1.201,4,0.074,-0.713
149,1.2019373178,1.201,4,0.072,-0.715
150,1.2022378445,1.202,4,0.065,-0.721
151,1.2025241852,1.202,4,0.057,-0.728
152,1.202832818,1.202,4,0.05,-0.735
153,1.2031177282,1.202,4,0.043,-0.741
154,1.2034056187,1.203,4,0.036,-0.748
155,1.2036952972,1.203,4,0.028,-0.754
156,1.2039835453,1.203,4,0.022,-0.761
157,1.2040088177,1.203,4,0.021,-0.762
158,1.2041540146,1.203,4,0.017,-0.766
159,1.2044271231,1.204,4,0.011,-0.773
160,1.2046934366,1.204,4,0.004,-0.78
161,1.2049530745,1.204,4,-0.002,-0.788
162,1.2052201033,1.205,4,-0.009,-0.797
163,1.2054848671,1.205,4,-0.017,-0.806
164,1.2057449818,1.205,4,-0.025,-0.816
165,1.2060060501,1.205,4,-0.033,-0.828
166,1.2062699795,1.206,4,-0.043,-0.841
167,1.2065303326,1.206,4,-0.053,-0.854
168,1.2067930698,1.206,4,-0.064,-0.87
169,1.2070637941,1.206,4,-0.088,-0.904
170,1.2073277235,1.207,4,-0.149,-0.986
171,1.2074450254,1.207,4,-0.221,-1.076
172,1.2074850798,1.207,4,-0.291,-1.161
173,1.2075002193,1.207,4,-0.359,-1.243
174,1.2075061798,1.207,7,-0.408,-1.3
175,1.2075082064,1.207,7,-0.439,-1.335
176,1.2075144053,1.207,7,-0.54,-1.452
177,1.2075192928,1.207,7,-0.62,-1.543
178,1.2075242996,1.207,7,-0.695,-1.629
179,1.2075316906,1.207,7,-0.697,-1.632
180,1.2075455189,1.206,7,-0.691,-1.624
181,1.2075726986,1.206,7,-0.682,-1.614
182,1.2076932192,1.206,7,-0.668,-1.599
183,1.2077703476,1.205,7,-0.721,-1.659
184,1.2078549862,1.205,7,-0.816,-1.768
185,1.2079350948,1.204,7,-0.916,-1.883
186,1.2080072165,1.203,7,-1.012,-1.994
187,1.2080712318,1.202,7,-1.105,-2.101
188,1.2081282139,1.201,7,-1.197,-2.208
189,1.2081782818,1.2,7,-1.282,-2.31
190,1.2082231045,1.198,7,-1.363,-2.413
191,1.208262682,1.197,7,-1.443,-2.514
192,1.2082989216,1.195,7,-1.529,-2.616
193,1.2083325386,1.193,7,-1.613,-2.718
194,1.2083642483,1.19,7,-1.697,-2.819
195,1.2083939314,1.187,7,-1.781,-2.923
196,1.2084208727,1.184,7,-1.863,-3.024
197,1.2084459066,1.179,7,-1.94,-3.122
198,1.2084709406,1.175,7,-2.015,-3.218
199,1.2084958553,1.168,7,-2.088,-3.314
200,1.2085207701,1.161,7,-2.16,-3.41
201,1.2085449696,1.151,7,-2.229,-3.508
202,1.2085661888,1.141,7,-2.298,-3.61
203,1.208581686,1.132,7,-2.364,-3.709
204,1.208594799,1.122,7,-2.429,-3.809
205,1.2086062431,1.11,7,-2.485,-3.902
206,1.2086172104,1.097,7,-2.531,-3.981
207,1.2086241245,1.086,7,-2.58,-4.066
208,1.2086260319,1.083,7,-2.568,-4.049
209,1.2086262703,1.083,7,-2.578,-4.065
210,1.2086263895,1.083,7,-2.581,-4.069
211,1.2086265087,1.082,7,-2.585,-4.076
212,1.2086266279,1.082,7,-2.59,-4.084
213,1.2086267471,1.082,7,-2.593,-4.089
214,1.2086273432,1.081,7,-2.61,-4.116
215,1.2086279392,1.08,7,-2.625,-4.142
216,1.2086286545,1.078,7,-2.648,-4.182
217,1.2086294889,1.076,7,-2.68,-4.242
218,1.2086308002,1.072,7,-2.715,-4.313
219,1.2086328268,1.065,7,-2.75,-4.39
220,1.2086336613,1.061,7,-2.76,-4.415
