,Mini,Mass,label,Vmag,Imag
0,0.0900000036,0.09,1,15.509,12.187
1,0.0913460478,0.091,1,15.299,12.092
2,0.1000000015,0.1,1,14.099,11.514
3,0.1199999973,0.12,1,12.927,10.787
4,0.1400000006,0.14,1,12.298,10.326
5,0.1599999964,0.16,1,11.854,9.978
6,0.2000000179,0.2,1,11.203,9.439
7,0.25,0.25,1,10.618,8.918
8,0.3000000417,0.3,1,10.102,8.496
9,0.349999994,0.35,1,9.68,8.146
10,0.400000006,0.4,1,9.257,7.792
11,0.4347697794,0.435,1,8.888,7.498
12,0.4499999881,0.45,1,8.736,7.377
13,0.5,0.5,1,8.106,6.908
14,0.5359591246,0.536,1,7.638,6.556
15,0.5500000715,0.55,1,7.467,6.425
16,0.6000000238,0.6,1,6.914,5.985
17,0.6068589091,0.607,1,6.839,5.926
18,0.6405532956,0.641,1,6.49,5.647
19,0.6499999762,0.65,1,6.398,5.573
20,0.65650177,0.657,1,6.335,5.522
21,0.680700779,0.681,1,6.109,5.338
22,0.6999999881,0.7,1,5.935,5.196
23,0.7183822393,0.718,1,5.773,5.063
24,0.7402766347,0.74,1,5.585,4.906
25,0.75,0.75,1,5.502,4.837
26,0.7726631761,0.773,1,5.311,4.672
27,0.7934890389,0.793,1,5.136,4.52
28,0.8000000119,0.8,1,5.081,4.472
29,0.8067855835,0.807,1,5.024,4.423
30,0.830481708,0.83,1,4.824,4.248
31,0.8500000238,0.85,1,4.657,4.102
32,0.8561911583,0.856,1,4.604,4.057
33,0.8757692575,0.875,1,4.434,3.908
34,0.8935627937,0.893,1,4.274,3.768
35,0.8999999762,0.899,1,4.214,3.716
36,0.9088867903,0.908,1,4.132,3.645
37,0.9228364825,0.922,1,3.998,3.528
38,0.9357456565,0.935,1,3.87,3.417
39,0.9470766187,0.947,1,3.753,3.316
40,0.9499999285,0.95,1,3.723,3.289
41,0.9587234855,0.958,1,3.632,3.212
42,0.970035553,0.97,1,3.513,3.109
43,0.9802700877,0.98,1,3.4,3.011
44,0.9926136136,0.993,1,3.253,2.88
45,1.0,1.0,1,3.16,2.796
46,1.0012791157,1.001,1,3.143,2.781
47,1.0086336136,1.009,1,3.039,2.683
48,1.0152975321,1.015,1,2.937,2.581
49,1.0197788477,1.02,1,2.863,2.502
50,1.0241860151,1.024,2,2.788,2.415
51,1.0288079977,1.029,2,2.706,2.313
52,1.0324310064,1.032,2,2.636,2.216
53,1.0352498293,1.035,2,2.58,2.126
54,1.0369275808,1.037,2,2.546,2.068
55,1.038168788,1.038,2,2.521,2.017
56,1.0391566753,1.039,2,2.502,1.977
57,1.0402539968,1.04,2,2.484,1.928
58,1.0412597656,1.041,2,2.471,1.884
59,1.0421600342,1.042,2,2.467,1.848
60,1.0429953337,1.043,2,2.47,1.82
61,1.04381001,1.043,2,2.484,1.803
62,1.0446280241,1.044,2,2.497,1.788
63,1.0456485748,1.045,2,2.489,1.751
64,1.0466786623,1.046,2,2.438,1.676
65,1.0469748974,1.046,2,2.416,1.649
66,1.047429204,1.047,3,2.371,1.598
67,1.0483385324,1.048,3,2.268,1.484
68,1.0490964651,1.049,3,2.172,1.379
69,1.0499061346,1.049,3,2.059,1.259
70,1.0499999523,1.05,3,2.045,1.244
71,1.0505690575,1.05,3,1.961,1.155
72,1.0512356758,1.051,3,1.856,1.044
73,1.0519061089,1.051,3,1.743,0.925
74,1.0525146723,1.052,3,1.633,0.809
75,1.0530757904,1.053,3,1.524,0.694
76,1.0535833836,1.053,3,1.418,0.583
77,1.0540642738,1.054,3,1.312,0.47
78,1.0545344353,1.054,3,1.199,0.35
79,1.0549348593,1.054,3,1.096,0.24
80,1.0553176403,1.055,3,0.989,0.127
81,1.0556783676,1.055,3,0.881,0.012
82,1.0560075045,1.056,3,0.774,-0.102
83,1.0563138723,1.056,3,0.668,-0.216
84,1.0565965176,1.056,3,0.562,-0.33
85,1.0568537712,1.056,3,0.458,-0.442
86,1.0570991039,1.057,3,0.353,-0.556
87,1.0573233366,1.057,3,0.249,-0.669
88,1.0575339794,1.057,3,0.145,-0.782
89,1.0577275753,1.057,3,0.043,-0.894
90,1.0579123497,1.057,3,-0.06,-1.007
91,1.0580840111,1.058,3,-0.157,-1.114
92,1.0582801104,1.058,3,-0.251,-1.217
93,1.0583736897,1.058,3,-0.28,-1.248
94,1.0584738255,1.058,3,-0.239,-1.203
95,1.0585600138,1.058,3,-0.161,-1.114
96,1.0585725307,1.058,3,-0.151,-1.103
97,1.0586881638,1.058,3,-0.235,-1.196
98,1.0588171482,1.058,3,-0.33,-1.301
99,1.0589383841,1.058,3,-0.423,-1.404
100,1.0590542555,1.059,3,-0.517,-1.51
101,1.0591574907,1.059,3,-0.607,-1.61
102,1.0592582226,1.059,3,-0.699,-1.714
103,1.0593492985,1.059,3,-0.787,-1.813
104,1.0594353676,1.059,3,-0.875,-1.913
105,1.0595140457,1.059,3,-0.961,-2.011
106,1.0595890284,1.059,3,-1.048,-2.111
107,1.0596561432,1.059,3,-1.131,-2.206
108,1.0597206354,1.059,3,-1.215,-2.303
109,1.0597788095,1.059,3,-1.295,-2.397
110,1.0598342419,1.059,3,-1.374,-2.491
111,1.0598859787,1.059,3,-1.452,-2.585
112,1.0599336624,1.059,3,-1.53,-2.678
113,1.0599787235,1.059,3,-1.607,-2.771
114,1.0600298643,1.06,3,-1.695,-2.881
115,1.0600687265,1.06,3,-1.766,-2.97
116,1.0601129532,1.06,3,-1.852,-3.079
117,1.0601534843,1.06,3,-1.936,-3.185
118,1.0601916313,1.06,3,-2.018,-3.291
119,1.0602270365,1.06,3,-2.095,-3.397
120,1.0602587461,1.06,3,-2.167,-3.498
121,1.0602886677,1.06,3,-2.239,-3.598
122,1.0603170395,1.06,3,-2.309,-3.699
123,1.0603432655,1.06,3,-2.374,-3.796
124,1.060367465,1.06,3,-2.438,-3.891
125,1.06039083,1.06,3,-2.501,-3.986
126,1.0604133606,1.06,3,-2.559,-4.076
127,1.0604133606,1.06,4,0.301,-0.499
128,1.0605741739,1.06,4,0.273,-0.532
129,1.0607353449,1.06,4,0.263,-0.543
130,1.0608986616,1.06,4,0.254,-0.552
131,1.0610461235,1.06,4,0.248,-0.558
132,1.0611948967,1.06,4,0.243,-0.562
133,1.0613604784,1.061,4,0.237,-0.566
134,1.0615069866,1.061,4,0.232,-0.569
135,1.0616546869,1.061,4,0.227,-0.572
136,1.0618015528,1.061,4,0.223,-0.575
137,1.0619641542,1.061,4,0.217,-0.579
138,1.0621184111,1.061,4,0.212,-0.583
139,1.0622842312,1.061,4,0.207,-0.587
140,1.0624322891,1.062,4,0.202,-0.59
141,1.0625895262,1.062,4,0.196,-0.594
142,1.0627400875,1.062,4,0.191,-0.598
143,1.0627889633,1.062,4,0.19,-0.599
144,1.0629415512,1.062,4,0.185,-0.603
145,1.0630917549,1.062,4,0.18,-0.607
146,1.0632474422,1.062,4,0.175,-0.611
147,1.0633994341,1.063,4,0.17,-0.616
148,1.0635528564,1.063,4,0.165,-0.62
149,1.0637110472,1.063,4,0.159,-0.626
150,1.0638569593,1.063,4,0.154,-0.631
151,1.0638716221,1.063,4,0.153,-0.631
152,1.0639986992,1.063,4,0.149,-0.636
153,1.0641489029,1.063,4,0.143,-0.643
154,1.0642946959,1.063,4,0.137,-0.65
155,1.0644440651,1.064,4,0.13,-0.658
156,1.0645947456,1.064,4,0.122,-0.668
157,1.064740777,1.064,4,0.113,-0.68
158,1.0648889542,1.064,4,0.103,-0.693
159,1.0650334358,1.064,4,0.092,-0.707
160,1.0651804209,1.064,4,0.082,-0.721
161,1.0653270483,1.064,4,0.066,-0.741
162,1.0654747486,1.065,4,0.034,-0.784
163,1.0656206608,1.065,4,-0.037,-0.875
164,1.0656789541,1.065,4,-0.103,-0.957
165,1.0657032728,1.065,4,-0.164,-1.031
166,1.0657143593,1.065,4,-0.232,-1.112
167,1.0657198429,1.065,4,-0.307,-1.201
168,1.0657211542,1.065,7,-0.334,-1.232
169,1.0657231808,1.065,7,-0.392,-1.299
170,1.0657258034,1.065,7,-0.474,-1.393
171,1.065728426,1.064,7,-0.555,-1.487
172,1.0657309294,1.064,7,-0.622,-1.565
173,1.0657351017,1.064,7,-0.681,-1.633
174,1.0657426119,1.064,7,-0.611,-1.551
175,1.0657572746,1.064,7,-0.543,-1.473
176,1.0658383369,1.063,7,-0.587,-1.524
177,1.0658882856,1.062,7,-0.674,-1.625
178,1.0659383535,1.061,7,-0.78,-1.747
179,1.0659832954,1.06,7,-0.879,-1.861
180,1.0660229921,1.059,7,-0.974,-1.971
181,1.0660575628,1.057,7,-1.067,-2.078
182,1.0660880804,1.055,7,-1.156,-2.183
183,1.0661151409,1.053,7,-1.244,-2.286
184,1.0661392212,1.051,7,-1.325,-2.389
185,1.0661560297,1.049,7,-1.376,-2.466
186,1.0661762953,1.047,7,-1.46,-2.568
187,1.0661951303,1.043,7,-1.543,-2.669
188,1.0662127733,1.039,7,-1.625,-2.771
189,1.0662295818,1.035,7,-1.707,-2.872
190,1.0662453175,1.03,7,-1.786,-2.973
191,1.0662596226,1.023,7,-1.859,-3.068
192,1.0662740469,1.016,7,-1.931,-3.164
193,1.0662884712,1.006,7,-2.003,-3.26
194,1.0663024187,0.994,7,-2.068,-3.355
195,1.0663144588,0.98,7,-2.131,-3.453
196,1.0663231611,0.968,7,-2.195,-3.55
197,1.0663301945,0.955,7,-2.252,-3.639
198,1.0663372278,0.939,7,-2.303,-3.73
199,1.0663430691,0.922,7,-2.355,-3.821
200,1.0663490295,0.899,7,-2.399,-3.906
201,1.0663508177,0.891,7,-2.385,-3.887
202,1.0663516521,0.888,7,-2.424,-3.953
203,1.0663520098,0.886,7,-2.458,-4.017
204,1.0663524866,0.882,7,-2.496,-4.094
205,1.0663533211,0.876,7,-2.538,-4.184
206,1.0663546324,0.862,7,-2.563,-4.253
