,Mini,Mass,label,Vmag,Imag
0,0.0900000036,0.09,1,16.059,12.39
1,0.0907932073,0.091,1,15.931,12.321
2,0.099999994,0.1,1,14.616,11.682
3,0.1199999899,0.12,1,13.311,10.944
4,0.1399999857,0.14,1,12.618,10.469
5,0.1599999964,0.16,1,12.141,10.114
6,0.1871494949,0.187,1,11.664,9.736
7,0.2000000179,0.2,1,11.465,9.576
8,0.25,0.25,1,10.859,9.071
9,0.3000000119,0.3,1,10.398,8.661
10,0.3499999642,0.35,1,9.986,8.286
11,0.3999999762,0.4,1,9.477,7.903
12,0.4500000179,0.45,1,8.942,7.481
13,0.5,0.5,1,8.325,7.02
14,0.5500000715,0.55,1,7.65,6.532
15,0.6000000238,0.6,1,7.064,6.085
16,0.6249270439,0.625,1,6.793,5.873
17,0.6499999762,0.65,1,6.537,5.671
18,0.6626918316,0.663,1,6.412,5.571
19,0.6952571869,0.695,1,6.113,5.331
20,0.6999999285,0.7,1,6.071,5.297
21,0.728551507,0.729,1,5.828,5.099
22,0.75,0.75,1,5.651,4.955
23,0.7813780308,0.781,1,5.403,4.744
24,0.7999999523,0.8,1,5.259,4.62
25,0.8137316704,0.813,1,5.153,4.529
26,0.8456987739,0.845,1,4.908,4.316
27,0.8500000238,0.85,1,4.875,4.287
28,0.8765471578,0.876,1,4.674,4.112
29,0.8999999762,0.899,1,4.495,3.955
30,0.9035393,0.903,1,4.468,3.932
31,0.9263703227,0.926,1,4.292,3.779
32,0.9472747445,0.947,1,4.128,3.637
33,0.9499999285,0.95,1,4.106,3.618
34,0.9611068964,0.961,1,4.019,3.543
35,0.9811769128,0.981,1,3.856,3.403
36,0.9992312193,0.999,1,3.705,3.273
37,1.0,1.0,1,3.699,3.268
38,1.0020800829,1.002,1,3.682,3.254
39,1.0202524662,1.02,1,3.529,3.124
40,1.0368759632,1.037,1,3.386,3.004
41,1.0499999523,1.05,1,3.27,2.904
42,1.0534151793,1.053,1,3.24,2.878
43,1.0636101961,1.063,1,3.146,2.795
44,1.071955204,1.071,1,3.068,2.725
45,1.0741713047,1.074,1,3.047,2.706
46,1.0776236057,1.077,1,3.009,2.671
47,1.0830528736,1.082,1,2.948,2.615
48,1.0882092714,1.087,1,2.886,2.557
49,1.0915703773,1.091,1,2.838,2.512
50,1.096049428,1.095,2,2.786,2.459
51,1.1000000238,1.099,2,2.74,2.411
52,1.104968071,1.104,2,2.681,2.35
53,1.1152297258,1.115,2,2.548,2.196
54,1.1216155291,1.121,2,2.458,2.072
55,1.1259554625,1.125,2,2.397,1.964
56,1.1284208298,1.128,2,2.365,1.893
57,1.1302962303,1.13,2,2.346,1.836
58,1.1317009926,1.131,2,2.338,1.794
59,1.1331931353,1.132,2,2.34,1.756
60,1.1344652176,1.134,2,2.35,1.729
61,1.1355513334,1.135,2,2.375,1.722
62,1.1365276575,1.136,2,2.402,1.72
63,1.1374342442,1.137,2,2.429,1.721
64,1.1383193731,1.138,2,2.428,1.701
65,1.1394166946,1.139,2,2.419,1.671
66,1.1406846046,1.14,2,2.4,1.628
67,1.1408382654,1.14,2,2.397,1.622
68,1.1410460472,1.14,3,2.384,1.607
69,1.1424939632,1.142,3,2.281,1.49
70,1.143696785,1.143,3,2.182,1.382
71,1.1448196173,1.144,3,2.08,1.272
72,1.1459498405,1.145,3,1.968,1.153
73,1.1469861269,1.146,3,1.857,1.036
74,1.1478725672,1.147,3,1.756,0.928
75,1.1488045454,1.148,3,1.641,0.807
76,1.1496092081,1.149,3,1.535,0.695
77,1.1499998569,1.149,3,1.479,0.636
78,1.1504155397,1.15,3,1.423,0.576
79,1.1511656046,1.151,3,1.314,0.46
80,1.1518456936,1.151,3,1.207,0.346
81,1.1524684429,1.152,3,1.1,0.233
82,1.1530586481,1.152,3,0.992,0.117
83,1.1535925865,1.153,3,0.886,0.003
84,1.1540923119,1.153,3,0.779,-0.112
85,1.1545387506,1.154,3,0.676,-0.223
86,1.1549572945,1.154,3,0.573,-0.335
87,1.1553453207,1.155,3,0.47,-0.448
88,1.1557143927,1.155,3,0.365,-0.562
89,1.1560475826,1.155,3,0.264,-0.673
90,1.1563695669,1.156,3,0.161,-0.785
91,1.1566833258,1.156,3,0.062,-0.894
92,1.157047987,1.156,3,-0.031,-0.997
93,1.1571843624,1.157,3,-0.056,-1.025
94,1.1572813988,1.157,3,-0.04,-1.007
95,1.1574730873,1.157,3,0.037,-0.92
96,1.1575545073,1.157,3,0.078,-0.873
97,1.157592535,1.157,3,0.063,-0.891
98,1.1578247547,1.157,3,-0.033,-0.996
99,1.1580588818,1.157,3,-0.13,-1.103
100,1.1582741737,1.158,3,-0.223,-1.207
101,1.1584759951,1.158,3,-0.317,-1.311
102,1.1586635113,1.158,3,-0.409,-1.415
103,1.1588395834,1.158,3,-0.5,-1.518
104,1.158998847,1.158,3,-0.589,-1.618
105,1.1591484547,1.159,3,-0.677,-1.719
106,1.159283638,1.159,3,-0.763,-1.816
107,1.1594099998,1.159,3,-0.848,-1.914
108,1.1595270634,1.159,3,-0.931,-2.01
109,1.1596354246,1.159,3,-1.013,-2.105
110,1.1597377062,1.159,3,-1.094,-2.2
111,1.1598303318,1.159,3,-1.173,-2.292
112,1.1599191427,1.159,3,-1.252,-2.386
113,1.159999609,1.159,3,-1.328,-2.477
114,1.1600768566,1.159,3,-1.401,-2.567
115,1.1601468325,1.16,3,-1.471,-2.654
116,1.1602128744,1.16,3,-1.542,-2.742
117,1.1602752209,1.16,3,-1.612,-2.83
118,1.160346508,1.16,3,-1.696,-2.936
119,1.1604005098,1.16,3,-1.761,-3.021
120,1.1604624987,1.16,3,-1.841,-3.125
121,1.1605193615,1.16,3,-1.918,-3.227
122,1.1605721712,1.16,3,-1.993,-3.328
123,1.160612464,1.16,3,-2.049,-3.408
124,1.1606577635,1.16,3,-2.115,-3.503
125,1.1607000828,1.16,3,-2.179,-3.598
126,1.1607333422,1.16,3,-2.232,-3.676
127,1.1607714891,1.16,3,-2.294,-3.77
128,1.1608066559,1.16,3,-2.352,-3.86
129,1.1608400345,1.16,3,-2.41,-3.951
130,1.1608713865,1.16,3,-2.463,-4.036
131,1.160888195,1.16,3,-2.491,-4.08
132,1.160888195,1.16,4,0.308,-0.521
133,1.1611478329,1.161,4,0.282,-0.551
134,1.1613789797,1.161,4,0.272,-0.563
135,1.1616110802,1.161,4,0.263,-0.572
136,1.1618493795,1.161,4,0.257,-0.578
137,1.16208601,1.161,4,0.251,-0.583
138,1.1623231173,1.162,4,0.246,-0.587
139,1.1625797749,1.162,4,0.24,-0.591
140,1.1628147364,1.162,4,0.235,-0.595
141,1.1630629301,1.162,4,0.23,-0.599
142,1.1633092165,1.163,4,0.224,-0.603
143,1.1635496616,1.163,4,0.218,-0.607
144,1.163795948,1.163,4,0.213,-0.612
145,1.164031744,1.163,4,0.207,-0.617
146,1.1642825603,1.164,4,0.201,-0.621
147,1.1645323038,1.164,4,0.195,-0.626
148,1.1646165848,1.164,4,0.193,-0.628
149,1.1648337841,1.164,4,0.188,-0.633
150,1.165081501,1.164,4,0.182,-0.638
151,1.1653513908,1.165,4,0.176,-0.643
152,1.1656154394,1.165,4,0.17,-0.649
153,1.1658719778,1.165,4,0.164,-0.655
154,1.1661372185,1.166,4,0.157,-0.661
155,1.1664072275,1.166,4,0.151,-0.668
156,1.1664574146,1.166,4,0.149,-0.669
157,1.1666965485,1.166,4,0.143,-0.675
158,1.1669434309,1.166,4,0.137,-0.683
159,1.1671997309,1.167,4,0.129,-0.691
160,1.1674407721,1.167,4,0.122,-0.699
161,1.1676856279,1.167,4,0.114,-0.709
162,1.1679266691,1.167,4,0.106,-0.719
163,1.1681712866,1.168,4,0.096,-0.731
164,1.1684167385,1.168,4,0.085,-0.744
165,1.1686598063,1.168,4,0.073,-0.759
166,1.1688991785,1.168,4,0.067,-0.766
167,1.1691410542,1.169,4,0.049,-0.79
168,1.1693813801,1.169,4,0.005,-0.847
169,1.1695643663,1.169,4,-0.065,-0.935
170,1.1696419716,1.169,4,-0.141,-1.027
171,1.169670701,1.169,4,-0.211,-1.111
172,1.1696833372,1.169,4,-0.284,-1.199
173,1.1696900129,1.169,4,-0.356,-1.283
174,1.169690609,1.169,4,-0.364,-1.293
175,1.1696907282,1.169,7,-0.365,-1.294
176,1.1696927547,1.169,7,-0.402,-1.337
177,1.1696970463,1.169,7,-0.487,-1.435
178,1.1697015762,1.169,7,-0.564,-1.524
179,1.1697137356,1.169,7,-0.604,-1.57
180,1.1697359085,1.169,7,-0.546,-1.503
181,1.1698982716,1.168,7,-0.585,-1.549
182,1.1699825525,1.167,7,-0.685,-1.666
183,1.1700342894,1.167,7,-0.766,-1.76
184,1.1700854301,1.166,7,-0.85,-1.857
185,1.1701415777,1.165,7,-0.939,-1.962
186,1.1701925993,1.164,7,-1.025,-2.063
187,1.1702390909,1.163,7,-1.111,-2.164
188,1.1702816486,1.162,7,-1.197,-2.266
189,1.1703199148,1.16,7,-1.274,-2.366
190,1.1703546047,1.158,7,-1.343,-2.466
191,1.1703853607,1.156,7,-1.425,-2.566
192,1.1704137325,1.154,7,-1.504,-2.664
193,1.1704403162,1.151,7,-1.58,-2.76
194,1.1704657078,1.148,7,-1.656,-2.857
195,1.1704890728,1.145,7,-1.733,-2.955
196,1.1705107689,1.141,7,-1.804,-3.048
197,1.1705328226,1.135,7,-1.873,-3.142
198,1.1705549955,1.129,7,-1.941,-3.235
199,1.1705770493,1.121,7,-2.007,-3.329
200,1.1705975533,1.112,7,-2.071,-3.425
201,1.1706126928,1.103,7,-2.133,-3.522
202,1.170623064,1.096,7,-2.185,-3.605
203,1.170633316,1.087,7,-2.24,-3.695
204,1.1706411839,1.079,7,-2.285,-3.771
205,1.1706492901,1.068,7,-2.332,-3.855
206,1.1706585884,1.053,7,-2.397,-3.977
207,1.1706601381,1.05,7,-2.424,-4.026
208,1.1706608534,1.048,7,-2.432,-4.045
209,1.1706614494,1.047,7,-2.448,-4.081
210,1.1706619263,1.046,7,-2.461,-4.11
211,1.1706625223,1.044,7,-2.475,-4.144
212,1.1706632376,1.042,7,-2.488,-4.175
213,1.1706645489,1.037,7,-2.522,-4.256
214,1.1706662178,1.03,7,-2.551,-4.33
215,1.1706683636,1.018,7,-2.563,-4.386
