,Mini,Mass,label,Vmag,Imag
0,0.0900000036,0.09,1,15.651,12.226
1,0.097241506,0.097,1,14.593,11.736
2,0.1000000015,0.1,1,14.241,11.56
3,0.1149243936,0.115,1,13.304,11.004
4,0.1199999973,0.12,1,13.029,10.831
5,0.1400000006,0.14,1,12.386,10.367
6,0.1599999964,0.16,1,11.938,10.019
7,0.2000000179,0.2,1,11.28,9.484
8,0.25,0.25,1,10.694,8.968
9,0.3000000417,0.3,1,10.21,8.553
10,0.349999994,0.35,1,9.77,8.189
11,0.400000006,0.4,1,9.323,7.828
12,0.4500000179,0.45,1,8.804,7.412
13,0.5,0.5,1,8.17,6.941
14,0.5500000715,0.55,1,7.517,6.456
15,0.6000000238,0.6,1,6.959,6.017
16,0.636359334,0.636,1,6.578,5.715
17,0.6499999762,0.65,1,6.444,5.607
18,0.6564433575,0.656,1,6.382,5.557
19,0.6842622161,0.684,1,6.124,5.349
20,0.6999999881,0.7,1,5.984,5.235
21,0.722273469,0.722,1,5.793,5.079
22,0.7478410006,0.748,1,5.58,4.902
23,0.75,0.75,1,5.562,4.888
24,0.7536529303,0.754,1,5.532,4.862
25,0.7805269957,0.78,1,5.314,4.675
26,0.8000000119,0.8,1,5.158,4.539
27,0.8122833967,0.812,1,5.059,4.454
28,0.839645803,0.839,1,4.839,4.263
29,0.8500000238,0.85,1,4.756,4.19
30,0.8685449362,0.868,1,4.607,4.061
31,0.8906983733,0.89,1,4.428,3.904
32,0.8999999762,0.899,1,4.351,3.837
33,0.91104877,0.91,1,4.259,3.758
34,0.9295830727,0.929,1,4.102,3.622
35,0.9454981685,0.945,1,3.962,3.501
36,0.9499999881,0.95,1,3.922,3.466
37,0.9591388702,0.959,1,3.84,3.397
38,0.9723222256,0.972,1,3.719,3.294
39,0.9847362041,0.985,1,3.603,3.195
40,0.9969778657,0.997,1,3.487,3.096
41,1.0,1.0,1,3.458,3.071
42,1.004929781,1.005,1,3.411,3.032
43,1.0159652233,1.016,1,3.301,2.938
44,1.0254266262,1.025,1,3.2,2.852
45,1.0379645824,1.038,1,3.056,2.726
46,1.0396382809,1.039,1,3.036,2.708
47,1.045391798,1.045,1,2.962,2.639
48,1.0499999523,1.05,1,2.904,2.584
49,1.0514234304,1.051,1,2.886,2.566
50,1.0535084009,1.053,1,2.856,2.538
51,1.0557650328,1.055,2,2.823,2.503
52,1.0605658293,1.06,2,2.754,2.429
53,1.0657666922,1.065,2,2.676,2.34
54,1.0714179277,1.071,2,2.588,2.232
55,1.0761164427,1.075,2,2.509,2.121
56,1.0793669224,1.079,2,2.452,2.03
57,1.0813177824,1.081,2,2.418,1.964
58,1.0827798843,1.082,2,2.394,1.91
59,1.0838469267,1.083,2,2.379,1.867
60,1.0849113464,1.084,2,2.367,1.825
61,1.0857843161,1.085,2,2.359,1.791
62,1.0865730047,1.086,2,2.357,1.761
63,1.0873732567,1.087,2,2.363,1.739
64,1.0881521702,1.087,2,2.376,1.723
65,1.0889387131,1.088,2,2.397,1.716
66,1.0897511244,1.089,2,2.421,1.714
67,1.0905915499,1.09,2,2.432,1.701
68,1.0918439627,1.091,2,2.391,1.633
69,1.0924040079,1.092,2,2.361,1.593
70,1.0929429531,1.092,2,2.314,1.539
71,1.0940054655,1.093,3,2.212,1.426
72,1.0948809385,1.094,3,2.117,1.323
73,1.0957092047,1.095,3,2.019,1.218
74,1.0965102911,1.096,3,1.916,1.109
75,1.0972608328,1.096,3,1.813,1.001
76,1.0980154276,1.097,3,1.703,0.884
77,1.0987000465,1.098,3,1.596,0.771
78,1.0993313789,1.099,3,1.49,0.659
79,1.0999022722,1.099,3,1.387,0.55
80,1.1000000238,1.099,3,1.368,0.531
81,1.1004581451,1.1,3,1.284,0.441
82,1.1010055542,1.1,3,1.175,0.326
83,1.1014721394,1.101,3,1.076,0.22
84,1.1019188166,1.101,3,0.973,0.11
85,1.1023402214,1.102,3,0.87,-0.0
86,1.102725029,1.102,3,0.768,-0.109
87,1.1030834913,1.102,3,0.666,-0.219
88,1.1034144163,1.103,3,0.565,-0.327
89,1.1037158966,1.103,3,0.467,-0.433
90,1.1040036678,1.103,3,0.367,-0.542
91,1.1042667627,1.104,3,0.269,-0.648
92,1.1045138836,1.104,3,0.172,-0.754
93,1.1047414541,1.104,3,0.077,-0.858
94,1.1049585342,1.104,3,-0.018,-0.962
95,1.1051602364,1.104,3,-0.104,-1.057
96,1.1053910255,1.105,3,-0.184,-1.144
97,1.1055010557,1.105,3,-0.212,-1.176
98,1.1056382656,1.105,3,-0.173,-1.132
99,1.1057603359,1.105,3,-0.081,-1.029
100,1.1057690382,1.105,3,-0.076,-1.023
101,1.1059296131,1.105,3,-0.165,-1.122
102,1.1061025858,1.105,3,-0.263,-1.23
103,1.1062629223,1.106,3,-0.358,-1.335
104,1.1064110994,1.106,3,-0.451,-1.439
105,1.1065508127,1.106,3,-0.544,-1.543
106,1.1066794395,1.106,3,-0.636,-1.646
107,1.1068013906,1.106,3,-0.727,-1.749
108,1.1069133282,1.106,3,-0.816,-1.85
109,1.1070177555,1.106,3,-0.904,-1.951
110,1.1071130037,1.106,3,-0.991,-2.049
111,1.107203722,1.107,3,-1.078,-2.15
112,1.1072870493,1.107,3,-1.163,-2.248
113,1.1073640585,1.107,3,-1.244,-2.343
114,1.1074376106,1.107,3,-1.327,-2.442
115,1.1075042486,1.107,3,-1.407,-2.536
116,1.107568264,1.107,3,-1.488,-2.634
117,1.1076396704,1.107,3,-1.583,-2.75
118,1.1076940298,1.107,3,-1.657,-2.842
119,1.1077566147,1.107,3,-1.749,-2.957
120,1.1078131199,1.107,3,-1.837,-3.068
121,1.1078660488,1.107,3,-1.924,-3.18
122,1.1079062223,1.107,3,-1.992,-3.269
123,1.1079512835,1.107,3,-2.073,-3.377
124,1.1079938412,1.107,3,-2.149,-3.484
125,1.1080334187,1.107,3,-2.225,-3.592
126,1.1080702543,1.107,3,-2.297,-3.696
127,1.1081039906,1.107,3,-2.365,-3.798
128,1.1081360579,1.107,3,-2.432,-3.9
129,1.1081666946,1.107,3,-2.5,-4.001
130,1.108191371,1.108,3,-2.55,-4.08
131,1.108191371,1.107,4,0.287,-0.52
132,1.1083984375,1.108,4,0.261,-0.551
133,1.1086047888,1.108,4,0.25,-0.564
134,1.1088141203,1.108,4,0.241,-0.573
135,1.1090247631,1.108,4,0.234,-0.58
136,1.1092374325,1.108,4,0.227,-0.585
137,1.1094419956,1.109,4,0.221,-0.589
138,1.109649539,1.109,4,0.215,-0.594
139,1.1098581553,1.109,4,0.209,-0.598
140,1.1100732088,1.109,4,0.203,-0.602
141,1.1102690697,1.11,4,0.197,-0.607
142,1.110480547,1.11,4,0.191,-0.612
143,1.1106911898,1.11,4,0.185,-0.617
144,1.1109008789,1.11,4,0.179,-0.621
145,1.1111035347,1.11,4,0.173,-0.626
146,1.1111506224,1.11,4,0.171,-0.627
147,1.111192584,1.11,4,0.17,-0.628
148,1.1114035845,1.111,4,0.164,-0.633
149,1.1116046906,1.111,4,0.158,-0.638
150,1.111821413,1.111,4,0.152,-0.644
151,1.1120215654,1.111,4,0.146,-0.649
152,1.1122237444,1.111,4,0.14,-0.655
153,1.1124269962,1.112,4,0.134,-0.661
154,1.1126294136,1.112,4,0.128,-0.667
155,1.1126471758,1.112,4,0.127,-0.667
156,1.1127566099,1.112,4,0.124,-0.671
157,1.1129627228,1.112,4,0.117,-0.678
158,1.1131639481,1.112,4,0.111,-0.686
159,1.1133601665,1.113,4,0.104,-0.694
160,1.1135622263,1.113,4,0.096,-0.703
161,1.1137628555,1.113,4,0.088,-0.713
162,1.1139600277,1.113,4,0.079,-0.724
163,1.1141582727,1.113,4,0.069,-0.737
164,1.114358902,1.114,4,0.059,-0.749
165,1.1145569086,1.114,4,0.05,-0.759
166,1.1147569418,1.114,4,0.042,-0.77
167,1.1149631739,1.114,4,0.008,-0.815
168,1.1151645184,1.114,4,-0.063,-0.907
169,1.1152541637,1.114,4,-0.145,-1.008
170,1.1152846813,1.115,4,-0.228,-1.108
171,1.1152962446,1.115,4,-0.31,-1.205
172,1.1153007746,1.114,7,-0.373,-1.279
173,1.1153022051,1.114,7,-0.404,-1.315
174,1.1153064966,1.114,7,-0.506,-1.433
175,1.1153099537,1.114,7,-0.574,-1.511
176,1.1153134108,1.114,7,-0.626,-1.57
177,1.1153185368,1.114,7,-0.606,-1.547
178,1.1153281927,1.114,7,-0.561,-1.495
179,1.1153470278,1.114,7,-0.544,-1.476
180,1.1154304743,1.113,7,-0.563,-1.497
181,1.1154839993,1.113,7,-0.628,-1.573
182,1.1155427694,1.112,7,-0.733,-1.695
183,1.1155982018,1.111,7,-0.852,-1.833
184,1.1156482697,1.11,7,-0.955,-1.952
185,1.1156926155,1.109,7,-1.051,-2.064
186,1.1157320738,1.107,7,-1.143,-2.171
187,1.1157668829,1.106,7,-1.23,-2.275
188,1.1157978773,1.104,7,-1.313,-2.376
189,1.1158251762,1.102,7,-1.381,-2.475
190,1.1158503294,1.1,7,-1.463,-2.576
191,1.1158736944,1.097,7,-1.546,-2.677
192,1.1158956289,1.094,7,-1.628,-2.779
193,1.1159162521,1.09,7,-1.708,-2.878
194,1.115934968,1.085,7,-1.784,-2.976
195,1.1159522533,1.08,7,-1.855,-3.069
196,1.1159695387,1.074,7,-1.927,-3.163
197,1.115986824,1.067,7,-1.997,-3.255
198,1.1160041094,1.057,7,-2.06,-3.347
199,1.1160207987,1.046,7,-2.123,-3.443
200,1.1160355806,1.033,7,-2.196,-3.552
201,1.1160461903,1.021,7,-2.263,-3.659
202,1.1160552502,1.007,7,-2.317,-3.753
203,1.1160632372,0.991,7,-2.374,-3.852
204,1.1160708666,0.972,7,-2.432,-3.959
205,1.116075635,0.957,7,-2.389,-3.897
206,1.1160769463,0.952,7,-2.499,-4.095
207,1.1160771847,0.951,7,-2.507,-4.111
208,1.1160773039,0.95,7,-2.522,-4.14
209,1.1160775423,0.95,7,-2.522,-4.142
210,1.1160778999,0.948,7,-2.543,-4.184
211,1.1160782576,0.946,7,-2.563,-4.228
212,1.1160787344,0.943,7,-2.58,-4.269
213,1.1160793304,0.939,7,-2.596,-4.313
214,1.1160802841,0.931,7,-2.612,-4.36
215,1.1160817146,0.918,7,-2.628,-4.412
