,Mini,Mass,label,Vmag,Imag
0,0.0900000036,0.09,1,15.827,12.296
1,0.0943087935,0.094,1,15.162,11.976
2,0.1000000015,0.1,1,14.397,11.612
3,0.1199999973,0.12,1,13.149,10.879
4,0.1400000006,0.14,1,12.485,10.411
5,0.1599999964,0.16,1,12.028,10.061
6,0.2000000179,0.2,1,11.365,9.528
7,0.25,0.25,1,10.774,9.021
8,0.3000000417,0.3,1,10.317,8.612
9,0.349999994,0.35,1,9.868,8.234
10,0.400000006,0.4,1,9.389,7.864
11,0.432231456,0.432,1,9.049,7.59
12,0.4500000477,0.45,1,8.872,7.448
13,0.5,0.5,1,8.246,6.982
14,0.5500000715,0.55,1,7.585,6.499
15,0.6000000238,0.6,1,7.019,6.06
16,0.6432207823,0.643,1,6.572,5.706
17,0.6499999762,0.65,1,6.505,5.653
18,0.6756062508,0.676,1,6.265,5.46
19,0.6999999881,0.7,1,6.05,5.287
20,0.7083033919,0.708,1,5.979,5.229
21,0.7427851558,0.743,1,5.695,4.997
22,0.75,0.75,1,5.637,4.95
23,0.7636288404,0.764,1,5.531,4.859
24,0.796880126,0.797,1,5.274,4.64
25,0.8000000119,0.8,1,5.251,4.62
26,0.8298078179,0.829,1,5.025,4.424
27,0.8500000238,0.85,1,4.873,4.292
28,0.8631548285,0.863,1,4.775,4.208
29,0.8940107226,0.893,1,4.545,4.009
30,0.8999999762,0.899,1,4.5,3.97
31,0.9217585325,0.921,1,4.338,3.83
32,0.9452701807,0.945,1,4.16,3.677
33,0.9499999881,0.95,1,4.124,3.646
34,0.9576992989,0.957,1,4.066,3.597
35,0.9809763432,0.981,1,3.886,3.445
36,1.0,1.0,1,3.734,3.317
37,1.002443552,1.003,1,3.715,3.301
38,1.0224815607,1.022,1,3.553,3.168
39,1.0410679579,1.041,1,3.4,3.043
40,1.0499999523,1.05,1,3.325,2.981
41,1.0598394871,1.059,1,3.246,2.916
42,1.0702129602,1.07,1,3.161,2.845
43,1.0798008442,1.079,1,3.082,2.776
44,1.0876442194,1.087,1,3.019,2.72
45,1.0897264481,1.089,1,3.003,2.706
46,1.0920151472,1.091,1,2.976,2.683
47,1.0956103802,1.095,1,2.933,2.649
48,1.0990200043,1.098,1,2.888,2.613
49,1.1000000238,1.099,1,2.873,2.601
50,1.1026841402,1.102,1,2.835,2.569
51,1.1028705835,1.102,1,2.832,2.567
52,1.1137043238,1.113,2,2.711,2.451
53,1.12847507,1.128,2,2.545,2.278
54,1.1409147978,1.14,2,2.387,2.091
55,1.1477841139,1.147,2,2.289,1.947
56,1.1499999762,1.149,2,2.257,1.887
57,1.1521840096,1.152,2,2.231,1.82
58,1.1544748545,1.154,2,2.208,1.745
59,1.1567034721,1.156,2,2.194,1.672
60,1.1588596106,1.158,2,2.199,1.614
61,1.1609535217,1.16,2,2.234,1.586
62,1.1634511948,1.163,2,2.314,1.598
63,1.1664475203,1.166,2,2.284,1.516
64,1.1666686535,1.166,3,2.272,1.502
65,1.1682540178,1.168,3,2.175,1.391
66,1.1695736647,1.169,3,2.078,1.286
67,1.1709134579,1.17,3,1.971,1.171
68,1.1721491814,1.172,3,1.863,1.056
69,1.1732950211,1.173,3,1.754,0.94
70,1.1744076014,1.174,3,1.642,0.822
71,1.1754249334,1.175,3,1.531,0.705
72,1.1763225794,1.176,3,1.426,0.594
73,1.1771887541,1.177,3,1.316,0.477
74,1.1779799461,1.177,3,1.207,0.362
75,1.1786971092,1.178,3,1.102,0.249
76,1.179353714,1.179,3,0.997,0.137
77,1.1799757481,1.179,3,0.889,0.023
78,1.1805384159,1.18,3,0.785,-0.089
79,1.1810647249,1.18,3,0.679,-0.203
80,1.1815348864,1.181,3,0.577,-0.313
81,1.1819756031,1.181,3,0.475,-0.423
82,1.1823841333,1.182,3,0.374,-0.533
83,1.1827725172,1.182,3,0.271,-0.645
84,1.1831232309,1.183,3,0.172,-0.753
85,1.1834621429,1.183,3,0.071,-0.864
86,1.1837921143,1.183,3,-0.028,-0.973
87,1.1841757298,1.184,3,-0.123,-1.078
88,1.1843192577,1.184,3,-0.142,-1.097
89,1.1844211817,1.184,3,-0.117,-1.07
90,1.1846227646,1.184,3,-0.049,-0.994
91,1.1847084761,1.184,3,-0.011,-0.951
92,1.1847491264,1.184,3,-0.027,-0.969
93,1.1849976778,1.184,3,-0.123,-1.074
94,1.1852483749,1.185,3,-0.22,-1.181
95,1.1854788065,1.185,3,-0.313,-1.285
96,1.1856948137,1.185,3,-0.407,-1.389
97,1.185895443,1.185,3,-0.499,-1.493
98,1.1860837936,1.186,3,-0.592,-1.597
99,1.1862543821,1.186,3,-0.681,-1.697
100,1.186414361,1.186,3,-0.769,-1.796
101,1.1865589619,1.186,3,-0.854,-1.893
102,1.1866941452,1.186,3,-0.938,-1.989
103,1.1868194342,1.186,3,-1.021,-2.085
104,1.1869354248,1.186,3,-1.103,-2.179
105,1.1870447397,1.186,3,-1.184,-2.273
106,1.1871439219,1.187,3,-1.261,-2.363
107,1.1872389317,1.187,3,-1.339,-2.456
108,1.1873250008,1.187,3,-1.414,-2.545
109,1.1874076128,1.187,3,-1.49,-2.635
110,1.1874824762,1.187,3,-1.56,-2.721
111,1.1875531673,1.187,3,-1.629,-2.806
112,1.1876198053,1.187,3,-1.697,-2.892
113,1.1876959801,1.187,3,-1.779,-2.995
114,1.1877537966,1.187,3,-1.845,-3.078
115,1.1878200769,1.187,3,-1.924,-3.18
116,1.1878808737,1.187,3,-1.998,-3.278
117,1.1879372597,1.187,3,-2.071,-3.374
118,1.1879804134,1.187,3,-2.128,-3.452
119,1.1880289316,1.187,3,-2.194,-3.545
120,1.1880742311,1.188,3,-2.256,-3.635
121,1.1881097555,1.188,3,-2.306,-3.709
122,1.1881505251,1.188,3,-2.366,-3.798
123,1.188188076,1.188,3,-2.424,-3.884
124,1.1882238388,1.188,3,-2.481,-3.97
125,1.1882573366,1.188,3,-2.53,-4.049
126,1.188275218,1.188,3,-2.556,-4.089
127,1.188275218,1.188,4,0.262,-0.552
128,1.1885683537,1.188,4,0.238,-0.581
129,1.1888293028,1.188,4,0.228,-0.594
130,1.1890913248,1.189,4,0.219,-0.603
131,1.1893603802,1.189,4,0.211,-0.61
132,1.1896275282,1.189,4,0.204,-0.616
133,1.189895153,1.189,4,0.198,-0.621
134,1.1901848316,1.19,4,0.191,-0.626
135,1.1904500723,1.19,4,0.185,-0.631
136,1.1907302141,1.19,4,0.178,-0.636
137,1.1910082102,1.19,4,0.171,-0.642
138,1.1912795305,1.191,4,0.164,-0.648
139,1.1915574074,1.191,4,0.157,-0.653
140,1.1918237209,1.191,4,0.151,-0.659
141,1.1921066046,1.192,4,0.144,-0.665
142,1.1923885345,1.192,4,0.137,-0.671
143,1.1924835443,1.192,4,0.135,-0.673
144,1.1927245855,1.192,4,0.129,-0.678
145,1.1929991245,1.192,4,0.122,-0.684
146,1.1932984591,1.193,4,0.115,-0.69
147,1.1935912371,1.193,4,0.108,-0.697
148,1.1938756704,1.193,4,0.101,-0.703
149,1.1941696405,1.194,4,0.094,-0.71
150,1.1944689751,1.194,4,0.087,-0.717
151,1.1945246458,1.194,4,0.086,-0.718
152,1.1947686672,1.194,4,0.08,-0.725
153,1.1950204372,1.194,4,0.074,-0.731
154,1.195281744,1.195,4,0.067,-0.739
155,1.1955275536,1.195,4,0.06,-0.747
156,1.1957771778,1.195,4,0.053,-0.755
157,1.1960226297,1.195,4,0.045,-0.765
158,1.1962717772,1.196,4,0.037,-0.776
159,1.1965215206,1.196,4,0.027,-0.789
160,1.1967688799,1.196,4,0.016,-0.802
161,1.1970123053,1.196,4,0.004,-0.819
162,1.197258234,1.197,4,-0.015,-0.844
163,1.1975024939,1.197,4,-0.053,-0.894
164,1.1976884604,1.197,4,-0.115,-0.972
165,1.1977672577,1.197,4,-0.186,-1.059
166,1.197796464,1.197,4,-0.251,-1.137
167,1.1978093386,1.197,4,-0.317,-1.215
168,1.1978160143,1.197,4,-0.376,-1.285
169,1.1978167295,1.197,4,-0.382,-1.292
170,1.1978168488,1.197,7,-0.383,-1.293
171,1.1978189945,1.197,7,-0.421,-1.337
172,1.1978240013,1.197,7,-0.506,-1.435
173,1.1978290081,1.197,7,-0.598,-1.541
174,1.1978427172,1.197,7,-0.707,-1.667
175,1.1978676319,1.197,7,-0.627,-1.574
176,1.1980502605,1.196,7,-0.659,-1.612
177,1.1981451511,1.195,7,-0.754,-1.722
178,1.1982032061,1.195,7,-0.822,-1.801
179,1.1982607841,1.194,7,-0.893,-1.884
180,1.1983239651,1.193,7,-0.977,-1.981
181,1.198381424,1.192,7,-1.062,-2.079
182,1.1984336376,1.191,7,-1.146,-2.178
183,1.1984815598,1.19,7,-1.231,-2.279
184,1.1985245943,1.189,7,-1.308,-2.38
185,1.198563695,1.187,7,-1.384,-2.482
186,1.1985982656,1.185,7,-1.467,-2.581
187,1.1986302137,1.183,7,-1.548,-2.68
188,1.1986601353,1.18,7,-1.629,-2.778
189,1.1986886263,1.178,7,-1.707,-2.877
190,1.1987149715,1.174,7,-1.784,-2.975
191,1.1987394094,1.17,7,-1.858,-3.07
192,1.198764205,1.165,7,-1.932,-3.167
193,1.1987891197,1.159,7,-2.004,-3.263
194,1.1988139153,1.152,7,-2.073,-3.359
195,1.1988369226,1.143,7,-2.139,-3.456
196,1.1988540888,1.135,7,-2.202,-3.55
197,1.1988656521,1.128,7,-2.254,-3.63
198,1.1988773346,1.12,7,-2.309,-3.718
199,1.1988861561,1.113,7,-2.353,-3.79
200,1.198895216,1.103,7,-2.404,-3.875
201,1.1989058256,1.09,7,-2.455,-3.967
202,1.1989074945,1.087,7,-2.46,-3.976
203,1.1989082098,1.086,7,-2.46,-3.977
204,1.1989088058,1.085,7,-2.47,-3.995
205,1.1989094019,1.084,7,-2.48,-4.013
206,1.1989101171,1.083,7,-2.489,-4.03
207,1.1989109516,1.082,7,-2.499,-4.048
208,1.1989123821,1.079,7,-2.539,-4.118
209,1.1989141703,1.074,7,-2.601,-4.243
210,1.1989167929,1.065,7,-2.639,-4.334
