,Mini,Mass,label,Vmag,Imag
0,0.0900000036,0.09,1,16.112,12.412
1,0.0952385068,0.095,1,15.311,12.0
2,0.1000000015,0.1,1,14.669,11.699
3,0.1018652469,0.102,1,14.525,11.624
4,0.1199999899,0.12,1,13.35,10.96
5,0.1400000006,0.14,1,12.649,10.483
6,0.1599999964,0.16,1,12.169,10.127
7,0.2000000179,0.2,1,11.49,9.59
8,0.25,0.25,1,10.888,9.088
9,0.3000000119,0.3,1,10.426,8.681
10,0.3499999642,0.35,1,10.016,8.302
11,0.400000006,0.4,1,9.507,7.918
12,0.4499999881,0.45,1,8.964,7.494
13,0.4855171144,0.485,1,8.525,7.165
14,0.5,0.5,1,8.353,7.036
15,0.5500000715,0.55,1,7.681,6.552
16,0.6000000238,0.6,1,7.093,6.106
17,0.6499999762,0.65,1,6.568,5.694
18,0.6509889364,0.651,1,6.558,5.687
19,0.6896532774,0.69,1,6.194,5.396
20,0.6999999285,0.7,1,6.104,5.324
21,0.7225134373,0.723,1,5.913,5.169
22,0.75,0.75,1,5.69,4.988
23,0.7788859606,0.779,1,5.466,4.799
24,0.8000000119,0.8,1,5.307,4.662
25,0.8067415357,0.807,1,5.256,4.619
26,0.8459170461,0.845,1,4.965,4.367
27,0.8500000238,0.85,1,4.935,4.341
28,0.8795909882,0.879,1,4.719,4.154
29,0.8999999762,0.899,1,4.571,4.024
30,0.9108448625,0.91,1,4.492,3.957
31,0.938824296,0.938,1,4.288,3.78
32,0.9499999285,0.95,1,4.207,3.709
33,0.9750127792,0.975,1,4.022,3.552
34,0.9984788299,0.999,1,3.846,3.401
35,1.0,1.0,1,3.834,3.391
36,1.0197207928,1.02,1,3.684,3.266
37,1.0400410891,1.04,1,3.527,3.135
38,1.0499999523,1.05,1,3.449,3.07
39,1.0619684458,1.061,1,3.358,2.995
40,1.0766268969,1.076,1,3.245,2.901
41,1.0882054567,1.087,1,3.153,2.823
42,1.0989165306,1.098,1,3.068,2.748
43,1.1000000238,1.099,1,3.059,2.741
44,1.1127662659,1.112,1,2.971,2.656
45,1.1166465282,1.116,1,2.944,2.63
46,1.1284048557,1.128,1,2.833,2.533
47,1.1337581873,1.133,1,2.757,2.478
48,1.1356736422,1.135,1,2.699,2.437
49,1.1357811689,1.135,1,2.695,2.434
50,1.1419385672,1.141,2,2.61,2.337
51,1.1499999762,1.149,2,2.523,2.241
52,1.1580275297,1.157,2,2.436,2.134
53,1.163623929,1.163,2,2.373,2.048
54,1.1674824953,1.167,2,2.328,1.978
55,1.1710498333,1.17,2,2.286,1.905
56,1.1737302542,1.173,2,2.257,1.842
57,1.1760157347,1.175,2,2.235,1.784
58,1.1782318354,1.178,2,2.217,1.727
59,1.1803189516,1.18,2,2.211,1.677
60,1.1823413372,1.182,2,2.22,1.638
61,1.1842908859,1.184,2,2.25,1.618
62,1.1861778498,1.186,2,2.299,1.62
63,1.1884207726,1.188,2,2.341,1.614
64,1.191100955,1.191,2,2.335,1.563
65,1.1913434267,1.191,3,2.324,1.549
66,1.1930828094,1.193,3,2.229,1.441
67,1.1945315599,1.194,3,2.137,1.339
68,1.1960029602,1.195,3,2.032,1.226
69,1.197360754,1.197,3,1.927,1.114
70,1.1986202002,1.198,3,1.82,1.001
71,1.1998437643,1.199,3,1.711,0.885
72,1.2000000477,1.2,3,1.696,0.869
73,1.2010321617,1.201,3,1.601,0.769
74,1.2020866871,1.202,3,1.496,0.658
75,1.2031003237,1.203,3,1.387,0.542
76,1.2040231228,1.204,3,1.279,0.428
77,1.2048567533,1.204,3,1.174,0.316
78,1.2056177855,1.205,3,1.071,0.205
79,1.2063368559,1.206,3,0.964,0.092
80,1.2069858313,1.207,3,0.861,-0.019
81,1.2075914145,1.207,3,0.757,-0.131
82,1.2081313133,1.208,3,0.658,-0.238
83,1.2086364031,1.208,3,0.558,-0.346
84,1.2091038227,1.209,3,0.459,-0.454
85,1.2095474005,1.209,3,0.359,-0.563
86,1.2099473476,1.21,3,0.263,-0.668
87,1.2103332281,1.21,3,0.166,-0.775
88,1.2107086182,1.21,3,0.072,-0.878
89,1.2111443281,1.211,3,-0.017,-0.976
90,1.2113069296,1.211,3,-0.034,-0.995
91,1.2115770578,1.211,3,0.022,-0.932
92,1.211774826,1.211,3,0.095,-0.85
93,1.2118207216,1.211,3,0.083,-0.864
94,1.2121152878,1.212,3,-0.012,-0.968
95,1.2124050856,1.212,3,-0.105,-1.071
96,1.2126883268,1.212,3,-0.2,-1.177
97,1.2129467726,1.213,3,-0.293,-1.28
98,1.2131909132,1.213,3,-0.386,-1.384
99,1.2134124041,1.213,3,-0.476,-1.485
100,1.2136216164,1.213,3,-0.566,-1.587
101,1.2138136625,1.213,3,-0.654,-1.687
102,1.2139891386,1.214,3,-0.74,-1.785
103,1.2141523361,1.214,3,-0.826,-1.883
104,1.2143050432,1.214,3,-0.911,-1.981
105,1.2144451141,1.214,3,-0.994,-2.076
106,1.2145742178,1.214,3,-1.074,-2.169
107,1.2146981955,1.214,3,-1.156,-2.265
108,1.2148106098,1.214,3,-1.235,-2.358
109,1.2149173021,1.214,3,-1.313,-2.451
110,1.2150139809,1.215,3,-1.387,-2.541
111,1.2151058912,1.215,3,-1.459,-2.63
112,1.2151912451,1.215,3,-1.53,-2.718
113,1.2152711153,1.215,3,-1.6,-2.806
114,1.2153478861,1.215,3,-1.672,-2.895
115,1.2154340744,1.215,3,-1.755,-3.001
116,1.2155138254,1.215,3,-1.835,-3.106
117,1.2155740261,1.215,3,-1.899,-3.19
118,1.2156435251,1.215,3,-1.977,-3.292
119,1.2157071829,1.215,3,-2.051,-3.393
120,1.2157666683,1.215,3,-2.118,-3.491
121,1.2158126831,1.215,3,-2.173,-3.572
122,1.2158644199,1.215,3,-2.238,-3.667
123,1.2159132957,1.215,3,-2.303,-3.762
124,1.2159594297,1.216,3,-2.364,-3.857
125,1.2160025835,1.216,3,-2.423,-3.95
126,1.2160428762,1.216,3,-2.478,-4.037
127,1.2160664797,1.216,3,-2.509,-4.086
128,1.2160664797,1.216,4,0.284,-0.545
129,1.2163820267,1.216,4,0.261,-0.574
130,1.2166726589,1.216,4,0.25,-0.586
131,1.216971159,1.217,4,0.241,-0.596
132,1.2172651291,1.217,4,0.234,-0.602
133,1.2175706625,1.217,4,0.227,-0.607
134,1.2178726196,1.217,4,0.222,-0.612
135,1.2181733847,1.218,4,0.216,-0.617
136,1.2185020447,1.218,4,0.209,-0.622
137,1.2188310623,1.218,4,0.203,-0.627
138,1.2191371918,1.219,4,0.197,-0.632
139,1.2194570303,1.219,4,0.19,-0.637
140,1.2197730541,1.219,4,0.183,-0.643
141,1.2200753689,1.22,4,0.177,-0.648
142,1.2203874588,1.22,4,0.171,-0.654
143,1.2207062244,1.22,4,0.164,-0.659
144,1.2208023071,1.22,4,0.162,-0.661
145,1.2209484577,1.221,4,0.159,-0.664
146,1.2212725878,1.221,4,0.152,-0.67
147,1.2215832472,1.221,4,0.146,-0.675
148,1.2219073772,1.222,4,0.139,-0.682
149,1.2222321033,1.222,4,0.132,-0.688
150,1.2225546837,1.222,4,0.126,-0.694
151,1.2228839397,1.222,4,0.119,-0.701
152,1.2231087685,1.223,4,0.114,-0.706
153,1.2231930494,1.223,4,0.112,-0.708
154,1.2234950066,1.223,4,0.106,-0.715
155,1.223790884,1.223,4,0.099,-0.722
156,1.2241010666,1.224,4,0.092,-0.73
157,1.2244136333,1.224,4,0.084,-0.739
158,1.2247102261,1.224,4,0.076,-0.749
159,1.2250134945,1.225,4,0.067,-0.761
160,1.2253154516,1.225,4,0.057,-0.773
161,1.2256145477,1.225,4,0.046,-0.787
162,1.2259143591,1.226,4,0.039,-0.795
163,1.2262305021,1.226,4,0.02,-0.821
164,1.2265293598,1.226,4,-0.017,-0.869
165,1.2267789841,1.226,4,-0.086,-0.956
166,1.2268807888,1.226,4,-0.162,-1.049
167,1.2269186974,1.227,4,-0.238,-1.141
168,1.2269343138,1.227,4,-0.311,-1.227
169,1.2269420624,1.227,4,-0.377,-1.305
170,1.2269421816,1.226,7,-0.378,-1.306
171,1.226944685,1.226,7,-0.416,-1.35
172,1.2269502878,1.226,7,-0.5,-1.447
173,1.2269558907,1.226,7,-0.583,-1.543
174,1.2269715071,1.226,7,-0.656,-1.627
175,1.2269997597,1.226,7,-0.576,-1.535
176,1.2272065878,1.225,7,-0.617,-1.583
177,1.2273141146,1.225,7,-0.717,-1.7
178,1.2273799181,1.224,7,-0.791,-1.786
179,1.2274451256,1.224,7,-0.865,-1.871
180,1.2275166512,1.223,7,-0.948,-1.969
181,1.2275816202,1.222,7,-1.032,-2.068
182,1.2276408672,1.221,7,-1.117,-2.167
183,1.2276949883,1.22,7,-1.203,-2.269
184,1.2277437449,1.219,7,-1.28,-2.368
185,1.2277879715,1.217,7,-1.35,-2.467
186,1.2278270721,1.216,7,-1.433,-2.567
187,1.2278631926,1.214,7,-1.513,-2.665
188,1.2278971672,1.212,7,-1.589,-2.761
189,1.2279293537,1.209,7,-1.665,-2.859
190,1.227959156,1.206,7,-1.742,-2.957
191,1.2279868126,1.203,7,-1.816,-3.052
192,1.2280148268,1.198,7,-1.887,-3.147
193,1.2280430794,1.193,7,-1.957,-3.242
194,1.2280712128,1.186,7,-2.026,-3.337
195,1.2280972004,1.178,7,-2.091,-3.434
196,1.2281166315,1.171,7,-2.15,-3.524
197,1.2281297445,1.165,7,-2.202,-3.606
198,1.2281428576,1.158,7,-2.259,-3.696
199,1.2281528711,1.151,7,-2.306,-3.773
200,1.2281631231,1.143,7,-2.356,-3.858
201,1.2281750441,1.131,7,-2.409,-3.954
202,1.2281770706,1.129,7,-2.41,-3.956
203,1.2281779051,1.128,7,-2.407,-3.951
204,1.2281786203,1.127,7,-2.422,-3.978
205,1.2281792164,1.126,7,-2.436,-4.002
206,1.2281799316,1.125,7,-2.45,-4.026
207,1.2281808853,1.124,7,-2.464,-4.052
208,1.2281825542,1.121,7,-2.497,-4.115
209,1.2281847,1.117,7,-2.548,-4.227
210,1.228187561,1.109,7,-2.587,-4.322
