,Mini,Mass,label,Vmag,Imag
0,0.0900000036,0.09,1,15.611,12.214
1,0.0992314965,0.099,1,14.298,11.596
2,0.1000000015,0.1,1,14.201,11.547
3,0.1199999973,0.12,1,13.0,10.819
4,0.1400000006,0.14,1,12.361,10.356
5,0.1599999964,0.16,1,11.914,10.008
6,0.2000000179,0.2,1,11.26,9.474
7,0.25,0.25,1,10.677,8.958
8,0.3000000417,0.3,1,10.186,8.543
9,0.349999994,0.35,1,9.743,8.178
10,0.400000006,0.4,1,9.308,7.821
11,0.4026891291,0.403,1,9.278,7.797
12,0.4500000179,0.45,1,8.789,7.405
13,0.5,0.5,1,8.159,6.937
14,0.5500000715,0.55,1,7.513,6.455
15,0.6000000238,0.6,1,6.959,6.018
16,0.6028035879,0.603,1,6.929,5.994
17,0.6458941698,0.646,1,6.486,5.642
18,0.6499999762,0.65,1,6.447,5.611
19,0.6645725369,0.665,1,6.309,5.499
20,0.6927537322,0.693,1,6.054,5.293
21,0.6999999881,0.7,1,5.99,5.241
22,0.7024877071,0.703,1,5.969,5.224
23,0.7310001254,0.731,1,5.727,5.026
24,0.75,0.75,1,5.571,4.897
25,0.762834549,0.763,1,5.467,4.808
26,0.7900549769,0.79,1,5.25,4.621
27,0.8000000119,0.8,1,5.171,4.552
28,0.8221265078,0.822,1,4.996,4.4
29,0.8498441577,0.849,1,4.776,4.209
30,0.8500000238,0.85,1,4.774,4.208
31,0.8525543809,0.852,1,4.754,4.191
32,0.8790594935,0.879,1,4.545,4.009
33,0.8999999762,0.899,1,4.377,3.863
34,0.901519537,0.901,1,4.365,3.853
35,0.9221923351,0.922,1,4.196,3.708
36,0.9409759045,0.94,1,4.039,3.572
37,0.9499999881,0.95,1,3.961,3.505
38,0.9555839896,0.955,1,3.913,3.465
39,0.9709034562,0.971,1,3.778,3.351
40,0.9842699766,0.984,1,3.658,3.249
41,0.9968568087,0.997,1,3.542,3.152
42,1.0,1.0,1,3.513,3.127
43,1.0041569471,1.004,1,3.475,3.095
44,1.0169157982,1.017,1,3.354,2.996
45,1.0280941725,1.028,1,3.245,2.904
46,1.0376784801,1.037,1,3.145,2.819
47,1.0499999523,1.05,1,3.006,2.698
48,1.0502866507,1.05,1,3.003,2.695
49,1.0515680313,1.051,1,2.989,2.682
50,1.0604015589,1.06,1,2.877,2.577
51,1.0623986721,1.062,1,2.847,2.549
52,1.0649760962,1.064,2,2.812,2.514
53,1.0704430342,1.07,2,2.741,2.441
54,1.0763449669,1.076,2,2.66,2.354
55,1.0827385187,1.082,2,2.566,2.246
56,1.0880411863,1.087,2,2.481,2.134
57,1.0917038918,1.091,2,2.419,2.04
58,1.0939000845,1.093,2,2.381,1.971
59,1.0955451727,1.095,2,2.353,1.91
60,1.0967452526,1.096,2,2.333,1.861
61,1.0979419947,1.097,2,2.315,1.81
62,1.0989230871,1.098,2,2.304,1.768
63,1.0998094082,1.099,2,2.297,1.73
64,1.1000000238,1.099,2,2.297,1.724
65,1.1007859707,1.1,2,2.3,1.698
66,1.101733923,1.101,2,2.314,1.678
67,1.1026661396,1.102,2,2.34,1.67
68,1.1036038399,1.103,2,2.369,1.668
69,1.1045482159,1.104,2,2.384,1.657
70,1.1059091091,1.105,2,2.348,1.592
71,1.1065005064,1.106,2,2.32,1.554
72,1.1070691347,1.106,2,2.274,1.501
73,1.1081926823,1.108,3,2.174,1.389
74,1.1091207266,1.108,3,2.08,1.287
75,1.1100008488,1.109,3,1.983,1.184
76,1.1108541489,1.11,3,1.882,1.076
77,1.1116551161,1.111,3,1.78,0.969
78,1.1124620438,1.112,3,1.671,0.854
79,1.1131956577,1.113,3,1.565,0.742
80,1.1138732433,1.113,3,1.46,0.631
81,1.114487052,1.114,3,1.359,0.524
82,1.1150692701,1.114,3,1.256,0.415
83,1.1156392097,1.115,3,1.148,0.3
84,1.1161251068,1.115,3,1.048,0.194
85,1.1165901423,1.116,3,0.946,0.085
86,1.1170288324,1.116,3,0.843,-0.025
87,1.1174293756,1.117,3,0.742,-0.133
88,1.1178025007,1.117,3,0.641,-0.242
89,1.1181471348,1.117,3,0.54,-0.35
90,1.1184608936,1.118,3,0.442,-0.456
91,1.1187604666,1.118,3,0.343,-0.563
92,1.1190342903,1.118,3,0.246,-0.669
93,1.1192916632,1.119,3,0.149,-0.774
94,1.119528532,1.119,3,0.055,-0.877
95,1.1197544336,1.119,3,-0.039,-0.98
96,1.1199644804,1.119,3,-0.124,-1.074
97,1.1202046871,1.119,3,-0.203,-1.16
98,1.1203192472,1.12,3,-0.232,-1.192
99,1.1204625368,1.12,3,-0.193,-1.148
100,1.1205900908,1.12,3,-0.102,-1.046
101,1.1205991507,1.12,3,-0.097,-1.041
102,1.1207677126,1.12,3,-0.187,-1.14
103,1.1209493876,1.12,3,-0.285,-1.248
104,1.1211175919,1.12,3,-0.379,-1.353
105,1.1212732792,1.121,3,-0.472,-1.457
106,1.1214199066,1.121,3,-0.566,-1.561
107,1.1215548515,1.121,3,-0.657,-1.663
108,1.1216830015,1.121,3,-0.748,-1.767
109,1.1218004227,1.121,3,-0.837,-1.867
110,1.121909976,1.121,3,-0.925,-1.967
111,1.1220099926,1.121,3,-1.011,-2.066
112,1.1221052408,1.121,3,-1.098,-2.165
113,1.1221926212,1.121,3,-1.183,-2.263
114,1.1222735643,1.122,3,-1.265,-2.359
115,1.1223506927,1.122,3,-1.347,-2.456
116,1.1224206686,1.122,3,-1.427,-2.551
117,1.1224879026,1.122,3,-1.507,-2.648
118,1.1225628853,1.122,3,-1.604,-2.764
119,1.1226198673,1.122,3,-1.677,-2.855
120,1.1226855516,1.122,3,-1.769,-2.969
121,1.1227447987,1.122,3,-1.855,-3.079
122,1.1228004694,1.122,3,-1.943,-3.19
123,1.1228425503,1.122,3,-2.012,-3.28
124,1.1228899956,1.122,3,-2.091,-3.386
125,1.1229345798,1.122,3,-2.168,-3.493
126,1.1229760647,1.122,3,-2.244,-3.599
127,1.1230148077,1.122,3,-2.316,-3.703
128,1.1230500937,1.122,3,-2.383,-3.803
129,1.1230838299,1.122,3,-2.45,-3.904
130,1.1231158972,1.122,3,-2.517,-4.004
131,1.1231418848,1.122,3,-2.568,-4.082
132,1.1231418848,1.122,4,0.273,-0.532
133,1.123362422,1.123,4,0.247,-0.563
134,1.1235822439,1.123,4,0.236,-0.575
135,1.1238052845,1.123,4,0.227,-0.585
136,1.1240295172,1.123,4,0.219,-0.592
137,1.124256134,1.123,4,0.212,-0.597
138,1.1244739294,1.124,4,0.206,-0.602
139,1.1246950626,1.124,4,0.2,-0.607
140,1.1249172688,1.124,4,0.193,-0.611
141,1.1251462698,1.124,4,0.187,-0.616
142,1.1253548861,1.125,4,0.18,-0.621
143,1.1255800724,1.125,4,0.174,-0.626
144,1.1258044243,1.125,4,0.167,-0.632
145,1.1260277033,1.125,4,0.16,-0.637
146,1.1262434721,1.125,4,0.154,-0.642
147,1.1262936592,1.125,4,0.153,-0.643
148,1.1263378859,1.126,4,0.151,-0.644
149,1.1265603304,1.126,4,0.145,-0.65
150,1.1267721653,1.126,4,0.139,-0.655
151,1.1270004511,1.126,4,0.132,-0.661
152,1.1272114515,1.126,4,0.126,-0.666
153,1.1274243593,1.127,4,0.12,-0.672
154,1.1276385784,1.127,4,0.114,-0.678
155,1.1278518438,1.127,4,0.108,-0.684
156,1.1278705597,1.127,4,0.107,-0.685
157,1.1279860735,1.127,4,0.104,-0.688
158,1.128203392,1.127,4,0.097,-0.695
159,1.1284155846,1.128,4,0.09,-0.703
160,1.1286226511,1.128,4,0.083,-0.712
161,1.1288356781,1.128,4,0.075,-0.721
162,1.1290472746,1.128,4,0.067,-0.731
163,1.1292552948,1.128,4,0.059,-0.742
164,1.1294642687,1.129,4,0.049,-0.754
165,1.129675746,1.129,4,0.038,-0.767
166,1.1298844814,1.129,4,0.027,-0.78
167,1.1300954819,1.129,4,0.023,-0.787
168,1.1303129196,1.129,4,-0.009,-0.83
169,1.1305252314,1.13,4,-0.078,-0.919
170,1.1306196451,1.13,4,-0.158,-1.018
171,1.1306517124,1.13,4,-0.238,-1.116
172,1.130663991,1.13,4,-0.319,-1.211
173,1.1306687593,1.13,7,-0.381,-1.284
174,1.1306703091,1.13,7,-0.412,-1.32
175,1.130674839,1.13,7,-0.513,-1.436
176,1.1306784153,1.13,7,-0.58,-1.514
177,1.1306821108,1.13,7,-0.627,-1.567
178,1.1306874752,1.129,7,-0.624,-1.563
179,1.130697608,1.129,7,-0.581,-1.513
180,1.1307172775,1.129,7,-0.553,-1.481
181,1.1308051348,1.129,7,-0.577,-1.51
182,1.1308614016,1.128,7,-0.642,-1.584
183,1.130923152,1.127,7,-0.744,-1.703
184,1.1309814453,1.127,7,-0.861,-1.838
185,1.1310340166,1.126,7,-0.967,-1.961
186,1.1310806274,1.124,7,-1.064,-2.073
187,1.1311221123,1.123,7,-1.156,-2.181
188,1.1311585903,1.121,7,-1.244,-2.284
189,1.1311912537,1.12,7,-1.325,-2.386
190,1.1312199831,1.118,7,-1.396,-2.485
191,1.1312463284,1.115,7,-1.479,-2.586
192,1.1312708855,1.113,7,-1.562,-2.688
193,1.1312938929,1.11,7,-1.645,-2.789
194,1.1313154697,1.106,7,-1.727,-2.89
195,1.1313352585,1.102,7,-1.803,-2.988
196,1.1313533783,1.097,7,-1.875,-3.082
197,1.1313716173,1.091,7,-1.947,-3.176
198,1.1313897371,1.084,7,-2.018,-3.269
199,1.1314078569,1.074,7,-2.083,-3.361
200,1.1314254999,1.063,7,-2.146,-3.457
201,1.1314409971,1.051,7,-2.217,-3.563
202,1.1314522028,1.039,7,-2.284,-3.668
203,1.1314617395,1.026,7,-2.339,-3.761
204,1.1314700842,1.012,7,-2.395,-3.858
205,1.1314780712,0.994,7,-2.453,-3.96
206,1.131483078,0.98,7,-2.447,-3.961
207,1.1314845085,0.975,7,-2.53,-4.109
208,1.1314846277,0.975,7,-2.533,-4.116
209,1.1314847469,0.974,7,-2.522,-4.097
210,1.1314848661,0.974,7,-2.549,-4.146
211,1.1314849854,0.974,7,-2.546,-4.142
212,1.1314854622,0.972,7,-2.565,-4.18
213,1.131485939,0.97,7,-2.587,-4.226
214,1.1314864159,0.967,7,-2.608,-4.271
215,1.1314870119,0.964,7,-2.626,-4.318
216,1.1314879656,0.956,7,-2.644,-4.367
217,1.1314895153,0.944,7,-2.66,-4.419
