,Mini,Mass,label,Vmag,Imag
0,0.0900000036,0.09,1,16.136,12.421
1,0.1000000015,0.1,1,14.693,11.707
2,0.1199999973,0.12,1,13.369,10.966
3,0.1400000006,0.14,1,12.663,10.489
4,0.1599999964,0.16,1,12.181,10.132
5,0.2000000179,0.2,1,11.498,9.593
6,0.25,0.25,1,10.892,9.087
7,0.3000000417,0.3,1,10.426,8.677
8,0.349999994,0.35,1,10.021,8.303
9,0.400000006,0.4,1,9.515,7.919
10,0.4500000179,0.45,1,8.966,7.493
11,0.5,0.5,1,8.352,7.033
12,0.5500000715,0.55,1,7.673,6.544
13,0.6000000238,0.6,1,7.08,6.094
14,0.6199669838,0.62,1,6.859,5.922
15,0.6499999762,0.65,1,6.549,5.678
16,0.6598687768,0.66,1,6.45,5.599
17,0.6922008395,0.692,1,6.148,5.357
18,0.6999999881,0.7,1,6.079,5.302
19,0.7253786922,0.725,1,5.861,5.125
20,0.75,0.75,1,5.657,4.959
21,0.7779130936,0.778,1,5.436,4.77
22,0.8000000119,0.8,1,5.264,4.622
23,0.8101357818,0.81,1,5.185,4.555
24,0.8419188857,0.841,1,4.941,4.342
25,0.8500000238,0.85,1,4.879,4.287
26,0.8726184368,0.872,1,4.706,4.137
27,0.8994505405,0.899,1,4.501,3.957
28,0.8999999762,0.899,1,4.496,3.954
29,0.9221109152,0.922,1,4.325,3.805
30,0.942856729,0.942,1,4.162,3.663
31,0.9500000477,0.95,1,4.105,3.613
32,0.9565942287,0.956,1,4.053,3.568
33,0.9765195251,0.976,1,3.89,3.427
34,0.9944435358,0.995,1,3.74,3.298
35,1.0,1.0,1,3.693,3.257
36,1.0154578686,1.015,1,3.563,3.146
37,1.0319901705,1.032,1,3.421,3.025
38,1.0458794832,1.045,1,3.298,2.918
39,1.0499999523,1.05,1,3.26,2.885
40,1.0595443249,1.059,1,3.17,2.806
41,1.0680781603,1.067,1,3.088,2.732
42,1.0703448057,1.07,1,3.066,2.711
43,1.0741821527,1.074,1,3.024,2.672
44,1.0802196264,1.08,1,2.956,2.608
45,1.0859566927,1.085,1,2.887,2.543
46,1.0896980762,1.089,1,2.836,2.493
47,1.0939718485,1.093,1,2.785,2.439
48,1.1000000238,1.099,2,2.713,2.362
49,1.1016294956,1.101,2,2.693,2.341
50,1.1108443737,1.11,2,2.571,2.197
51,1.1167581081,1.116,2,2.487,2.081
52,1.1208562851,1.12,2,2.431,1.981
53,1.1232129335,1.123,2,2.402,1.916
54,1.1250195503,1.124,2,2.384,1.864
55,1.1263808012,1.126,2,2.378,1.826
56,1.1278339624,1.127,2,2.382,1.792
57,1.1290788651,1.128,2,2.393,1.767
58,1.1301461458,1.129,2,2.415,1.759
59,1.1311091185,1.13,2,2.439,1.755
60,1.1320061684,1.131,2,2.463,1.753
61,1.1328847408,1.132,2,2.464,1.734
62,1.1339776516,1.133,2,2.455,1.704
63,1.1352456808,1.135,2,2.432,1.657
64,1.1353996992,1.135,2,2.429,1.651
65,1.13560462,1.135,2,2.416,1.636
66,1.1370334625,1.136,3,2.312,1.519
67,1.1382206678,1.137,3,2.213,1.41
68,1.1393289566,1.139,3,2.111,1.301
69,1.1404448748,1.14,3,1.999,1.181
70,1.1414680481,1.141,3,1.888,1.064
71,1.1423434019,1.142,3,1.786,0.956
72,1.143263936,1.143,3,1.671,0.835
73,1.1440585852,1.143,3,1.565,0.723
74,1.1448078156,1.144,3,1.457,0.608
75,1.1454759836,1.145,3,1.353,0.497
76,1.1461248398,1.145,3,1.243,0.38
77,1.1466866732,1.146,3,1.141,0.271
78,1.1472427845,1.146,3,1.031,0.154
79,1.1477178335,1.147,3,0.93,0.045
80,1.1481770277,1.147,3,0.825,-0.067
81,1.1486020088,1.148,3,0.721,-0.18
82,1.1489839554,1.148,3,0.621,-0.289
83,1.1493479013,1.149,3,0.518,-0.401
84,1.1496750116,1.149,3,0.419,-0.509
85,1.1499936581,1.149,3,0.316,-0.622
86,1.1499999762,1.149,3,0.314,-0.624
87,1.1500684023,1.149,3,0.293,-0.647
88,1.1503868103,1.15,3,0.19,-0.76
89,1.1506968737,1.15,3,0.092,-0.868
90,1.1510574818,1.15,3,-0.001,-0.971
91,1.1511921883,1.151,3,-0.028,-1.001
92,1.1512885094,1.151,3,-0.014,-0.985
93,1.1514786482,1.151,3,0.066,-0.894
94,1.1515593529,1.151,3,0.109,-0.847
95,1.1515969038,1.151,3,0.093,-0.864
96,1.1518259048,1.151,3,-0.003,-0.97
97,1.1520568132,1.151,3,-0.1,-1.077
98,1.152269125,1.152,3,-0.193,-1.181
99,1.1524682045,1.152,3,-0.287,-1.285
100,1.1526529789,1.152,3,-0.379,-1.388
101,1.1528266668,1.152,3,-0.47,-1.492
102,1.1529836655,1.152,3,-0.558,-1.592
103,1.1531312466,1.153,3,-0.647,-1.693
104,1.1532645226,1.153,3,-0.733,-1.791
105,1.1533892155,1.153,3,-0.818,-1.889
106,1.1535046101,1.153,3,-0.901,-1.985
107,1.1536114216,1.153,3,-0.983,-2.08
108,1.1537123919,1.153,3,-1.065,-2.176
109,1.1538038254,1.153,3,-1.144,-2.269
110,1.153891325,1.153,3,-1.224,-2.363
111,1.1539707184,1.153,3,-1.298,-2.453
112,1.1540468931,1.153,3,-1.372,-2.544
113,1.1541159153,1.153,3,-1.442,-2.632
114,1.1541811228,1.154,3,-1.514,-2.72
115,1.1542426348,1.154,3,-1.585,-2.809
116,1.154312849,1.154,3,-1.667,-2.915
117,1.1543661356,1.154,3,-1.734,-3.002
118,1.1544274092,1.154,3,-1.814,-3.107
119,1.1544833183,1.154,3,-1.892,-3.21
120,1.1545354128,1.154,3,-1.967,-3.312
121,1.1545752287,1.154,3,-2.023,-3.393
122,1.1546199322,1.154,3,-2.089,-3.49
123,1.1546616554,1.154,3,-2.155,-3.586
124,1.154694438,1.154,3,-2.209,-3.665
125,1.1547321081,1.154,3,-2.27,-3.76
126,1.154766798,1.154,3,-2.329,-3.853
127,1.1547996998,1.154,3,-2.388,-3.945
128,1.154830575,1.154,3,-2.443,-4.032
129,1.1548471451,1.154,3,-2.47,-4.077
130,1.1548471451,1.154,4,0.321,-0.512
131,1.1550987959,1.154,4,0.295,-0.543
132,1.1553229094,1.155,4,0.285,-0.554
133,1.1555478573,1.155,4,0.277,-0.563
134,1.1557790041,1.155,4,0.27,-0.569
135,1.1560083628,1.155,4,0.265,-0.573
136,1.1562381983,1.156,4,0.26,-0.577
137,1.1564871073,1.156,4,0.255,-0.581
138,1.156714797,1.156,4,0.25,-0.584
139,1.1569553614,1.156,4,0.245,-0.588
140,1.1571941376,1.157,4,0.239,-0.592
141,1.1574273109,1.157,4,0.234,-0.596
142,1.1576660872,1.157,4,0.229,-0.601
143,1.1578947306,1.157,4,0.223,-0.605
144,1.1581379175,1.158,4,0.218,-0.609
145,1.1583800316,1.158,4,0.212,-0.614
146,1.1584616899,1.158,4,0.21,-0.616
147,1.158673048,1.158,4,0.205,-0.62
148,1.1589138508,1.158,4,0.2,-0.625
149,1.1591763496,1.159,4,0.194,-0.63
150,1.1594332457,1.159,4,0.188,-0.636
151,1.1596827507,1.159,4,0.182,-0.641
152,1.1599407196,1.159,4,0.176,-0.647
153,1.1602034569,1.16,4,0.169,-0.654
154,1.1602522135,1.16,4,0.168,-0.655
155,1.1604884863,1.16,4,0.162,-0.662
156,1.1607325077,1.16,4,0.155,-0.669
157,1.1609858274,1.16,4,0.148,-0.677
158,1.1612241268,1.161,4,0.14,-0.686
159,1.1614662409,1.161,4,0.132,-0.695
160,1.1617045403,1.161,4,0.124,-0.706
161,1.1619464159,1.161,4,0.114,-0.718
162,1.162189126,1.162,4,0.103,-0.731
163,1.1624295712,1.162,4,0.09,-0.747
164,1.1626663208,1.162,4,0.087,-0.75
165,1.1629055738,1.162,4,0.068,-0.775
166,1.1631433964,1.163,4,0.023,-0.833
167,1.1633244753,1.163,4,-0.049,-0.923
168,1.1634013653,1.163,4,-0.127,-1.018
169,1.1634297371,1.163,4,-0.198,-1.103
170,1.1634423733,1.163,4,-0.274,-1.193
171,1.1634488106,1.163,4,-0.348,-1.281
172,1.1634495258,1.163,7,-0.358,-1.293
173,1.1634515524,1.163,7,-0.396,-1.336
174,1.1634557247,1.163,7,-0.479,-1.433
175,1.1634601355,1.163,7,-0.555,-1.521
176,1.1634720564,1.163,7,-0.583,-1.553
177,1.1634936333,1.162,7,-0.531,-1.493
178,1.1636517048,1.161,7,-0.568,-1.536
179,1.1637339592,1.161,7,-0.67,-1.655
180,1.1637842655,1.16,7,-0.752,-1.751
181,1.163834095,1.16,7,-0.836,-1.849
182,1.1638888121,1.159,7,-0.925,-1.954
183,1.1639386415,1.158,7,-1.012,-2.056
184,1.1639838219,1.157,7,-1.097,-2.157
185,1.1640253067,1.155,7,-1.183,-2.259
186,1.1640626192,1.154,7,-1.26,-2.359
187,1.1640964746,1.152,7,-1.328,-2.458
188,1.1641263962,1.15,7,-1.41,-2.558
189,1.1641540527,1.148,7,-1.486,-2.654
190,1.1641799212,1.145,7,-1.562,-2.75
191,1.1642045975,1.142,7,-1.638,-2.847
192,1.1642273664,1.138,7,-1.714,-2.945
193,1.1642485857,1.134,7,-1.783,-3.037
194,1.1642700434,1.129,7,-1.852,-3.13
195,1.1642916203,1.122,7,-1.919,-3.223
196,1.1643130779,1.114,7,-1.984,-3.316
197,1.1643329859,1.105,7,-2.046,-3.413
198,1.164347887,1.096,7,-2.109,-3.512
199,1.1643579006,1.089,7,-2.163,-3.596
200,1.1643679142,1.08,7,-2.218,-3.687
201,1.1643755436,1.072,7,-2.262,-3.764
202,1.1643835306,1.061,7,-2.309,-3.848
203,1.1643925905,1.046,7,-2.381,-3.983
204,1.1643941402,1.042,7,-2.411,-4.048
205,1.1643947363,1.041,7,-2.422,-4.076
206,1.1643952131,1.039,7,-2.438,-4.112
207,1.1643958092,1.038,7,-2.451,-4.143
208,1.1643964052,1.036,7,-2.466,-4.178
209,1.1643971205,1.033,7,-2.479,-4.21
210,1.1643983126,1.028,7,-2.508,-4.285
211,1.1643999815,1.02,7,-2.526,-4.347
212,1.1644021273,1.007,7,-2.533,-4.395
