,Mini,Mass,label,Vmag,Imag
0,0.0900000036,0.09,1,15.365,12.151
1,0.0943136364,0.094,1,14.712,11.848
2,0.1000000089,0.1,1,13.958,11.466
3,0.1031652167,0.103,1,13.753,11.343
4,0.1200000048,0.12,1,12.819,10.742
5,0.1400000006,0.14,1,12.204,10.285
6,0.1599999964,0.16,1,11.769,9.939
7,0.2000000179,0.2,1,11.137,9.403
8,0.2214336544,0.221,1,10.874,9.167
9,0.25,0.25,1,10.528,8.883
10,0.3000000417,0.3,1,10.014,8.465
11,0.335044086,0.335,1,9.732,8.218
12,0.3500000238,0.35,1,9.621,8.12
13,0.4000000358,0.4,1,9.201,7.769
14,0.4500000477,0.45,1,8.684,7.357
15,0.5,0.5,1,8.075,6.899
16,0.5500000715,0.55,1,7.469,6.436
17,0.6000000238,0.6,1,6.935,6.01
18,0.6341226101,0.634,1,6.59,5.733
19,0.6499999762,0.65,1,6.441,5.612
20,0.6580737829,0.658,1,6.365,5.552
21,0.6924552917,0.693,1,6.06,5.305
22,0.7000000477,0.7,1,5.995,5.252
23,0.7311899662,0.731,1,5.737,5.041
24,0.75,0.75,1,5.586,4.916
25,0.7621551156,0.762,1,5.49,4.835
26,0.7944501638,0.794,1,5.24,4.62
27,0.8000000715,0.8,1,5.197,4.583
28,0.8234341741,0.823,1,5.018,4.429
29,0.8500000834,0.85,1,4.815,4.254
30,0.8569054008,0.856,1,4.763,4.209
31,0.8879401088,0.887,1,4.529,4.008
32,0.8999999762,0.899,1,4.437,3.929
33,0.9158667922,0.915,1,4.317,3.828
34,0.9395724535,0.939,1,4.135,3.673
35,0.9500000477,0.95,1,4.053,3.604
36,0.959608078,0.959,1,3.979,3.543
37,0.9793925285,0.979,1,3.821,3.413
38,0.9964464307,0.997,1,3.681,3.298
39,1.0,1.0,1,3.652,3.274
40,1.0051215887,1.005,1,3.61,3.241
41,1.0190434456,1.019,1,3.492,3.148
42,1.032628417,1.032,1,3.375,3.056
43,1.0459946394,1.046,1,3.258,2.964
44,1.0499999523,1.05,1,3.222,2.936
45,1.0568628311,1.056,1,3.163,2.889
46,1.065420866,1.065,1,3.088,2.827
47,1.0727381706,1.072,1,3.022,2.772
48,1.0824065208,1.082,1,2.938,2.699
49,1.0836948156,1.083,1,2.927,2.69
50,1.0918995142,1.091,1,2.826,2.61
51,1.0938552618,1.093,1,2.798,2.587
52,1.0975302458,1.097,2,2.761,2.555
53,1.1000000238,1.099,2,2.735,2.532
54,1.1103984118,1.11,2,2.618,2.42
55,1.1229906082,1.122,2,2.462,2.26
56,1.1331757307,1.132,2,2.317,2.089
57,1.1398378611,1.139,2,2.208,1.932
58,1.1437565088,1.143,2,2.141,1.804
59,1.1458897591,1.145,2,2.109,1.719
60,1.1473947763,1.147,2,2.092,1.651
61,1.1484464407,1.148,2,2.085,1.602
62,1.1494588852,1.149,2,2.085,1.557
63,1.1499999762,1.149,2,2.087,1.533
64,1.1503812075,1.15,2,2.089,1.519
65,1.1518733501,1.151,2,2.116,1.484
66,1.1534067392,1.153,2,2.149,1.46
67,1.155626893,1.155,2,2.167,1.421
68,1.1559847593,1.155,2,2.162,1.408
69,1.1568373442,1.156,3,2.114,1.35
70,1.1581221819,1.158,3,2.022,1.245
71,1.1594569683,1.159,3,1.905,1.118
72,1.1605598927,1.16,3,1.799,1.004
73,1.1614735126,1.161,3,1.704,0.903
74,1.1624236107,1.162,3,1.599,0.792
75,1.1633663177,1.163,3,1.488,0.675
76,1.1641753912,1.164,3,1.386,0.568
77,1.1649668217,1.164,3,1.279,0.455
78,1.1656503677,1.165,3,1.179,0.35
79,1.1663401127,1.166,3,1.072,0.235
80,1.1669616699,1.166,3,0.968,0.125
81,1.1675232649,1.167,3,0.867,0.018
82,1.1680639982,1.167,3,0.763,-0.093
83,1.1685510874,1.168,3,0.663,-0.2
84,1.169007659,1.168,3,0.561,-0.309
85,1.1694248915,1.169,3,0.462,-0.415
86,1.1698120832,1.169,3,0.362,-0.522
87,1.1701728106,1.17,3,0.264,-0.628
88,1.1705143452,1.17,3,0.165,-0.735
89,1.170830369,1.17,3,0.067,-0.84
90,1.1711268425,1.171,3,-0.029,-0.945
91,1.1713974476,1.171,3,-0.123,-1.048
92,1.1716580391,1.171,3,-0.216,-1.15
93,1.1719181538,1.171,3,-0.3,-1.241
94,1.1721851826,1.172,3,-0.363,-1.31
95,1.1723496914,1.172,3,-0.315,-1.257
96,1.1724961996,1.172,3,-0.235,-1.167
97,1.1725065708,1.172,3,-0.229,-1.161
98,1.172598958,1.172,3,-0.272,-1.208
99,1.1728101969,1.172,3,-0.369,-1.314
100,1.1730178595,1.172,3,-0.466,-1.421
101,1.1732068062,1.173,3,-0.558,-1.523
102,1.1733853817,1.173,3,-0.651,-1.626
103,1.1735522747,1.173,3,-0.742,-1.728
104,1.1737041473,1.173,3,-0.831,-1.827
105,1.1738483906,1.173,3,-0.921,-1.928
106,1.1739801168,1.173,3,-1.008,-2.026
107,1.1741045713,1.174,3,-1.094,-2.123
108,1.1742191315,1.174,3,-1.178,-2.219
109,1.1743271351,1.174,3,-1.262,-2.315
110,1.1744259596,1.174,3,-1.344,-2.409
111,1.1745185852,1.174,3,-1.425,-2.503
112,1.1746050119,1.174,3,-1.504,-2.596
113,1.174685359,1.174,3,-1.581,-2.688
114,1.1747606993,1.174,3,-1.658,-2.779
115,1.1748304367,1.174,3,-1.732,-2.868
116,1.1748970747,1.174,3,-1.807,-2.958
117,1.1749715805,1.174,3,-1.896,-3.066
118,1.1750280857,1.174,3,-1.964,-3.151
119,1.1750940084,1.174,3,-2.048,-3.257
120,1.1751533747,1.175,3,-2.128,-3.359
121,1.1752090454,1.175,3,-2.207,-3.461
122,1.1752517223,1.175,3,-2.269,-3.543
123,1.1752997637,1.175,3,-2.339,-3.639
124,1.175344944,1.175,3,-2.408,-3.736
125,1.1753873825,1.175,3,-2.475,-3.831
126,1.1754271984,1.175,3,-2.542,-3.926
127,1.1754642725,1.175,3,-2.602,-4.015
128,1.1754953861,1.175,3,-2.65,-4.086
129,1.1754953861,1.175,4,0.205,-0.583
130,1.1757844687,1.175,4,0.181,-0.612
131,1.1760419607,1.175,4,0.172,-0.623
132,1.1763002872,1.175,4,0.163,-0.633
133,1.1765658855,1.176,4,0.154,-0.641
134,1.1768294573,1.176,4,0.146,-0.648
135,1.1770933867,1.176,4,0.139,-0.654
136,1.1773793697,1.177,4,0.13,-0.66
137,1.1776409149,1.177,4,0.123,-0.666
138,1.1779173613,1.177,4,0.115,-0.672
139,1.178191781,1.177,4,0.107,-0.678
140,1.1784596443,1.178,4,0.099,-0.684
141,1.1787338257,1.178,4,0.091,-0.691
142,1.1789966822,1.178,4,0.084,-0.697
143,1.1792759895,1.178,4,0.076,-0.703
144,1.179554224,1.179,4,0.069,-0.709
145,1.1796480417,1.179,4,0.066,-0.711
146,1.1797040701,1.179,4,0.065,-0.713
147,1.1799855232,1.179,4,0.057,-0.719
148,1.1802537441,1.179,4,0.05,-0.725
149,1.1805427074,1.18,4,0.043,-0.731
150,1.1808097363,1.18,4,0.036,-0.737
151,1.1810795069,1.18,4,0.029,-0.744
152,1.1813510656,1.181,4,0.022,-0.75
153,1.1816213131,1.181,4,0.015,-0.757
154,1.1816449165,1.181,4,0.015,-0.757
155,1.1817857027,1.181,4,0.011,-0.761
156,1.1820505857,1.181,4,0.005,-0.769
157,1.1823091507,1.182,4,-0.002,-0.776
158,1.1825612783,1.182,4,-0.009,-0.784
159,1.1828206778,1.182,4,-0.016,-0.793
160,1.183078289,1.182,4,-0.024,-0.803
161,1.1833313704,1.183,4,-0.032,-0.814
162,1.1835856438,1.183,4,-0.041,-0.826
163,1.1838428974,1.183,4,-0.051,-0.839
164,1.1840968132,1.183,4,-0.063,-0.854
165,1.1843532324,1.184,4,-0.068,-0.865
166,1.1846175194,1.184,4,-0.091,-0.898
167,1.1848754883,1.184,4,-0.15,-0.977
168,1.1849901676,1.184,4,-0.22,-1.067
169,1.1850292683,1.184,4,-0.289,-1.151
170,1.1850440502,1.184,4,-0.353,-1.228
171,1.1850498915,1.184,4,-0.405,-1.29
172,1.1850500107,1.184,7,-0.406,-1.291
173,1.185051918,1.184,7,-0.435,-1.324
174,1.1850576401,1.184,7,-0.534,-1.438
175,1.1850622892,1.184,7,-0.612,-1.527
176,1.1850669384,1.184,7,-0.676,-1.599
177,1.1850738525,1.184,7,-0.721,-1.649
178,1.1850868464,1.184,7,-0.675,-1.597
179,1.1851122379,1.184,7,-0.621,-1.536
180,1.1852252483,1.183,7,-0.651,-1.571
181,1.1852974892,1.183,7,-0.721,-1.651
182,1.1853768826,1.182,7,-0.818,-1.762
183,1.1854519844,1.181,7,-0.925,-1.884
184,1.1855195761,1.18,7,-1.027,-2.001
185,1.1855795383,1.179,7,-1.122,-2.11
186,1.1856328249,1.178,7,-1.216,-2.218
187,1.1856797934,1.177,7,-1.306,-2.324
188,1.185721755,1.175,7,-1.383,-2.428
189,1.1857588291,1.173,7,-1.467,-2.53
190,1.1857926846,1.171,7,-1.554,-2.633
191,1.1858243942,1.169,7,-1.641,-2.736
192,1.1858539581,1.166,7,-1.725,-2.838
193,1.1858817339,1.163,7,-1.81,-2.942
194,1.1859070063,1.159,7,-1.893,-3.045
195,1.1859304905,1.154,7,-1.973,-3.144
196,1.1859538555,1.149,7,-2.048,-3.241
197,1.1859772205,1.142,7,-2.121,-3.337
198,1.1860005856,1.133,7,-2.193,-3.433
199,1.1860232353,1.123,7,-2.264,-3.532
200,1.1860431433,1.111,7,-2.334,-3.635
201,1.1860575676,1.101,7,-2.4,-3.735
202,1.1860698462,1.089,7,-2.463,-3.832
203,1.186080575,1.076,7,-2.522,-3.927
204,1.1860909462,1.06,7,-2.569,-4.011
205,1.1860973835,1.048,7,-2.611,-4.085
206,1.1860991716,1.045,7,-2.632,-4.12
207,1.1860994101,1.044,7,-2.641,-4.135
208,1.1860995293,1.044,7,-2.649,-4.148
209,1.1860996485,1.044,7,-2.661,-4.168
210,1.1860997677,1.043,7,-2.663,-4.171
211,1.1860998869,1.043,7,-2.663,-4.171
212,1.1861003637,1.042,7,-2.688,-4.213
213,1.1861009598,1.04,7,-2.712,-4.259
214,1.1861015558,1.038,7,-2.736,-4.308
215,1.1861023903,1.035,7,-2.762,-4.362
216,1.1861035824,1.03,7,-2.785,-4.415
217,1.1861054897,1.02,7,-2.807,-4.47
218,1.1861063242,1.015,7,-2.811,-4.485
