,Mini,Mass,label,Vmag,Imag
0,0.0900000036,0.09,1,15.414,12.162
1,0.0913009495,0.091,1,15.209,12.07
2,0.1000000015,0.1,1,14.007,11.482
3,0.1199999973,0.12,1,12.857,10.757
4,0.1400000006,0.14,1,12.237,10.298
5,0.1599999964,0.16,1,11.797,9.951
6,0.2000000179,0.2,1,11.154,9.409
7,0.25,0.25,1,10.55,8.884
8,0.3000000417,0.3,1,10.033,8.462
9,0.349999994,0.35,1,9.635,8.122
10,0.400000006,0.4,1,9.214,7.77
11,0.4317623079,0.432,1,8.875,7.501
12,0.4500000179,0.45,1,8.692,7.355
13,0.5,0.5,1,8.069,6.89
14,0.5328649879,0.533,1,7.65,6.571
15,0.5500000715,0.55,1,7.444,6.412
16,0.6000000238,0.6,1,6.897,5.975
17,0.6066501737,0.606,1,6.825,5.917
18,0.6395099759,0.639,1,6.487,5.647
19,0.6499999762,0.65,1,6.386,5.565
20,0.6553587317,0.655,1,6.334,5.523
21,0.6795461178,0.68,1,6.108,5.339
22,0.6999999881,0.7,1,5.924,5.189
23,0.7172279954,0.717,1,5.772,5.064
24,0.7390958667,0.739,1,5.584,4.907
25,0.75,0.75,1,5.491,4.83
26,0.771455884,0.771,1,5.31,4.673
27,0.7922794819,0.792,1,5.134,4.521
28,0.8000000119,0.8,1,5.069,4.464
29,0.8055890203,0.805,1,5.022,4.423
30,0.8292951584,0.829,1,4.821,4.248
31,0.8500000238,0.85,1,4.643,4.093
32,0.8550273776,0.855,1,4.6,4.056
33,0.8746371865,0.874,1,4.429,3.907
34,0.892460227,0.892,1,4.268,3.766
35,0.8999999762,0.899,1,4.198,3.705
36,0.9078043103,0.907,1,4.125,3.642
37,0.92177701,0.921,1,3.99,3.525
38,0.9347077012,0.934,1,3.86,3.413
39,0.9460576773,0.946,1,3.742,3.312
40,0.9499999881,0.95,1,3.701,3.276
41,0.9577385187,0.957,1,3.619,3.207
42,0.9690889716,0.969,1,3.498,3.103
43,0.9793587923,0.979,1,3.384,3.004
44,0.9917457104,0.992,1,3.233,2.871
45,1.0,1.0,1,3.128,2.777
46,1.0004705191,1.001,1,3.122,2.772
47,1.0076248646,1.008,1,3.019,2.675
48,1.014105916,1.014,1,2.917,2.573
49,1.0184628963,1.018,1,2.844,2.495
50,1.0227758884,1.023,2,2.769,2.409
51,1.0273032188,1.027,2,2.687,2.306
52,1.0308548212,1.031,2,2.617,2.208
53,1.0336199999,1.033,2,2.56,2.117
54,1.0352663994,1.035,2,2.526,2.057
55,1.0364848375,1.036,2,2.5,2.005
56,1.0374547243,1.037,2,2.481,1.963
57,1.0385322571,1.038,2,2.463,1.912
58,1.0395201445,1.039,2,2.449,1.866
59,1.0404045582,1.04,2,2.444,1.828
60,1.0412253141,1.041,2,2.445,1.797
61,1.0420258045,1.042,2,2.456,1.777
62,1.0428298712,1.042,2,2.468,1.761
63,1.0438330173,1.043,2,2.459,1.721
64,1.0448458195,1.044,2,2.406,1.645
65,1.0451369286,1.045,2,2.383,1.617
66,1.04558146,1.045,3,2.337,1.565
67,1.0464708805,1.046,3,2.233,1.45
68,1.0472120047,1.047,3,2.136,1.345
69,1.0480035543,1.047,3,2.022,1.223
70,1.0486673117,1.048,3,1.92,1.115
71,1.0493580103,1.049,3,1.805,0.994
72,1.0499895811,1.049,3,1.693,0.876
73,1.0499999523,1.05,3,1.691,0.874
74,1.0505216122,1.05,3,1.594,0.771
75,1.0510698557,1.051,3,1.484,0.656
76,1.0515657663,1.051,3,1.379,0.544
77,1.0520355701,1.052,3,1.271,0.431
78,1.052495122,1.052,3,1.158,0.311
79,1.0528863668,1.052,3,1.054,0.201
80,1.0532604456,1.053,3,0.947,0.087
81,1.0536129475,1.053,3,0.839,-0.029
82,1.0539346933,1.053,3,0.732,-0.143
83,1.0542342663,1.054,3,0.625,-0.257
84,1.0545105934,1.054,3,0.518,-0.372
85,1.054762125,1.054,3,0.415,-0.484
86,1.0550019741,1.055,3,0.309,-0.599
87,1.0552213192,1.055,3,0.204,-0.712
88,1.0554271936,1.055,3,0.1,-0.825
89,1.055616498,1.055,3,-0.002,-0.937
90,1.0557972193,1.055,3,-0.106,-1.051
91,1.055965066,1.055,3,-0.206,-1.16
92,1.0561568737,1.056,3,-0.302,-1.266
93,1.0562483072,1.056,3,-0.33,-1.296
94,1.0563439131,1.056,3,-0.288,-1.249
95,1.0564260483,1.056,3,-0.212,-1.165
96,1.0564380884,1.056,3,-0.202,-1.153
97,1.0565494299,1.056,3,-0.286,-1.245
98,1.0566737652,1.056,3,-0.381,-1.35
99,1.0567904711,1.056,3,-0.474,-1.453
100,1.056902051,1.056,3,-0.568,-1.558
101,1.0570014715,1.056,3,-0.657,-1.657
102,1.0570985079,1.057,3,-0.749,-1.761
103,1.0571862459,1.057,3,-0.836,-1.859
104,1.0572692156,1.057,3,-0.923,-1.959
105,1.0573449135,1.057,3,-1.009,-2.056
106,1.0574171543,1.057,3,-1.095,-2.154
107,1.057481885,1.057,3,-1.177,-2.249
108,1.057543993,1.057,3,-1.261,-2.345
109,1.0576000214,1.057,3,-1.339,-2.437
110,1.0576533079,1.057,3,-1.418,-2.531
111,1.0577031374,1.057,3,-1.495,-2.623
112,1.0577491522,1.057,3,-1.571,-2.714
113,1.0577925444,1.057,3,-1.647,-2.806
114,1.0578417778,1.057,3,-1.735,-2.915
115,1.0578793287,1.057,3,-1.805,-3.002
116,1.0579217672,1.057,3,-1.889,-3.108
117,1.0579607487,1.057,3,-1.971,-3.212
118,1.0579974651,1.057,3,-2.053,-3.317
119,1.0580317974,1.058,3,-2.129,-3.42
120,1.0580621958,1.058,3,-2.199,-3.517
121,1.0580910444,1.058,3,-2.268,-3.615
122,1.0581183434,1.058,3,-2.338,-3.713
123,1.0581436157,1.058,3,-2.402,-3.808
124,1.0581669807,1.058,3,-2.464,-3.899
125,1.0581893921,1.058,3,-2.524,-3.99
126,1.0582110882,1.058,3,-2.581,-4.076
127,1.0582110882,1.057,4,0.292,-0.502
128,1.0583713055,1.058,4,0.264,-0.535
129,1.0585319996,1.058,4,0.254,-0.547
130,1.0586948395,1.058,4,0.245,-0.556
131,1.0588417053,1.058,4,0.239,-0.562
132,1.0589901209,1.058,4,0.233,-0.566
133,1.0591551065,1.058,4,0.227,-0.57
134,1.0593012571,1.058,4,0.222,-0.573
135,1.0594484806,1.059,4,0.217,-0.576
136,1.0595949888,1.059,4,0.212,-0.58
137,1.0597569942,1.059,4,0.207,-0.583
138,1.0599108934,1.059,4,0.202,-0.587
139,1.0600762367,1.059,4,0.196,-0.591
140,1.060223937,1.059,4,0.191,-0.594
141,1.0603806973,1.06,4,0.185,-0.598
142,1.060530901,1.06,4,0.18,-0.602
143,1.0605795383,1.06,4,0.179,-0.603
144,1.0607315302,1.06,4,0.174,-0.607
145,1.0608811378,1.06,4,0.169,-0.611
146,1.0610363483,1.06,4,0.164,-0.615
147,1.0611876249,1.06,4,0.159,-0.62
148,1.0613405704,1.06,4,0.154,-0.624
149,1.0614980459,1.061,4,0.148,-0.63
150,1.0616434813,1.061,4,0.143,-0.635
151,1.061658144,1.061,4,0.142,-0.635
152,1.0617872477,1.061,4,0.138,-0.641
153,1.0619398355,1.061,4,0.132,-0.647
154,1.0620881319,1.061,4,0.125,-0.655
155,1.0622401237,1.061,4,0.118,-0.663
156,1.0623931885,1.062,4,0.11,-0.673
157,1.0625418425,1.062,4,0.102,-0.685
158,1.062692523,1.062,4,0.092,-0.698
159,1.0628397465,1.062,4,0.082,-0.712
160,1.0629893541,1.062,4,0.072,-0.724
161,1.0631387234,1.062,4,0.057,-0.743
162,1.0632889271,1.062,4,0.028,-0.783
163,1.0634377003,1.063,4,-0.041,-0.872
164,1.0634970665,1.063,4,-0.108,-0.956
165,1.063521862,1.063,4,-0.169,-1.031
166,1.0635331869,1.063,4,-0.238,-1.113
167,1.0635387897,1.063,4,-0.312,-1.201
168,1.0635401011,1.062,7,-0.339,-1.232
169,1.0635421276,1.062,7,-0.396,-1.298
170,1.0635447502,1.062,7,-0.478,-1.391
171,1.0635473728,1.062,7,-0.553,-1.478
172,1.0635499954,1.062,7,-0.607,-1.541
173,1.0635541677,1.062,7,-0.639,-1.577
174,1.0635616779,1.062,7,-0.588,-1.518
175,1.0635764599,1.062,7,-0.545,-1.468
176,1.0636578798,1.061,7,-0.585,-1.515
177,1.0637080669,1.06,7,-0.669,-1.612
178,1.0637582541,1.059,7,-0.78,-1.74
179,1.0638034344,1.058,7,-0.882,-1.857
180,1.0638432503,1.057,7,-0.978,-1.968
181,1.0638780594,1.055,7,-1.072,-2.076
182,1.0639086962,1.053,7,-1.164,-2.183
183,1.0639357567,1.051,7,-1.252,-2.286
184,1.0639599562,1.049,7,-1.333,-2.389
185,1.0639768839,1.047,7,-1.389,-2.468
186,1.0639971495,1.044,7,-1.473,-2.571
187,1.0640161037,1.041,7,-1.557,-2.673
188,1.0640338659,1.037,7,-1.64,-2.776
189,1.0640506744,1.033,7,-1.724,-2.879
190,1.0640665293,1.027,7,-1.806,-2.982
191,1.0640808344,1.021,7,-1.88,-3.079
192,1.0640953779,1.013,7,-1.954,-3.177
193,1.0641098022,1.002,7,-2.027,-3.274
194,1.0641238689,0.99,7,-2.095,-3.371
195,1.0641360283,0.975,7,-2.159,-3.47
196,1.0641447306,0.963,7,-2.221,-3.564
197,1.0641516447,0.949,7,-2.279,-3.654
198,1.0641587973,0.932,7,-2.333,-3.747
199,1.0641647577,0.914,7,-2.384,-3.837
200,1.0641707182,0.889,7,-2.432,-3.929
201,1.0641725063,0.88,7,-2.437,-3.942
202,1.0641733408,0.876,7,-2.475,-4.007
203,1.0641736984,0.873,7,-2.503,-4.062
204,1.0641741753,0.869,7,-2.534,-4.129
205,1.0641750097,0.861,7,-2.574,-4.217
206,1.0641762018,0.845,7,-2.598,-4.281
