,Mini,Mass,label,Vmag,Imag
0,0.0900000036,0.09,1,15.956,12.348
1,0.0910706967,0.091,1,15.78,12.254
2,0.1000000089,0.1,1,14.514,11.65
3,0.1199999973,0.12,1,13.238,10.915
4,0.1400000006,0.14,1,12.558,10.443
5,0.1599999964,0.16,1,12.09,10.09
6,0.1877513826,0.188,1,11.606,9.705
7,0.2000000179,0.2,1,11.419,9.554
8,0.25,0.25,1,10.819,9.047
9,0.3000000715,0.3,1,10.36,8.637
10,0.3500000238,0.35,1,9.933,8.263
11,0.4000000358,0.4,1,9.427,7.882
12,0.4500000477,0.45,1,8.909,7.465
13,0.5,0.5,1,8.287,7.001
14,0.5500000715,0.55,1,7.616,6.514
15,0.6000000238,0.6,1,7.039,6.069
16,0.6235519648,0.623,1,6.785,5.87
17,0.6499999762,0.65,1,6.516,5.657
18,0.6607798338,0.661,1,6.412,5.574
19,0.6933673024,0.693,1,6.112,5.333
20,0.7000000477,0.7,1,6.054,5.286
21,0.7266536951,0.727,1,5.827,5.101
22,0.75,0.75,1,5.635,4.945
23,0.7793867588,0.779,1,5.403,4.746
24,0.8000000715,0.8,1,5.243,4.608
25,0.8117264509,0.811,1,5.152,4.53
26,0.8436700702,0.843,1,4.906,4.317
27,0.8500000238,0.85,1,4.858,4.274
28,0.8745225668,0.874,1,4.671,4.112
29,0.8999999762,0.899,1,4.476,3.942
30,0.9015126824,0.901,1,4.464,3.932
31,0.9243846536,0.924,1,4.288,3.779
32,0.9453281164,0.945,1,4.122,3.636
33,0.9499999881,0.95,1,4.085,3.603
34,0.9591861367,0.959,1,4.012,3.541
35,0.9792857766,0.979,1,3.848,3.401
36,0.9973669052,0.998,1,3.696,3.271
37,1.0,1.0,1,3.674,3.252
38,1.000264883,1.0,1,3.672,3.25
39,1.0184243917,1.018,1,3.518,3.121
40,1.0350369215,1.035,1,3.374,3.0
41,1.0489947796,1.048,1,3.248,2.893
42,1.0499999523,1.05,1,3.239,2.885
43,1.0517655611,1.051,1,3.224,2.872
44,1.0615997314,1.061,1,3.132,2.792
45,1.0696470737,1.069,1,3.057,2.725
46,1.0717837811,1.071,1,3.037,2.706
47,1.0747890472,1.074,1,3.003,2.676
48,1.079510808,1.079,1,2.949,2.626
49,1.0839899778,1.083,1,2.893,2.575
50,1.0869069099,1.086,1,2.849,2.535
51,1.0913797617,1.091,2,2.797,2.483
52,1.0992907286,1.098,2,2.708,2.393
53,1.1000000238,1.099,2,2.699,2.383
54,1.1109278202,1.11,2,2.558,2.225
55,1.1180208921,1.117,2,2.457,2.09
56,1.1227017641,1.122,2,2.389,1.975
57,1.125313282,1.125,2,2.354,1.897
58,1.1272774935,1.127,2,2.331,1.835
59,1.1287366152,1.128,2,2.321,1.789
60,1.1302748919,1.13,2,2.32,1.746
61,1.1315773726,1.131,2,2.327,1.714
62,1.1326829195,1.132,2,2.349,1.703
63,1.1336717606,1.133,2,2.375,1.698
64,1.134585619,1.134,2,2.403,1.698
65,1.1354740858,1.135,2,2.404,1.68
66,1.1365702152,1.136,2,2.398,1.651
67,1.1378295422,1.137,2,2.373,1.603
68,1.1379816532,1.137,2,2.369,1.596
69,1.1381863356,1.137,3,2.356,1.581
70,1.1396127939,1.139,3,2.252,1.464
71,1.1407976151,1.14,3,2.153,1.355
72,1.1419034004,1.141,3,2.05,1.245
73,1.1430163383,1.142,3,1.938,1.125
74,1.1440366507,1.143,3,1.826,1.007
75,1.1449093819,1.144,3,1.724,0.9
76,1.1458266973,1.145,3,1.609,0.778
77,1.1466187239,1.146,3,1.502,0.665
78,1.1473652124,1.147,3,1.394,0.55
79,1.1480307579,1.147,3,1.289,0.438
80,1.1486771107,1.148,3,1.179,0.322
81,1.1492365599,1.148,3,1.076,0.212
82,1.149790287,1.149,3,0.967,0.095
83,1.1499999762,1.149,3,0.922,0.047
84,1.1503484249,1.15,3,0.852,-0.028
85,1.1508396864,1.15,3,0.744,-0.144
86,1.1512784958,1.151,3,0.642,-0.255
87,1.1516900063,1.151,3,0.538,-0.368
88,1.152071476,1.151,3,0.434,-0.48
89,1.1524342299,1.152,3,0.329,-0.595
90,1.1527616978,1.152,3,0.228,-0.705
91,1.1530783176,1.152,3,0.125,-0.818
92,1.1533864737,1.153,3,0.025,-0.928
93,1.153744936,1.153,3,-0.068,-1.031
94,1.1538789272,1.153,3,-0.094,-1.06
95,1.153973341,1.153,3,-0.078,-1.041
96,1.1541597843,1.154,3,-0.002,-0.956
97,1.1542389393,1.154,3,0.039,-0.909
98,1.1542760134,1.154,3,0.024,-0.927
99,1.154502511,1.154,3,-0.071,-1.032
100,1.1547307968,1.154,3,-0.168,-1.139
101,1.1549407244,1.154,3,-0.262,-1.243
102,1.1551374197,1.155,3,-0.355,-1.347
103,1.1553201675,1.155,3,-0.448,-1.451
104,1.1554918289,1.155,3,-0.54,-1.554
105,1.1556471586,1.155,3,-0.628,-1.654
106,1.1557929516,1.155,3,-0.716,-1.754
107,1.1559246778,1.155,3,-0.801,-1.852
108,1.1560479403,1.155,3,-0.886,-1.949
109,1.1561620235,1.156,3,-0.97,-2.045
110,1.156267643,1.156,3,-1.051,-2.139
111,1.1563674212,1.156,3,-1.132,-2.233
112,1.1564577818,1.156,3,-1.21,-2.325
113,1.1565443277,1.156,3,-1.288,-2.418
114,1.1566227674,1.156,3,-1.364,-2.508
115,1.1566981077,1.156,3,-1.438,-2.598
116,1.1567661762,1.156,3,-1.506,-2.684
117,1.1568306684,1.156,3,-1.576,-2.77
118,1.1568914652,1.156,3,-1.646,-2.858
119,1.156960845,1.156,3,-1.729,-2.962
120,1.1570135355,1.156,3,-1.794,-3.046
121,1.1570739746,1.156,3,-1.872,-3.149
122,1.1571294069,1.157,3,-1.949,-3.249
123,1.1571807861,1.157,3,-2.022,-3.348
124,1.1572201252,1.157,3,-2.079,-3.427
125,1.1572643518,1.157,3,-2.143,-3.521
126,1.1573055983,1.157,3,-2.207,-3.613
127,1.1573380232,1.157,3,-2.258,-3.689
128,1.1573752165,1.157,3,-2.319,-3.781
129,1.1574094296,1.157,3,-2.377,-3.869
130,1.1574419737,1.157,3,-2.433,-3.957
131,1.1574726105,1.157,3,-2.485,-4.039
132,1.1574888229,1.157,3,-2.511,-4.082
133,1.1574888229,1.157,4,0.296,-0.527
134,1.1577481031,1.157,4,0.271,-0.557
135,1.1579788923,1.157,4,0.26,-0.569
136,1.158210516,1.158,4,0.252,-0.578
137,1.1584485769,1.158,4,0.245,-0.584
138,1.1586848497,1.158,4,0.239,-0.589
139,1.1589214802,1.158,4,0.234,-0.593
140,1.1591777802,1.159,4,0.228,-0.598
141,1.159412384,1.159,4,0.222,-0.601
142,1.1596602201,1.159,4,0.217,-0.606
143,1.1599061489,1.159,4,0.211,-0.61
144,1.1601462364,1.16,4,0.205,-0.615
145,1.160392046,1.16,4,0.199,-0.62
146,1.1606276035,1.16,4,0.193,-0.625
147,1.160877943,1.16,4,0.187,-0.63
148,1.1611273289,1.161,4,0.181,-0.635
149,1.1612114906,1.161,4,0.179,-0.637
150,1.1614285707,1.161,4,0.174,-0.641
151,1.16167593,1.161,4,0.168,-0.646
152,1.1619454622,1.161,4,0.161,-0.652
153,1.1622093916,1.162,4,0.155,-0.658
154,1.1624655724,1.162,4,0.148,-0.664
155,1.1627304554,1.162,4,0.142,-0.67
156,1.163000226,1.162,4,0.135,-0.677
157,1.1630504131,1.162,4,0.134,-0.678
158,1.1632897854,1.163,4,0.128,-0.685
159,1.1635369062,1.163,4,0.121,-0.692
160,1.1637934446,1.163,4,0.114,-0.701
161,1.1640347242,1.163,4,0.106,-0.709
162,1.1642798185,1.164,4,0.098,-0.718
163,1.1645208597,1.164,4,0.09,-0.729
164,1.1647655964,1.164,4,0.08,-0.741
165,1.1650110483,1.164,4,0.07,-0.754
166,1.1652541161,1.165,4,0.057,-0.77
167,1.1654933691,1.165,4,0.051,-0.776
168,1.1657352448,1.165,4,0.034,-0.799
169,1.1659754515,1.165,4,-0.009,-0.855
170,1.1661583185,1.166,4,-0.078,-0.942
171,1.1662358046,1.166,4,-0.152,-1.033
172,1.166264534,1.166,4,-0.221,-1.115
173,1.1662771702,1.166,4,-0.293,-1.202
174,1.1662838459,1.166,4,-0.364,-1.284
175,1.1662844419,1.166,4,-0.372,-1.294
176,1.1662845612,1.166,7,-0.373,-1.295
177,1.1662864685,1.166,7,-0.41,-1.338
178,1.1662908792,1.165,7,-0.493,-1.434
179,1.16629529,1.165,7,-0.569,-1.523
180,1.1663073301,1.165,7,-0.612,-1.572
181,1.1663292646,1.165,7,-0.558,-1.508
182,1.166490078,1.164,7,-0.597,-1.555
183,1.1665736437,1.164,7,-0.697,-1.671
184,1.1666247845,1.163,7,-0.777,-1.764
185,1.1666754484,1.162,7,-0.863,-1.865
186,1.1667309999,1.162,7,-0.955,-1.972
187,1.1667816639,1.161,7,-1.042,-2.074
188,1.1668276787,1.159,7,-1.128,-2.175
189,1.1668697596,1.158,7,-1.215,-2.278
190,1.1669076681,1.156,7,-1.292,-2.378
191,1.1669421196,1.155,7,-1.363,-2.478
192,1.166972518,1.153,7,-1.445,-2.578
193,1.1670006514,1.15,7,-1.527,-2.677
194,1.1670269966,1.148,7,-1.603,-2.774
195,1.1670520306,1.144,7,-1.68,-2.872
196,1.1670752764,1.141,7,-1.756,-2.969
197,1.167096734,1.136,7,-1.828,-3.064
198,1.1671185493,1.131,7,-1.899,-3.157
199,1.1671404839,1.124,7,-1.967,-3.251
200,1.1671624184,1.116,7,-2.032,-3.345
201,1.1671826839,1.107,7,-2.097,-3.442
202,1.1671978235,1.098,7,-2.159,-3.537
203,1.1672079563,1.09,7,-2.209,-3.617
204,1.1672182083,1.081,7,-2.264,-3.706
205,1.1672259569,1.073,7,-2.308,-3.78
206,1.1672339439,1.062,7,-2.355,-3.864
207,1.1672432423,1.047,7,-2.418,-3.982
208,1.167244792,1.043,7,-2.449,-4.037
209,1.167245388,1.042,7,-2.46,-4.06
210,1.1672459841,1.041,7,-2.474,-4.089
211,1.1672464609,1.039,7,-2.486,-4.115
212,1.167247057,1.038,7,-2.498,-4.143
213,1.1672477722,1.036,7,-2.51,-4.171
214,1.1672490835,1.031,7,-2.546,-4.256
215,1.1672507524,1.024,7,-2.576,-4.332
216,1.1672528982,1.011,7,-2.594,-4.391
