,Mini,Mass,label,Vmag,Imag
0,0.0900000036,0.09,1,15.382,12.155
1,0.092930153,0.093,1,14.932,11.948
2,0.1000000015,0.1,1,13.976,11.471
3,0.1199999899,0.12,1,12.832,10.747
4,0.1400000006,0.14,1,12.216,10.29
5,0.1599999964,0.16,1,11.779,9.944
6,0.2000000179,0.2,1,11.146,9.407
7,0.25,0.25,1,10.539,8.887
8,0.3000000417,0.3,1,10.026,8.469
9,0.3423532844,0.342,1,9.684,8.173
10,0.349999994,0.35,1,9.628,8.123
11,0.3921300471,0.392,1,9.27,7.824
12,0.400000006,0.4,1,9.208,7.772
13,0.4500000179,0.45,1,8.69,7.36
14,0.5,0.5,1,8.079,6.901
15,0.5500000715,0.55,1,7.469,6.435
16,0.6000000238,0.6,1,6.933,6.007
17,0.6250531077,0.625,1,6.677,5.802
18,0.6499999762,0.65,1,6.436,5.608
19,0.6837219,0.684,1,6.13,5.361
20,0.6999999881,0.7,1,5.989,5.246
21,0.7222356796,0.722,1,5.803,5.094
22,0.75,0.75,1,5.577,4.908
23,0.7527248263,0.753,1,5.555,4.889
24,0.784604907,0.784,1,5.305,4.674
25,0.8000000119,0.8,1,5.185,4.571
26,0.813298285,0.813,1,5.082,4.482
27,0.8456534147,0.845,1,4.832,4.267
28,0.8500000238,0.85,1,4.798,4.238
29,0.8770131469,0.876,1,4.592,4.061
30,0.8999999762,0.899,1,4.415,3.908
31,0.9045147896,0.904,1,4.38,3.879
32,0.9279113412,0.927,1,4.198,3.724
33,0.9493405223,0.949,1,4.028,3.579
34,0.9499999881,0.95,1,4.022,3.575
35,0.9671853185,0.967,1,3.883,3.46
36,0.984013617,0.984,1,3.743,3.344
37,0.9999514222,1.0,1,3.607,3.232
38,1.0,1.0,1,3.607,3.232
39,1.0067863464,1.007,1,3.548,3.186
40,1.0202014446,1.02,1,3.43,3.093
41,1.0334004164,1.033,1,3.312,2.999
42,1.0466151237,1.046,1,3.192,2.902
43,1.0499999523,1.05,1,3.16,2.876
44,1.0560119152,1.056,1,3.105,2.831
45,1.0632791519,1.063,1,3.035,2.772
46,1.072881341,1.072,1,2.943,2.692
47,1.0741608143,1.074,1,2.931,2.682
48,1.0822478533,1.082,1,2.83,2.597
49,1.0841680765,1.083,1,2.802,2.574
50,1.087505579,1.087,2,2.765,2.541
51,1.0945335627,1.094,2,2.688,2.47
52,1.1000000238,1.099,2,2.623,2.408
53,1.1034970284,1.103,2,2.58,2.364
54,1.1150337458,1.114,2,2.418,2.184
55,1.1225521564,1.122,2,2.299,2.022
56,1.1269630194,1.126,2,2.223,1.893
57,1.1293604374,1.129,2,2.184,1.805
58,1.1310501099,1.13,2,2.16,1.735
59,1.1322301626,1.132,2,2.148,1.682
60,1.1333653927,1.133,2,2.141,1.631
61,1.1342668533,1.134,2,2.139,1.591
62,1.1350597143,1.134,2,2.144,1.564
63,1.135843873,1.135,2,2.154,1.54
64,1.1365884542,1.136,2,2.166,1.523
65,1.1373220682,1.137,2,2.182,1.509
66,1.1380616426,1.137,2,2.195,1.498
67,1.138808012,1.138,2,2.203,1.485
68,1.13988626,1.139,2,2.204,1.458
69,1.1403558254,1.14,2,2.193,1.437
70,1.1409668922,1.14,3,2.154,1.39
71,1.1421742439,1.141,3,2.06,1.283
72,1.1431715488,1.142,3,1.967,1.181
73,1.1441172361,1.143,3,1.87,1.077
74,1.1450340748,1.144,3,1.77,0.97
75,1.1458947659,1.145,3,1.668,0.863
76,1.146761775,1.146,3,1.559,0.748
77,1.1475499868,1.147,3,1.453,0.636
78,1.148277998,1.148,3,1.348,0.525
79,1.148937583,1.148,3,1.247,0.418
80,1.1495630741,1.149,3,1.143,0.308
81,1.1499999762,1.149,3,1.066,0.227
82,1.1504259109,1.15,3,0.991,0.147
83,1.1509656906,1.15,3,0.89,0.04
84,1.1514853239,1.151,3,0.785,-0.072
85,1.1519533396,1.151,3,0.684,-0.18
86,1.1523922682,1.152,3,0.581,-0.289
87,1.152793169,1.152,3,0.481,-0.397
88,1.1531653404,1.153,3,0.381,-0.504
89,1.1535121202,1.153,3,0.282,-0.611
90,1.1538403034,1.153,3,0.182,-0.719
91,1.1541441679,1.154,3,0.083,-0.826
92,1.1544290781,1.154,3,-0.014,-0.932
93,1.1546891928,1.154,3,-0.109,-1.036
94,1.1549396515,1.154,3,-0.204,-1.139
95,1.1551897526,1.155,3,-0.29,-1.234
96,1.1554464102,1.155,3,-0.353,-1.303
97,1.155602932,1.155,3,-0.31,-1.255
98,1.1557422876,1.155,3,-0.223,-1.158
99,1.155752182,1.155,3,-0.218,-1.152
100,1.1558396816,1.155,3,-0.26,-1.199
101,1.156039834,1.155,3,-0.357,-1.305
102,1.1562365294,1.156,3,-0.454,-1.412
103,1.1564155817,1.156,3,-0.546,-1.514
104,1.1565847397,1.156,3,-0.639,-1.617
105,1.1567429304,1.156,3,-0.73,-1.719
106,1.156886816,1.156,3,-0.819,-1.819
107,1.1570235491,1.156,3,-0.909,-1.92
108,1.1571483612,1.157,3,-0.995,-2.017
109,1.1572663784,1.157,3,-1.082,-2.115
110,1.1573749781,1.157,3,-1.166,-2.211
111,1.1574772596,1.157,3,-1.25,-2.308
112,1.1575709581,1.157,3,-1.332,-2.402
113,1.157658577,1.157,3,-1.414,-2.496
114,1.157740593,1.157,3,-1.492,-2.589
115,1.1578167677,1.157,3,-1.57,-2.68
116,1.1578880548,1.157,3,-1.646,-2.772
117,1.157954216,1.157,3,-1.721,-2.862
118,1.1580172777,1.157,3,-1.796,-2.952
119,1.1580878496,1.157,3,-1.884,-3.06
120,1.1581414938,1.158,3,-1.951,-3.145
121,1.1582039595,1.158,3,-2.036,-3.251
122,1.1582603455,1.158,3,-2.117,-3.354
123,1.158313036,1.158,3,-2.196,-3.456
124,1.1583534479,1.158,3,-2.256,-3.538
125,1.1583989859,1.158,3,-2.327,-3.635
126,1.158441782,1.158,3,-2.396,-3.732
127,1.1584820747,1.158,3,-2.463,-3.828
128,1.1585197449,1.158,3,-2.53,-3.924
129,1.1585547924,1.158,3,-2.59,-4.012
130,1.1585843563,1.158,3,-2.637,-4.084
131,1.1585843563,1.158,4,0.219,-0.57
132,1.1588410139,1.158,4,0.195,-0.6
133,1.159096837,1.158,4,0.184,-0.613
134,1.1593564749,1.158,4,0.174,-0.623
135,1.1596175432,1.159,4,0.165,-0.631
136,1.1598813534,1.159,4,0.157,-0.638
137,1.1601349115,1.159,4,0.149,-0.644
138,1.1603922844,1.159,4,0.141,-0.65
139,1.1606509686,1.16,4,0.133,-0.656
140,1.1609175205,1.16,4,0.125,-0.663
141,1.1611604691,1.16,4,0.117,-0.668
142,1.1614227295,1.16,4,0.109,-0.675
143,1.161683917,1.161,4,0.101,-0.681
144,1.1619439125,1.161,4,0.094,-0.687
145,1.1621952057,1.161,4,0.086,-0.693
146,1.162253499,1.161,4,0.085,-0.695
147,1.1623034477,1.161,4,0.083,-0.696
148,1.1625541449,1.162,4,0.076,-0.702
149,1.1627930403,1.162,4,0.069,-0.708
150,1.1630504131,1.162,4,0.062,-0.714
151,1.1632879972,1.162,4,0.055,-0.72
152,1.1635280848,1.163,4,0.049,-0.726
153,1.1637696028,1.163,4,0.042,-0.732
154,1.1640098095,1.163,4,0.036,-0.738
155,1.1640309095,1.163,4,0.035,-0.739
156,1.164157033,1.163,4,0.032,-0.743
157,1.1643944979,1.163,4,0.025,-0.75
158,1.1646262407,1.164,4,0.018,-0.758
159,1.1648521423,1.164,4,0.011,-0.766
160,1.1650847197,1.164,4,0.004,-0.775
161,1.1653156281,1.164,4,-0.004,-0.785
162,1.1655424833,1.165,4,-0.012,-0.795
163,1.1657704115,1.165,4,-0.021,-0.808
164,1.1660009623,1.165,4,-0.03,-0.821
165,1.1662285328,1.165,4,-0.043,-0.836
166,1.1664582491,1.166,4,-0.048,-0.846
167,1.1666952372,1.166,4,-0.072,-0.881
168,1.166926384,1.166,4,-0.132,-0.961
169,1.1670292616,1.166,4,-0.204,-1.052
170,1.1670643091,1.166,4,-0.275,-1.139
171,1.1670775414,1.166,4,-0.341,-1.218
172,1.1670827866,1.166,4,-0.397,-1.283
173,1.1670829058,1.166,7,-0.398,-1.284
174,1.1670845747,1.166,7,-0.427,-1.318
175,1.1670897007,1.166,7,-0.527,-1.433
176,1.167093873,1.166,7,-0.604,-1.52
177,1.1670980453,1.166,7,-0.664,-1.589
178,1.167104125,1.166,7,-0.716,-1.648
179,1.1671156883,1.166,7,-0.661,-1.585
180,1.1671383381,1.166,7,-0.597,-1.512
181,1.1672385931,1.165,7,-0.635,-1.556
182,1.1673029661,1.165,7,-0.708,-1.64
183,1.1673734188,1.164,7,-0.804,-1.75
184,1.1674400568,1.163,7,-0.911,-1.872
185,1.1675002575,1.162,7,-1.014,-1.99
186,1.1675534248,1.161,7,-1.109,-2.1
187,1.1676008701,1.16,7,-1.203,-2.208
188,1.1676425934,1.158,7,-1.294,-2.313
189,1.1676797867,1.157,7,-1.37,-2.416
190,1.1677128077,1.155,7,-1.452,-2.518
191,1.1677429676,1.153,7,-1.539,-2.621
192,1.1677709818,1.15,7,-1.624,-2.723
193,1.167797327,1.147,7,-1.708,-2.825
194,1.1678220034,1.144,7,-1.792,-2.928
195,1.1678445339,1.14,7,-1.875,-3.03
196,1.1678652763,1.135,7,-1.953,-3.128
197,1.167886138,1.129,7,-2.027,-3.224
198,1.1679068804,1.122,7,-2.1,-3.32
199,1.1679276228,1.113,7,-2.172,-3.415
200,1.1679477692,1.103,7,-2.241,-3.514
201,1.1679652929,1.091,7,-2.311,-3.617
202,1.1679782867,1.08,7,-2.377,-3.718
203,1.1679891348,1.067,7,-2.439,-3.814
204,1.1679986715,1.054,7,-2.497,-3.908
205,1.1680078506,1.037,7,-2.549,-4.001
206,1.1680134535,1.025,7,-2.581,-4.06
207,1.1680151224,1.021,7,-2.625,-4.132
208,1.1680153608,1.021,7,-2.628,-4.139
209,1.16801548,1.02,7,-2.616,-4.119
210,1.1680155993,1.02,7,-2.646,-4.168
211,1.1680157185,1.02,7,-2.646,-4.168
212,1.1680161953,1.018,7,-2.667,-4.206
213,1.1680167913,1.016,7,-2.692,-4.257
214,1.1680172682,1.014,7,-2.718,-4.309
215,1.1680179834,1.011,7,-2.741,-4.359
216,1.1680190563,1.005,7,-2.764,-4.412
217,1.1680208445,0.994,7,-2.784,-4.466
218,1.1680215597,0.989,7,-2.786,-4.478
