,Mini,Mass,label,Vmag,Imag
0,0.0900000036,0.09,1,15.288,12.131
1,0.096951969,0.097,1,14.273,11.645
2,0.1000000089,0.1,1,13.885,11.44
3,0.1199048311,0.12,1,12.766,10.721
4,0.1199999973,0.12,1,12.761,10.717
5,0.1400000006,0.14,1,12.154,10.261
6,0.1599999964,0.16,1,11.721,9.915
7,0.2000000179,0.2,1,11.092,9.372
8,0.25,0.25,1,10.46,8.845
9,0.2999098599,0.3,1,9.959,8.43
10,0.3000000417,0.3,1,9.958,8.429
11,0.3499999642,0.35,1,9.577,8.094
12,0.3542366922,0.354,1,9.539,8.062
13,0.4000000358,0.4,1,9.158,7.744
14,0.4500000179,0.45,1,8.639,7.332
15,0.5,0.5,1,8.032,6.874
16,0.5500000715,0.55,1,7.43,6.409
17,0.6000000238,0.6,1,6.895,5.979
18,0.6328666806,0.633,1,6.559,5.709
19,0.6499999762,0.65,1,6.396,5.577
20,0.6520678997,0.652,1,6.376,5.561
21,0.6798461676,0.68,1,6.121,5.355
22,0.6999999285,0.7,1,5.944,5.21
23,0.7178604007,0.718,1,5.791,5.084
24,0.7433111668,0.743,1,5.578,4.907
25,0.75,0.75,1,5.522,4.861
26,0.7759180665,0.776,1,5.311,4.679
27,0.7999011874,0.8,1,5.116,4.51
28,0.8000000715,0.8,1,5.115,4.51
29,0.8077249527,0.808,1,5.052,4.456
30,0.8351356983,0.835,1,4.83,4.263
31,0.8500000238,0.85,1,4.708,4.158
32,0.8641803861,0.864,1,4.593,4.059
33,0.8864747286,0.886,1,4.41,3.901
34,0.8999999762,0.899,1,4.296,3.802
35,0.906934917,0.906,1,4.238,3.752
36,0.9255877733,0.925,1,4.076,3.615
37,0.9416059256,0.941,1,3.932,3.493
38,0.9499999285,0.95,1,3.854,3.427
39,0.9553809166,0.955,1,3.805,3.386
40,0.9687341452,0.969,1,3.678,3.281
41,0.9813115001,0.981,1,3.556,3.18
42,0.9937176108,0.994,1,3.433,3.078
43,1.0,1.0,1,3.37,3.026
44,1.001871109,1.002,1,3.351,3.011
45,1.0129877329,1.013,1,3.235,2.916
46,1.0225192308,1.022,1,3.129,2.826
47,1.0351508856,1.035,1,2.977,2.695
48,1.036837101,1.036,1,2.956,2.677
49,1.0417345762,1.041,1,2.89,2.616
50,1.0461946726,1.046,1,2.83,2.559
51,1.049207449,1.049,1,2.789,2.522
52,1.0499999523,1.05,1,2.778,2.51
53,1.0514558554,1.051,1,2.755,2.487
54,1.0559909344,1.055,2,2.685,2.412
55,1.0608690977,1.06,2,2.606,2.324
56,1.0661301613,1.066,2,2.514,2.21
57,1.0704739094,1.07,2,2.432,2.093
58,1.0734633207,1.073,2,2.373,1.994
59,1.0752514601,1.075,2,2.337,1.923
60,1.0765887499,1.076,2,2.311,1.864
61,1.0775630474,1.077,2,2.294,1.818
62,1.0785336494,1.078,2,2.28,1.769
63,1.0793286562,1.079,2,2.271,1.728
64,1.0800462961,1.079,2,2.268,1.694
65,1.080773592,1.08,2,2.268,1.663
66,1.0814808607,1.081,2,2.273,1.638
67,1.0821942091,1.082,2,2.283,1.617
68,1.0829304457,1.082,2,2.299,1.603
69,1.0836912394,1.083,2,2.311,1.59
70,1.0848234892,1.084,2,2.284,1.533
71,1.085329175,1.085,2,2.253,1.492
72,1.0858284235,1.085,3,2.208,1.44
73,1.0868135691,1.086,3,2.104,1.325
74,1.087625742,1.087,3,2.006,1.218
75,1.0883945227,1.088,3,1.905,1.11
76,1.0891386271,1.088,3,1.8,0.998
77,1.0898360014,1.089,3,1.694,0.887
78,1.0905375481,1.09,3,1.581,0.767
79,1.0911744833,1.09,3,1.47,0.651
80,1.0917619467,1.091,3,1.362,0.537
81,1.0922935009,1.092,3,1.257,0.426
82,1.0927970409,1.092,3,1.15,0.313
83,1.0932896137,1.093,3,1.039,0.195
84,1.093708992,1.093,3,0.936,0.086
85,1.0941100121,1.093,3,0.831,-0.026
86,1.0944880247,1.094,3,0.724,-0.14
87,1.0948330164,1.094,3,0.619,-0.251
88,1.0951541662,1.094,3,0.515,-0.364
89,1.0954505205,1.095,3,0.41,-0.476
90,1.0957201719,1.095,3,0.309,-0.585
91,1.0959774256,1.095,3,0.206,-0.696
92,1.0962126255,1.095,3,0.105,-0.805
93,1.0964334011,1.096,3,0.004,-0.915
94,1.0966365337,1.096,3,-0.094,-1.022
95,1.0968302488,1.096,3,-0.194,-1.131
96,1.0970103741,1.096,3,-0.289,-1.235
97,1.0972160101,1.096,3,-0.384,-1.339
98,1.0973141193,1.097,3,-0.408,-1.365
99,1.0974240303,1.097,3,-0.359,-1.31
100,1.0975184441,1.097,3,-0.283,-1.225
101,1.0975322723,1.097,3,-0.271,-1.212
102,1.097658515,1.097,3,-0.357,-1.307
103,1.0977995396,1.097,3,-0.453,-1.412
104,1.0979318619,1.097,3,-0.546,-1.515
105,1.0980584621,1.097,3,-0.639,-1.619
106,1.0981712341,1.097,3,-0.727,-1.717
107,1.0982812643,1.097,3,-0.819,-1.82
108,1.0983806849,1.098,3,-0.907,-1.918
109,1.098474741,1.098,3,-0.995,-2.017
110,1.0985605717,1.098,3,-1.079,-2.113
111,1.0986424685,1.098,3,-1.164,-2.21
112,1.0987157822,1.098,3,-1.245,-2.303
113,1.0987862349,1.098,3,-1.328,-2.398
114,1.0988496542,1.098,3,-1.407,-2.489
115,1.0989102125,1.098,3,-1.485,-2.581
116,1.0989665985,1.098,3,-1.56,-2.671
117,1.099018693,1.098,3,-1.635,-2.76
118,1.0990679264,1.098,3,-1.709,-2.849
119,1.0991237164,1.098,3,-1.798,-2.956
120,1.0991662741,1.098,3,-1.87,-3.044
121,1.0992143154,1.098,3,-1.952,-3.147
122,1.0992586613,1.098,3,-2.032,-3.247
123,1.0993002653,1.099,3,-2.11,-3.348
124,1.0993390083,1.099,3,-2.188,-3.448
125,1.099373579,1.099,3,-2.258,-3.543
126,1.0994061232,1.099,3,-2.325,-3.636
127,1.0994371176,1.099,3,-2.392,-3.73
128,1.0994657278,1.099,3,-2.457,-3.821
129,1.0994921923,1.099,3,-2.518,-3.909
130,1.0995175838,1.099,3,-2.577,-3.995
131,1.0995422602,1.099,3,-2.631,-4.076
132,1.0995422602,1.099,4,0.247,-0.537
133,1.09973979,1.099,4,0.221,-0.569
134,1.099938035,1.099,4,0.211,-0.581
135,1.1001387835,1.099,4,0.202,-0.591
136,1.1003198624,1.099,4,0.195,-0.597
137,1.1005029678,1.1,4,0.188,-0.603
138,1.1007064581,1.1,4,0.181,-0.608
139,1.1008867025,1.1,4,0.175,-0.613
140,1.1010682583,1.1,4,0.169,-0.617
141,1.1012488604,1.1,4,0.162,-0.621
142,1.1014488935,1.101,4,0.156,-0.626
143,1.1016386747,1.101,4,0.149,-0.631
144,1.1018426418,1.101,4,0.143,-0.636
145,1.1020249128,1.101,4,0.137,-0.64
146,1.1022182703,1.101,4,0.13,-0.645
147,1.1024035215,1.101,4,0.125,-0.649
148,1.1024422646,1.102,4,0.123,-0.65
149,1.1026371717,1.102,4,0.117,-0.655
150,1.102823019,1.102,4,0.111,-0.66
151,1.1030232906,1.102,4,0.105,-0.665
152,1.1032083035,1.102,4,0.1,-0.67
153,1.1033951044,1.102,4,0.094,-0.675
154,1.1035832167,1.103,4,0.088,-0.681
155,1.1037704945,1.103,4,0.082,-0.687
156,1.1037868261,1.103,4,0.082,-0.687
157,1.103967905,1.103,4,0.076,-0.693
158,1.1041508913,1.103,4,0.07,-0.7
159,1.1043384075,1.103,4,0.063,-0.708
160,1.1045236588,1.104,4,0.056,-0.717
161,1.1047074795,1.104,4,0.048,-0.727
162,1.1048901081,1.104,4,0.04,-0.738
163,1.1050708294,1.104,4,0.031,-0.749
164,1.105250597,1.104,4,0.021,-0.762
165,1.1054420471,1.105,4,0.012,-0.774
166,1.1056245565,1.105,4,0.002,-0.787
167,1.1058101654,1.105,4,-0.021,-0.821
168,1.1059938669,1.105,4,-0.071,-0.888
169,1.1061118841,1.105,4,-0.14,-0.977
170,1.1061558723,1.105,4,-0.205,-1.058
171,1.1061731577,1.105,4,-0.277,-1.145
172,1.106180191,1.105,4,-0.344,-1.223
173,1.1061819792,1.105,4,-0.368,-1.251
174,1.1061820984,1.105,7,-0.369,-1.252
175,1.1061834097,1.105,7,-0.4,-1.288
176,1.106187582,1.105,7,-0.501,-1.404
177,1.1061909199,1.105,7,-0.581,-1.495
178,1.1061942577,1.105,7,-0.651,-1.575
179,1.1061991453,1.105,7,-0.672,-1.599
180,1.1062084436,1.105,7,-0.619,-1.538
181,1.1062264442,1.105,7,-0.586,-1.5
182,1.1063067913,1.104,7,-0.604,-1.521
183,1.1063582897,1.103,7,-0.678,-1.606
184,1.1064146757,1.103,7,-0.784,-1.727
185,1.1064680815,1.102,7,-0.895,-1.854
186,1.106516242,1.1,7,-0.991,-1.965
187,1.106558919,1.099,7,-1.086,-2.073
188,1.1065968275,1.098,7,-1.179,-2.18
189,1.1066302061,1.096,7,-1.269,-2.284
190,1.1066600084,1.094,7,-1.347,-2.386
191,1.1066863537,1.092,7,-1.426,-2.486
192,1.1067105532,1.09,7,-1.509,-2.588
193,1.1067330837,1.087,7,-1.595,-2.69
194,1.1067540646,1.083,7,-1.677,-2.79
195,1.1067738533,1.079,7,-1.759,-2.89
196,1.1067918539,1.075,7,-1.839,-2.989
197,1.1068085432,1.07,7,-1.917,-3.086
198,1.1068251133,1.063,7,-1.991,-3.182
199,1.1068418026,1.055,7,-2.063,-3.276
200,1.1068584919,1.045,7,-2.134,-3.371
201,1.1068745852,1.033,7,-2.203,-3.469
202,1.1068886518,1.019,7,-2.272,-3.572
203,1.1068989038,1.007,7,-2.337,-3.671
204,1.1069077253,0.993,7,-2.396,-3.763
205,1.1069153547,0.977,7,-2.451,-3.855
206,1.1069226265,0.957,7,-2.503,-3.947
207,1.1069271564,0.943,7,-2.518,-3.979
208,1.1069284678,0.938,7,-2.542,-4.02
209,1.1069287062,0.937,7,-2.503,-3.96
210,1.1069288254,0.937,7,-2.553,-4.04
211,1.1069289446,0.936,7,-2.524,-3.994
212,1.1069294214,0.935,7,-2.544,-4.026
213,1.1069297791,0.933,7,-2.568,-4.066
214,1.1069302559,0.931,7,-2.6,-4.12
215,1.1069307327,0.928,7,-2.631,-4.181
216,1.1069316864,0.922,7,-2.671,-4.267
217,1.1069331169,0.91,7,-2.705,-4.348
218,1.1069335938,0.905,7,-2.71,-4.365
