,Mini,Mass,label,Vmag,Imag
0,0.0900000036,0.09,1,16.004,12.368
1,0.092678912,0.093,1,15.573,12.136
2,0.1000000015,0.1,1,14.562,11.665
3,0.1199999973,0.12,1,13.272,10.928
4,0.1400000006,0.14,1,12.585,10.455
5,0.1599999964,0.16,1,12.113,10.1
6,0.2000000179,0.2,1,11.436,9.56
7,0.2057425976,0.206,1,11.358,9.495
8,0.25,0.25,1,10.827,9.049
9,0.3000000417,0.3,1,10.365,8.634
10,0.349999994,0.35,1,9.955,8.271
11,0.400000006,0.4,1,9.443,7.886
12,0.4500000179,0.45,1,8.916,7.465
13,0.5,0.5,1,8.29,6.999
14,0.5500000715,0.55,1,7.609,6.504
15,0.6000000238,0.6,1,7.021,6.053
16,0.6233002543,0.623,1,6.766,5.852
17,0.6499999762,0.65,1,6.489,5.633
18,0.6552046537,0.655,1,6.436,5.591
19,0.6816671491,0.682,1,6.183,5.387
20,0.6999999881,0.7,1,6.017,5.252
21,0.715790391,0.716,1,5.877,5.139
22,0.7407415509,0.741,1,5.663,4.963
23,0.75,0.75,1,5.585,4.899
24,0.7640277743,0.764,1,5.469,4.799
25,0.7887186408,0.789,1,5.267,4.625
26,0.8000000119,0.8,1,5.175,4.545
27,0.8250375986,0.825,1,4.971,4.367
28,0.8490666151,0.849,1,4.774,4.194
29,0.8500000238,0.85,1,4.766,4.187
30,0.8533592224,0.853,1,4.739,4.164
31,0.8749543428,0.874,1,4.561,4.007
32,0.8947325945,0.894,1,4.395,3.861
33,0.8999999762,0.899,1,4.349,3.821
34,0.9126979709,0.912,1,4.24,3.725
35,0.9281204343,0.928,1,4.104,3.606
36,0.9421288967,0.942,1,3.975,3.493
37,0.9500000477,0.95,1,3.901,3.428
38,0.9593296051,0.959,1,3.814,3.351
39,0.9737873077,0.974,1,3.676,3.231
40,0.9874964356,0.988,1,3.543,3.113
41,0.9990276098,0.999,1,3.426,3.008
42,1.0,1.0,1,3.416,2.999
43,1.0053653717,1.005,1,3.36,2.949
44,1.0147532225,1.015,1,3.253,2.853
45,1.0202120543,1.02,1,3.19,2.796
46,1.0245366096,1.024,1,3.136,2.744
47,1.0312398672,1.031,1,3.05,2.661
48,1.0375022888,1.037,1,2.966,2.577
49,1.0415332317,1.041,1,2.911,2.518
50,1.0433441401,1.043,2,2.884,2.489
51,1.0497291088,1.049,2,2.789,2.38
52,1.0499999523,1.05,2,2.785,2.375
53,1.0501769781,1.05,2,2.782,2.372
54,1.0556387901,1.055,2,2.691,2.252
55,1.059450388,1.059,2,2.626,2.155
56,1.0622433424,1.062,2,2.581,2.074
57,1.063908577,1.063,2,2.56,2.024
58,1.0652153492,1.065,2,2.548,1.985
59,1.0662177801,1.066,2,2.543,1.956
60,1.0673049688,1.067,2,2.545,1.927
61,1.0682507753,1.068,2,2.55,1.904
62,1.0690722466,1.068,2,2.557,1.886
63,1.0698221922,1.069,2,2.566,1.871
64,1.0705280304,1.07,2,2.575,1.859
65,1.0712265968,1.071,2,2.581,1.845
66,1.0721051693,1.071,2,2.568,1.811
67,1.0731385946,1.073,2,2.516,1.74
68,1.0732650757,1.073,2,2.507,1.729
69,1.0741326809,1.074,3,2.429,1.64
70,1.0751452446,1.075,3,2.327,1.528
71,1.0759881735,1.075,3,2.232,1.426
72,1.0768853426,1.076,3,2.122,1.308
73,1.0777355433,1.077,3,2.009,1.189
74,1.078507781,1.078,3,1.898,1.072
75,1.0792170763,1.079,3,1.789,0.957
76,1.0798721313,1.079,3,1.682,0.844
77,1.0805104971,1.08,3,1.569,0.725
78,1.0810898542,1.08,3,1.46,0.608
79,1.0815999508,1.081,3,1.355,0.497
80,1.082090497,1.081,3,1.246,0.382
81,1.0825322866,1.082,3,1.14,0.269
82,1.0829318762,1.082,3,1.037,0.158
83,1.0833082199,1.083,3,0.933,0.046
84,1.0836507082,1.083,3,0.831,-0.063
85,1.0839573145,1.083,3,0.733,-0.169
86,1.0842512846,1.084,3,0.632,-0.278
87,1.08452034,1.084,3,0.534,-0.386
88,1.0847666264,1.084,3,0.437,-0.491
89,1.0850007534,1.084,3,0.339,-0.598
90,1.0852136612,1.085,3,0.245,-0.701
91,1.085411191,1.085,3,0.155,-0.801
92,1.0855996609,1.085,3,0.067,-0.897
93,1.0857942104,1.085,3,-0.017,-0.99
94,1.0859940052,1.085,3,-0.076,-1.055
95,1.0860568285,1.085,3,-0.059,-1.035
96,1.0861839056,1.085,3,0.014,-0.954
97,1.0862473249,1.086,3,0.062,-0.899
98,1.0863103867,1.086,3,0.025,-0.94
99,1.0864688158,1.086,3,-0.07,-1.045
100,1.0866241455,1.086,3,-0.165,-1.151
101,1.0867676735,1.086,3,-0.258,-1.254
102,1.0869045258,1.086,3,-0.352,-1.359
103,1.0870258808,1.086,3,-0.439,-1.458
104,1.0871444941,1.086,3,-0.53,-1.561
105,1.0872485638,1.087,3,-0.616,-1.658
106,1.0873483419,1.087,3,-0.703,-1.758
107,1.087438345,1.087,3,-0.787,-1.854
108,1.0875226259,1.087,3,-0.87,-1.95
109,1.0876002312,1.087,3,-0.95,-2.043
110,1.0876736641,1.087,3,-1.031,-2.138
111,1.0877400637,1.087,3,-1.109,-2.229
112,1.0878027678,1.087,3,-1.187,-2.321
113,1.0878617764,1.087,3,-1.263,-2.412
114,1.0879291296,1.087,3,-1.352,-2.521
115,1.0879913568,1.087,3,-1.441,-2.632
116,1.0880378485,1.087,3,-1.51,-2.719
117,1.0880901814,1.087,3,-1.594,-2.824
118,1.0881388187,1.087,3,-1.674,-2.927
119,1.0881844759,1.087,3,-1.754,-3.031
120,1.0882261992,1.088,3,-1.831,-3.132
121,1.0882644653,1.088,3,-1.906,-3.231
122,1.0883003473,1.088,3,-1.976,-3.33
123,1.0883338451,1.088,3,-2.042,-3.426
124,1.0883638859,1.088,3,-2.104,-3.518
125,1.0883923769,1.088,3,-2.167,-3.61
126,1.0884194374,1.088,3,-2.229,-3.703
127,1.0884449482,1.088,3,-2.288,-3.794
128,1.0884683132,1.088,3,-2.343,-3.882
129,1.0884902477,1.088,3,-2.397,-3.967
130,1.0885111094,1.088,3,-2.448,-4.048
131,1.0885169506,1.088,3,-2.462,-4.07
132,1.0885169506,1.088,4,0.341,-0.486
133,1.0886917114,1.088,4,0.315,-0.517
134,1.0888694525,1.088,4,0.303,-0.53
135,1.0890487432,1.088,4,0.295,-0.539
136,1.089230895,1.089,4,0.288,-0.545
137,1.0894142389,1.089,4,0.283,-0.548
138,1.0895930529,1.089,4,0.279,-0.551
139,1.0897606611,1.089,4,0.275,-0.554
140,1.0899449587,1.089,4,0.27,-0.557
141,1.0901100636,1.089,4,0.266,-0.56
142,1.0902788639,1.09,4,0.261,-0.563
143,1.0904636383,1.09,4,0.256,-0.567
144,1.090628624,1.09,4,0.251,-0.571
145,1.0907990932,1.09,4,0.246,-0.574
146,1.0909795761,1.09,4,0.241,-0.578
147,1.0910748243,1.09,4,0.239,-0.58
148,1.091145277,1.09,4,0.237,-0.582
149,1.0913085938,1.091,4,0.232,-0.586
150,1.0914713144,1.091,4,0.227,-0.59
151,1.0916342735,1.091,4,0.222,-0.594
152,1.0918101072,1.091,4,0.217,-0.599
153,1.0919802189,1.091,4,0.212,-0.604
154,1.0921509266,1.091,4,0.207,-0.609
155,1.0923192501,1.092,4,0.201,-0.614
156,1.0923628807,1.092,4,0.2,-0.616
157,1.092378974,1.092,4,0.199,-0.616
158,1.0925430059,1.092,4,0.194,-0.622
159,1.0927072763,1.092,4,0.188,-0.629
160,1.0928757191,1.092,4,0.181,-0.636
161,1.0930452347,1.092,4,0.174,-0.645
162,1.0932116508,1.092,4,0.166,-0.654
163,1.0933769941,1.093,4,0.158,-0.664
164,1.0935437679,1.093,4,0.148,-0.676
165,1.0937117338,1.093,4,0.138,-0.689
166,1.0938929319,1.093,4,0.124,-0.705
167,1.0940679312,1.093,4,0.111,-0.721
168,1.0942283869,1.093,4,0.112,-0.721
169,1.0944024324,1.094,4,0.077,-0.765
170,1.0945718288,1.094,4,0.005,-0.856
171,1.0946469307,1.094,4,-0.068,-0.946
172,1.0946798325,1.094,4,-0.14,-1.033
173,1.0946947336,1.094,4,-0.214,-1.121
174,1.0947016478,1.094,4,-0.285,-1.206
175,1.0947047472,1.094,4,-0.34,-1.27
176,1.0947048664,1.094,7,-0.341,-1.272
177,1.0947071314,1.094,7,-0.402,-1.342
178,1.0947108269,1.094,7,-0.502,-1.458
179,1.0947157145,1.094,7,-0.581,-1.55
180,1.094725132,1.093,7,-0.517,-1.475
181,1.0948034525,1.093,7,-0.505,-1.461
182,1.0948723555,1.092,7,-0.588,-1.558
183,1.0949152708,1.091,7,-0.673,-1.658
184,1.0949472189,1.091,7,-0.749,-1.747
185,1.0949850082,1.09,7,-0.843,-1.856
186,1.0950227976,1.089,7,-0.934,-1.963
187,1.0950571299,1.088,7,-1.02,-2.065
188,1.0950888395,1.086,7,-1.107,-2.167
189,1.0951178074,1.084,7,-1.192,-2.268
190,1.0951440334,1.083,7,-1.275,-2.368
191,1.0951615572,1.081,7,-1.315,-2.439
192,1.0951831341,1.079,7,-1.392,-2.537
193,1.0952029228,1.076,7,-1.468,-2.633
194,1.0952215195,1.073,7,-1.542,-2.728
195,1.0952392817,1.069,7,-1.617,-2.823
196,1.0952557325,1.065,7,-1.69,-2.918
197,1.0952708721,1.06,7,-1.759,-3.009
198,1.0952862501,1.054,7,-1.826,-3.1
199,1.0953017473,1.046,7,-1.892,-3.191
200,1.0953171253,1.037,7,-1.954,-3.283
201,1.0953313112,1.026,7,-2.013,-3.374
202,1.0953422785,1.016,7,-2.071,-3.467
203,1.0953500271,1.006,7,-2.127,-3.556
204,1.0953577757,0.994,7,-2.179,-3.645
205,1.0953634977,0.983,7,-2.226,-3.727
206,1.0953695774,0.968,7,-2.271,-3.814
207,1.0953739882,0.955,7,-2.313,-3.893
208,1.0953752995,0.95,7,-2.338,-3.938
209,1.0953758955,0.947,7,-2.227,-3.754
210,1.0953760147,0.947,7,-2.209,-3.723
211,1.0953761339,0.947,7,-2.231,-3.761
212,1.0953766108,0.946,7,-2.254,-3.8
213,1.0953769684,0.944,7,-2.286,-3.854
214,1.095377326,0.943,7,-2.312,-3.899
215,1.0953776836,0.942,7,-2.343,-3.955
216,1.0953781605,0.94,7,-2.364,-4.0
217,1.0953788757,0.936,7,-2.395,-4.07
218,1.0953800678,0.929,7,-2.425,-4.147
219,1.0953817368,0.914,7,-2.456,-4.234
