,Mini,Mass,label,Vmag,Imag
0,0.0900000036,0.09,1,16.086,12.401
1,0.0922204107,0.092,1,15.731,12.209
2,0.1000000089,0.1,1,14.642,11.691
3,0.1200000048,0.12,1,13.33,10.952
4,0.1200299487,0.12,1,13.329,10.951
5,0.1400000155,0.14,1,12.633,10.476
6,0.1482839137,0.148,1,12.427,10.323
7,0.1599999964,0.16,1,12.155,10.121
8,0.2000000179,0.2,1,11.477,9.583
9,0.2492098957,0.249,1,10.881,9.086
10,0.25,0.25,1,10.873,9.078
11,0.3000000417,0.3,1,10.411,8.67
12,0.349999994,0.35,1,10.0,8.293
13,0.3816670477,0.382,1,9.671,8.045
14,0.4000000358,0.4,1,9.491,7.91
15,0.4140072167,0.414,1,9.319,7.782
16,0.4500000477,0.45,1,8.952,7.487
17,0.5,0.5,1,8.337,7.027
18,0.5500000715,0.55,1,7.663,6.54
19,0.576489985,0.576,1,7.341,6.298
20,0.6000000238,0.6,1,7.076,6.093
21,0.6372919083,0.637,1,6.677,5.78
22,0.6499999762,0.65,1,6.55,5.68
23,0.6717275381,0.672,1,6.34,5.513
24,0.6999999881,0.7,1,6.084,5.307
25,0.704075098,0.704,1,6.049,5.279
26,0.7382726669,0.738,1,5.761,5.046
27,0.75,0.75,1,5.666,4.968
28,0.7589064837,0.759,1,5.596,4.908
29,0.7918531299,0.792,1,5.339,4.689
30,0.8000000715,0.8,1,5.277,4.636
31,0.8244946599,0.824,1,5.091,4.474
32,0.8500000238,0.85,1,4.898,4.307
33,0.8575224876,0.857,1,4.842,4.258
34,0.8880161047,0.887,1,4.613,4.06
35,0.8999999762,0.899,1,4.523,3.981
36,0.9153321981,0.915,1,4.408,3.881
37,0.9384408593,0.938,1,4.233,3.729
38,0.9500000477,0.95,1,4.145,3.653
39,0.9506738782,0.95,1,4.139,3.648
40,0.9735777378,0.973,1,3.962,3.495
41,0.993889153,0.994,1,3.8,3.357
42,1.0,1.0,1,3.75,3.314
43,1.0147331953,1.015,1,3.631,3.214
44,1.0331282616,1.033,1,3.479,3.087
45,1.049955368,1.049,1,3.339,2.968
46,1.0499999523,1.05,1,3.339,2.968
47,1.0536938906,1.053,1,3.309,2.942
48,1.0649313927,1.064,1,3.214,2.861
49,1.0753260851,1.075,1,3.122,2.781
50,1.083835125,1.083,1,3.047,2.714
51,1.0860949755,1.085,1,3.027,2.695
52,1.0895931721,1.089,1,2.989,2.661
53,1.0950982571,1.094,1,2.928,2.606
54,1.1000001431,1.099,1,2.871,2.553
55,1.1020001173,1.101,1,2.849,2.534
56,1.104894042,1.104,1,2.807,2.497
57,1.1050565243,1.104,1,2.805,2.495
58,1.1112618446,1.111,2,2.73,2.419
59,1.1212135553,1.121,2,2.615,2.297
60,1.131234169,1.131,2,2.489,2.148
61,1.137537241,1.137,2,2.403,2.025
62,1.1418499947,1.141,2,2.344,1.915
63,1.1443103552,1.144,2,2.313,1.842
64,1.1461868286,1.145,2,2.294,1.782
65,1.1475952864,1.147,2,2.287,1.74
66,1.1490938663,1.148,2,2.292,1.704
67,1.1499999762,1.149,2,2.301,1.687
68,1.1506156921,1.15,2,2.309,1.677
69,1.1536384821,1.153,2,2.405,1.694
70,1.1572463512,1.157,2,2.381,1.606
71,1.1574661732,1.157,3,2.369,1.592
72,1.1590423584,1.158,3,2.271,1.48
73,1.1603554487,1.16,3,2.175,1.376
74,1.1616891623,1.161,3,2.069,1.261
75,1.1629199982,1.162,3,1.961,1.147
76,1.164061904,1.163,3,1.853,1.032
77,1.1651712656,1.165,3,1.74,0.913
78,1.1661862135,1.166,3,1.63,0.796
79,1.1670819521,1.166,3,1.525,0.685
80,1.1679466963,1.167,3,1.415,0.569
81,1.1687369347,1.168,3,1.307,0.454
82,1.1694533825,1.169,3,1.201,0.341
83,1.1701093912,1.17,3,1.096,0.229
84,1.1707311869,1.17,3,0.988,0.114
85,1.1712938547,1.171,3,0.883,0.001
86,1.1718202829,1.171,3,0.777,-0.113
87,1.1722904444,1.172,3,0.676,-0.222
88,1.1727313995,1.172,3,0.574,-0.333
89,1.1731401682,1.173,3,0.472,-0.444
90,1.1735289097,1.173,3,0.368,-0.557
91,1.173879981,1.173,3,0.268,-0.666
92,1.1742191315,1.174,3,0.167,-0.778
93,1.1745495796,1.174,3,0.069,-0.886
94,1.1749337912,1.174,3,-0.024,-0.988
95,1.1750773191,1.174,3,-0.046,-1.013
96,1.1751806736,1.175,3,-0.026,-0.99
97,1.1753846407,1.175,3,0.047,-0.908
98,1.1754713058,1.175,3,0.086,-0.863
99,1.1755120754,1.175,3,0.071,-0.88
100,1.1757611036,1.175,3,-0.024,-0.986
101,1.1760121584,1.175,3,-0.121,-1.093
102,1.1762429476,1.176,3,-0.215,-1.197
103,1.1764594316,1.176,3,-0.308,-1.301
104,1.1766604185,1.176,3,-0.401,-1.404
105,1.1768491268,1.176,3,-0.492,-1.508
106,1.1770198345,1.176,3,-0.58,-1.608
107,1.1771802902,1.177,3,-0.669,-1.708
108,1.1773251295,1.177,3,-0.755,-1.806
109,1.1774605513,1.177,3,-0.84,-1.904
110,1.1775860786,1.177,3,-0.924,-2.0
111,1.1777023077,1.177,3,-1.005,-2.095
112,1.1778119802,1.177,3,-1.087,-2.191
113,1.1779112816,1.177,3,-1.166,-2.283
114,1.1780064106,1.177,3,-1.246,-2.377
115,1.1780927181,1.177,3,-1.322,-2.468
116,1.1781755686,1.178,3,-1.396,-2.559
117,1.1782505512,1.178,3,-1.466,-2.646
118,1.1783213615,1.178,3,-1.537,-2.734
119,1.178388238,1.178,3,-1.608,-2.822
120,1.1784645319,1.178,3,-1.692,-2.929
121,1.1785224676,1.178,3,-1.758,-3.015
122,1.1785889864,1.178,3,-1.838,-3.119
123,1.1786499023,1.178,3,-1.916,-3.222
124,1.1787065268,1.178,3,-1.992,-3.323
125,1.1787496805,1.178,3,-2.05,-3.404
126,1.1787983179,1.178,3,-2.115,-3.5
127,1.1788436174,1.178,3,-2.18,-3.596
128,1.178879261,1.178,3,-2.233,-3.674
129,1.1789201498,1.178,3,-2.297,-3.769
130,1.1789578199,1.178,3,-2.355,-3.861
131,1.1789935827,1.178,3,-2.413,-3.952
132,1.179027319,1.178,3,-2.468,-4.038
133,1.1790452003,1.179,3,-2.496,-4.082
134,1.1790452003,1.178,4,0.301,-0.529
135,1.1793217659,1.179,4,0.276,-0.558
136,1.1795680523,1.179,4,0.265,-0.571
137,1.1798151731,1.179,4,0.257,-0.579
138,1.1800692081,1.179,4,0.25,-0.586
139,1.1803212166,1.18,4,0.244,-0.59
140,1.1805738211,1.18,4,0.239,-0.595
141,1.180847168,1.18,4,0.233,-0.599
142,1.1810973883,1.181,4,0.228,-0.603
143,1.1813617945,1.181,4,0.222,-0.607
144,1.1816240549,1.181,4,0.216,-0.612
145,1.1818802357,1.181,4,0.21,-0.617
146,1.1821424961,1.182,4,0.204,-0.621
147,1.1823936701,1.182,4,0.199,-0.626
148,1.1826606989,1.182,4,0.193,-0.631
149,1.182926774,1.182,4,0.186,-0.636
150,1.1830165386,1.182,4,0.184,-0.638
151,1.1832463741,1.183,4,0.179,-0.643
152,1.1835082769,1.183,4,0.173,-0.648
153,1.1837939024,1.183,4,0.167,-0.654
154,1.1840732098,1.183,4,0.16,-0.66
155,1.1843446493,1.184,4,0.154,-0.666
156,1.1846253872,1.184,4,0.147,-0.672
157,1.1849110126,1.184,4,0.141,-0.679
158,1.1849640608,1.184,4,0.139,-0.68
159,1.185208559,1.185,4,0.133,-0.686
160,1.1854609251,1.185,4,0.127,-0.693
161,1.1857229471,1.185,4,0.12,-0.701
162,1.1859693527,1.185,4,0.113,-0.709
163,1.1862199306,1.186,4,0.105,-0.719
164,1.1864663363,1.186,4,0.097,-0.729
165,1.1867165565,1.186,4,0.087,-0.74
166,1.1869674921,1.186,4,0.077,-0.753
167,1.1872160435,1.187,4,0.066,-0.767
168,1.1874607801,1.187,4,0.057,-0.778
169,1.1877082586,1.187,4,0.038,-0.804
170,1.1879540682,1.187,4,-0.005,-0.859
171,1.1881412268,1.188,4,-0.074,-0.945
172,1.1882206202,1.188,4,-0.15,-1.038
173,1.1882499456,1.188,4,-0.219,-1.121
174,1.1882629395,1.188,4,-0.291,-1.206
175,1.1882697344,1.188,4,-0.358,-1.285
176,1.1882703304,1.188,4,-0.365,-1.294
177,1.1882704496,1.188,7,-0.367,-1.295
178,1.1882725954,1.188,7,-0.403,-1.338
179,1.1882772446,1.188,7,-0.489,-1.437
180,1.1882820129,1.188,7,-0.573,-1.535
181,1.188295126,1.187,7,-0.63,-1.601
182,1.1883187294,1.187,7,-0.556,-1.515
183,1.1884922981,1.186,7,-0.598,-1.564
184,1.1885825396,1.186,7,-0.696,-1.678
185,1.1886377335,1.185,7,-0.774,-1.769
186,1.1886923313,1.185,7,-0.852,-1.86
187,1.1887524128,1.184,7,-0.937,-1.96
188,1.1888070107,1.183,7,-1.022,-2.059
189,1.1888567209,1.182,7,-1.107,-2.159
190,1.1889021397,1.18,7,-1.192,-2.261
191,1.1889430285,1.179,7,-1.271,-2.361
192,1.1889801025,1.177,7,-1.34,-2.46
193,1.1890130043,1.176,7,-1.421,-2.56
194,1.1890432835,1.173,7,-1.501,-2.658
195,1.1890717745,1.171,7,-1.577,-2.754
196,1.189098835,1.168,7,-1.653,-2.851
197,1.1891238689,1.165,7,-1.729,-2.949
198,1.1891471148,1.161,7,-1.802,-3.043
199,1.189170599,1.156,7,-1.872,-3.137
200,1.1891943216,1.15,7,-1.94,-3.23
201,1.1892179251,1.143,7,-2.007,-3.325
202,1.1892397404,1.134,7,-2.072,-3.422
203,1.189256072,1.126,7,-2.134,-3.518
204,1.1892670393,1.119,7,-2.186,-3.601
205,1.1892781258,1.111,7,-2.242,-3.691
206,1.1892864704,1.103,7,-2.289,-3.768
207,1.1892950535,1.094,7,-2.337,-3.853
208,1.1893050671,1.08,7,-2.391,-3.955
209,1.189306736,1.077,7,-2.393,-3.959
210,1.1893074512,1.076,7,-2.389,-3.954
211,1.1893080473,1.075,7,-2.414,-3.999
212,1.1893086433,1.074,7,-2.436,-4.036
213,1.1893092394,1.072,7,-2.455,-4.075
214,1.1893099546,1.071,7,-2.471,-4.113
215,1.1893115044,1.067,7,-2.506,-4.194
216,1.1893131733,1.061,7,-2.546,-4.288
217,1.1893156767,1.051,7,-2.569,-4.356
