,Mini,Mass,label,Vmag,Imag
0,0.0900000036,0.09,1,15.363,12.15
1,0.0908722803,0.091,1,15.224,12.088
2,0.1000000089,0.1,1,13.957,11.465
3,0.1200000048,0.12,1,12.817,10.741
4,0.1400000006,0.14,1,12.203,10.284
5,0.1599999964,0.16,1,11.767,9.938
6,0.2000000179,0.2,1,11.134,9.399
7,0.25,0.25,1,10.521,8.877
8,0.3000000417,0.3,1,10.007,8.458
9,0.3500000238,0.35,1,9.616,8.116
10,0.3718129098,0.372,1,9.426,7.956
11,0.4000000358,0.4,1,9.197,7.765
12,0.419347614,0.419,1,8.989,7.6
13,0.4500000477,0.45,1,8.678,7.352
14,0.5,0.5,1,8.067,6.893
15,0.5492515564,0.549,1,7.466,6.433
16,0.5500000715,0.55,1,7.458,6.427
17,0.6000000238,0.6,1,6.921,5.998
18,0.611358583,0.611,1,6.802,5.903
19,0.6499999762,0.65,1,6.422,5.597
20,0.6702494621,0.67,1,6.235,5.445
21,0.6987721324,0.699,1,5.983,5.241
22,0.7000000477,0.7,1,5.973,5.233
23,0.7084320188,0.709,1,5.901,5.174
24,0.737221837,0.737,1,5.661,4.977
25,0.75,0.75,1,5.557,4.89
26,0.7694625258,0.769,1,5.401,4.757
27,0.7970262766,0.797,1,5.183,4.568
28,0.8000000715,0.8,1,5.159,4.548
29,0.8294780254,0.829,1,4.927,4.348
30,0.8500000834,0.85,1,4.765,4.208
31,0.8603137732,0.86,1,4.684,4.139
32,0.8872770071,0.887,1,4.472,3.956
33,0.8999999762,0.899,1,4.371,3.868
34,0.9101707935,0.91,1,4.29,3.799
35,0.9312008023,0.931,1,4.119,3.654
36,0.9500000477,0.95,1,3.962,3.52
37,0.9652098417,0.965,1,3.831,3.412
38,0.9808594584,0.981,1,3.694,3.299
39,0.9945170283,0.995,1,3.57,3.197
40,1.0,1.0,1,3.52,3.156
41,1.0014588833,1.002,1,3.507,3.145
42,1.0144239664,1.014,1,3.387,3.049
43,1.0274044275,1.027,1,3.263,2.949
44,1.0387775898,1.038,1,3.152,2.858
45,1.0485291481,1.048,1,3.049,2.773
46,1.0499999523,1.05,1,3.032,2.758
47,1.0583783388,1.058,1,2.941,2.679
48,1.059638381,1.059,1,2.928,2.667
49,1.0675207376,1.067,1,2.826,2.575
50,1.0694001913,1.069,1,2.799,2.551
51,1.0722221136,1.072,1,2.764,2.517
52,1.0781747103,1.078,2,2.689,2.445
53,1.0845556259,1.084,2,2.604,2.358
54,1.0914204121,1.091,2,2.505,2.25
55,1.0970793962,1.096,2,2.414,2.138
56,1.1000000238,1.099,2,2.362,2.065
57,1.1012204885,1.101,2,2.34,2.033
58,1.1040046215,1.103,2,2.289,1.942
59,1.1059664488,1.105,2,2.254,1.866
60,1.1073361635,1.107,2,2.232,1.806
61,1.1086540222,1.108,2,2.213,1.743
62,1.1097002029,1.109,2,2.201,1.691
63,1.1106202602,1.11,2,2.196,1.649
64,1.1115300655,1.111,2,2.197,1.612
65,1.1123939753,1.112,2,2.205,1.584
66,1.1132450104,1.113,2,2.221,1.565
67,1.1141028404,1.113,2,2.242,1.554
68,1.1149684191,1.114,2,2.261,1.545
69,1.1162186861,1.116,2,2.247,1.499
70,1.1167629957,1.116,2,2.223,1.465
71,1.1173285246,1.117,3,2.182,1.416
72,1.1184459925,1.118,3,2.084,1.305
73,1.1193691492,1.119,3,1.988,1.201
74,1.1202447414,1.12,3,1.89,1.096
75,1.1210936308,1.12,3,1.788,0.987
76,1.1218905449,1.121,3,1.684,0.878
77,1.1226935387,1.122,3,1.574,0.761
78,1.1234235764,1.123,3,1.466,0.648
79,1.1240979433,1.123,3,1.36,0.536
80,1.1247088909,1.124,3,1.257,0.427
81,1.1252882481,1.125,3,1.152,0.316
82,1.1258556843,1.125,3,1.043,0.2
83,1.1263393164,1.126,3,0.942,0.093
84,1.126802206,1.126,3,0.839,-0.017
85,1.1272389889,1.127,3,0.735,-0.128
86,1.1276377439,1.127,3,0.632,-0.238
87,1.1280093193,1.127,3,0.529,-0.347
88,1.1283524036,1.128,3,0.427,-0.457
89,1.1286648512,1.128,3,0.328,-0.564
90,1.1289629936,1.128,3,0.227,-0.673
91,1.1292357445,1.129,3,0.129,-0.779
92,1.1294920444,1.129,3,0.031,-0.886
93,1.1297278404,1.129,3,-0.065,-0.99
94,1.1299529076,1.129,3,-0.161,-1.095
95,1.1301620007,1.129,3,-0.251,-1.193
96,1.1304012537,1.13,3,-0.336,-1.287
97,1.130515337,1.13,3,-0.365,-1.318
98,1.1306511164,1.13,3,-0.321,-1.269
99,1.1307719946,1.13,3,-0.234,-1.172
100,1.1307806969,1.13,3,-0.228,-1.166
101,1.1309429407,1.13,3,-0.319,-1.266
102,1.1311177015,1.13,3,-0.417,-1.374
103,1.131279707,1.131,3,-0.511,-1.478
104,1.131429553,1.131,3,-0.603,-1.58
105,1.131570816,1.131,3,-0.695,-1.682
106,1.1317007542,1.131,3,-0.785,-1.783
107,1.1318240166,1.131,3,-0.876,-1.884
108,1.131937027,1.131,3,-0.963,-1.983
109,1.1320425272,1.131,3,-1.05,-2.081
110,1.1321388483,1.131,3,-1.133,-2.177
111,1.1322305202,1.132,3,-1.218,-2.274
112,1.132314682,1.132,3,-1.301,-2.368
113,1.1323924065,1.132,3,-1.382,-2.461
114,1.1324667931,1.132,3,-1.462,-2.556
115,1.1325341463,1.132,3,-1.538,-2.647
116,1.1325987577,1.132,3,-1.616,-2.739
117,1.1326708794,1.132,3,-1.708,-2.85
118,1.1327258348,1.132,3,-1.782,-2.939
119,1.1327890158,1.132,3,-1.871,-3.049
120,1.1328459978,1.132,3,-1.954,-3.153
121,1.1328995228,1.132,3,-2.037,-3.257
122,1.1329400539,1.132,3,-2.103,-3.342
123,1.1329857111,1.132,3,-2.181,-3.442
124,1.1330286264,1.132,3,-2.254,-3.541
125,1.1330685616,1.132,3,-2.324,-3.639
126,1.1331057549,1.132,3,-2.393,-3.736
127,1.1331398487,1.132,3,-2.458,-3.829
128,1.1331721544,1.132,3,-2.523,-3.922
129,1.1332031488,1.132,3,-2.583,-4.011
130,1.1332280636,1.133,3,-2.629,-4.081
131,1.1332280636,1.132,4,0.233,-0.555
132,1.1334608793,1.133,4,0.208,-0.586
133,1.1336928606,1.133,4,0.198,-0.599
134,1.133928299,1.133,4,0.188,-0.608
135,1.1341651678,1.133,4,0.18,-0.616
136,1.1344044209,1.133,4,0.172,-0.623
137,1.1346343756,1.134,4,0.165,-0.628
138,1.1348677874,1.134,4,0.157,-0.634
139,1.1351025105,1.134,4,0.15,-0.639
140,1.1353443861,1.134,4,0.142,-0.645
141,1.1355648041,1.135,4,0.135,-0.65
142,1.1358026266,1.135,4,0.128,-0.656
143,1.1360396147,1.135,4,0.12,-0.661
144,1.1362755299,1.135,4,0.113,-0.667
145,1.1365035772,1.136,4,0.106,-0.672
146,1.1365565062,1.136,4,0.105,-0.674
147,1.1366026402,1.136,4,0.104,-0.675
148,1.1368340254,1.136,4,0.097,-0.68
149,1.1370546818,1.136,4,0.09,-0.686
150,1.1372923851,1.136,4,0.083,-0.692
151,1.1375118494,1.137,4,0.077,-0.697
152,1.1377334595,1.137,4,0.071,-0.703
153,1.1379565001,1.137,4,0.064,-0.709
154,1.1381784678,1.137,4,0.058,-0.715
155,1.1381977797,1.137,4,0.058,-0.716
156,1.1383141279,1.137,4,0.054,-0.72
157,1.1385329962,1.138,4,0.048,-0.727
158,1.1387466192,1.138,4,0.041,-0.734
159,1.1389548779,1.138,4,0.034,-0.742
160,1.1391693354,1.138,4,0.027,-0.751
161,1.1393821239,1.138,4,0.019,-0.761
162,1.139591217,1.139,4,0.011,-0.772
163,1.139801383,1.139,4,0.002,-0.784
164,1.1400139332,1.139,4,-0.008,-0.797
165,1.1402237415,1.139,4,-0.017,-0.809
166,1.1404355764,1.14,4,-0.027,-0.825
167,1.1406540871,1.14,4,-0.055,-0.863
168,1.1408671141,1.14,4,-0.117,-0.946
169,1.1409620047,1.14,4,-0.191,-1.039
170,1.1409941912,1.14,4,-0.264,-1.128
171,1.1410064697,1.14,4,-0.333,-1.211
172,1.1410113573,1.14,7,-0.386,-1.272
173,1.141012907,1.14,7,-0.415,-1.305
174,1.1410176754,1.14,7,-0.516,-1.422
175,1.1410214901,1.14,7,-0.596,-1.513
176,1.1410253048,1.14,7,-0.667,-1.594
177,1.1410309076,1.14,7,-0.711,-1.643
178,1.1410416365,1.14,7,-0.649,-1.573
179,1.1410626173,1.14,7,-0.591,-1.507
180,1.1411552429,1.139,7,-0.624,-1.544
181,1.1412146091,1.138,7,-0.701,-1.633
182,1.1412798166,1.138,7,-0.8,-1.747
183,1.1413414478,1.137,7,-0.906,-1.869
184,1.1413969994,1.136,7,-1.004,-1.981
185,1.1414462328,1.134,7,-1.099,-2.089
186,1.1414899826,1.133,7,-1.191,-2.197
187,1.1415286064,1.132,7,-1.283,-2.301
188,1.1415630579,1.13,7,-1.359,-2.404
189,1.1415934563,1.128,7,-1.439,-2.506
190,1.1416213512,1.126,7,-1.526,-2.609
191,1.1416472197,1.123,7,-1.611,-2.71
192,1.1416715384,1.12,7,-1.694,-2.812
193,1.1416943073,1.116,7,-1.777,-2.914
194,1.141715169,1.112,7,-1.859,-3.015
195,1.1417343616,1.107,7,-1.937,-3.113
196,1.1417536736,1.101,7,-2.011,-3.209
197,1.141772747,1.093,7,-2.084,-3.304
198,1.1417919397,1.084,7,-2.154,-3.399
199,1.1418105364,1.072,7,-2.223,-3.498
200,1.1418268681,1.06,7,-2.293,-3.602
201,1.141838789,1.048,7,-2.362,-3.706
202,1.1418488026,1.034,7,-2.421,-3.8
203,1.1418576241,1.02,7,-2.479,-3.897
204,1.1418660879,1.001,7,-2.534,-3.994
205,1.1418713331,0.987,7,-2.537,-4.006
206,1.1418728828,0.983,7,-2.595,-4.104
207,1.1418730021,0.982,7,-2.579,-4.079
208,1.1418731213,0.982,7,-2.558,-4.046
209,1.1418732405,0.981,7,-2.596,-4.106
210,1.1418733597,0.981,7,-2.601,-4.115
211,1.1418734789,0.981,7,-2.578,-4.079
212,1.1418739557,0.979,7,-2.607,-4.127
213,1.1418744326,0.977,7,-2.641,-4.188
214,1.1418749094,0.975,7,-2.668,-4.244
215,1.1418755054,0.972,7,-2.696,-4.304
216,1.1418765783,0.965,7,-2.725,-4.37
217,1.1418781281,0.954,7,-2.75,-4.434
218,1.1418787241,0.948,7,-2.752,-4.446
