,Mini,Mass,label,Vmag,Imag
0,0.0900000036,0.09,1,15.72,12.253
1,0.0909521058,0.091,1,15.565,12.175
2,0.1000000015,0.1,1,14.304,11.581
3,0.1199999899,0.12,1,13.077,10.85
4,0.1400000006,0.14,1,12.425,10.385
5,0.1599999964,0.16,1,11.976,10.037
6,0.2000000179,0.2,1,11.316,9.503
7,0.25,0.25,1,10.729,8.991
8,0.3000000417,0.3,1,10.258,8.579
9,0.349999994,0.35,1,9.813,8.209
10,0.400000006,0.4,1,9.352,7.844
11,0.4500000179,0.45,1,8.834,7.427
12,0.5,0.5,1,8.2,6.957
13,0.5500000715,0.55,1,7.542,6.472
14,0.6000000238,0.6,1,6.982,6.034
15,0.6159259081,0.616,1,6.812,5.899
16,0.6499999166,0.65,1,6.468,5.626
17,0.652125597,0.652,1,6.448,5.609
18,0.6845607758,0.685,1,6.147,5.367
19,0.6999999881,0.7,1,6.011,5.257
20,0.7177712917,0.718,1,5.86,5.133
21,0.7474471927,0.748,1,5.614,4.932
22,0.75,0.75,1,5.594,4.915
23,0.7699241042,0.77,1,5.435,4.778
24,0.7981957793,0.798,1,5.212,4.587
25,0.8000000119,0.8,1,5.198,4.575
26,0.8020678163,0.802,1,5.182,4.561
27,0.8337571025,0.833,1,4.935,4.346
28,0.8500000238,0.85,1,4.808,4.236
29,0.8644631505,0.864,1,4.696,4.139
30,0.8912651539,0.891,1,4.488,3.958
31,0.8999999762,0.899,1,4.419,3.898
32,0.9140409827,0.913,1,4.309,3.803
33,0.9349433184,0.934,1,4.141,3.658
34,0.9499999881,0.95,1,4.018,3.552
35,0.9688472748,0.969,1,3.861,3.419
36,0.9868792892,0.987,1,3.706,3.288
37,1.0,1.0,1,3.59,3.19
38,1.0081210136,1.008,1,3.519,3.131
39,1.0246084929,1.024,1,3.37,3.008
40,1.0384629965,1.038,1,3.242,2.9
41,1.0499999523,1.05,1,3.126,2.802
42,1.0525915623,1.052,1,3.1,2.78
43,1.0599881411,1.059,1,3.027,2.715
44,1.0619515181,1.061,1,3.008,2.697
45,1.0640968084,1.064,1,2.982,2.673
46,1.0674579144,1.067,1,2.939,2.635
47,1.0706347227,1.07,1,2.897,2.598
48,1.0726970434,1.072,1,2.863,2.568
49,1.076800108,1.076,2,2.813,2.52
50,1.0842319727,1.084,2,2.727,2.435
51,1.0929652452,1.092,2,2.616,2.319
52,1.099221468,1.098,2,2.527,2.216
53,1.1000000238,1.099,2,2.515,2.2
54,1.1052668095,1.105,2,2.433,2.082
55,1.1086671352,1.108,2,2.379,1.987
56,1.1111475229,1.11,2,2.342,1.906
57,1.1129488945,1.112,2,2.317,1.842
58,1.1148116589,1.114,2,2.298,1.775
59,1.1163606644,1.116,2,2.289,1.721
60,1.1176556349,1.117,2,2.296,1.687
61,1.118798852,1.118,2,2.315,1.668
62,1.1198432446,1.119,2,2.346,1.663
63,1.1208474636,1.12,2,2.367,1.657
64,1.122071743,1.121,2,2.373,1.633
65,1.1234587431,1.123,2,2.33,1.564
66,1.1236248016,1.123,2,2.322,1.554
67,1.1238182783,1.123,2,2.308,1.538
68,1.1251655817,1.124,3,2.202,1.419
69,1.1262843609,1.126,3,2.1,1.308
70,1.1273281574,1.127,3,1.996,1.196
71,1.1283785105,1.128,3,1.881,1.074
72,1.1293410063,1.129,3,1.768,0.954
73,1.1301640272,1.129,3,1.665,0.845
74,1.131029129,1.13,3,1.548,0.722
75,1.1317757368,1.131,3,1.439,0.607
76,1.1324791908,1.132,3,1.329,0.49
77,1.1331064701,1.132,3,1.223,0.378
78,1.1337153912,1.133,3,1.112,0.26
79,1.1342424154,1.134,3,1.008,0.149
80,1.1347640753,1.134,3,0.897,0.031
81,1.1352094412,1.134,3,0.795,-0.078
82,1.1356400251,1.135,3,0.689,-0.192
83,1.1360383034,1.135,3,0.583,-0.306
84,1.1363960505,1.136,3,0.481,-0.417
85,1.136736989,1.136,3,0.377,-0.53
86,1.1370433569,1.136,3,0.277,-0.638
87,1.137341857,1.137,3,0.174,-0.751
88,1.1376084089,1.137,3,0.076,-0.859
89,1.1378722191,1.137,3,-0.024,-0.968
90,1.1381360292,1.137,3,-0.113,-1.066
91,1.138397336,1.138,3,-0.18,-1.14
92,1.1384782791,1.138,3,-0.161,-1.118
93,1.1386381388,1.138,3,-0.09,-1.038
94,1.1387059689,1.138,3,-0.047,-0.99
95,1.1388010979,1.138,3,-0.094,-1.042
96,1.1389985085,1.138,3,-0.19,-1.148
97,1.1391869783,1.138,3,-0.284,-1.252
98,1.1393691301,1.139,3,-0.38,-1.359
99,1.1395317316,1.139,3,-0.472,-1.461
100,1.1396861076,1.139,3,-0.564,-1.565
101,1.1398285627,1.139,3,-0.655,-1.667
102,1.1399592161,1.139,3,-0.742,-1.766
103,1.1400798559,1.139,3,-0.828,-1.863
104,1.1401925087,1.139,3,-0.913,-1.96
105,1.1402945518,1.14,3,-0.995,-2.054
106,1.1403913498,1.14,3,-1.078,-2.15
107,1.1404801607,1.14,3,-1.158,-2.242
108,1.1405630112,1.14,3,-1.236,-2.333
109,1.1406408548,1.14,3,-1.313,-2.424
110,1.1407113075,1.14,3,-1.387,-2.512
111,1.140779376,1.14,3,-1.462,-2.602
112,1.1408410072,1.14,3,-1.534,-2.689
113,1.1408997774,1.14,3,-1.603,-2.774
114,1.1409546137,1.14,3,-1.671,-2.859
115,1.1410171986,1.14,3,-1.753,-2.961
116,1.141064167,1.14,3,-1.816,-3.042
117,1.1411188841,1.14,3,-1.896,-3.144
118,1.1411684752,1.14,3,-1.97,-3.24
119,1.1412149668,1.14,3,-2.043,-3.335
120,1.1412504911,1.141,3,-2.099,-3.412
121,1.1412900686,1.141,3,-2.164,-3.503
122,1.1413275003,1.141,3,-2.228,-3.594
123,1.1413627863,1.141,3,-2.288,-3.682
124,1.1413958073,1.141,3,-2.346,-3.769
125,1.1414260864,1.141,3,-2.402,-3.853
126,1.1414549351,1.141,3,-2.458,-3.937
127,1.1414818764,1.141,3,-2.509,-4.015
128,1.1415065527,1.141,3,-2.553,-4.085
129,1.1415065527,1.141,4,0.276,-0.534
130,1.1417322159,1.141,4,0.252,-0.563
131,1.1419688463,1.141,4,0.24,-0.577
132,1.1422057152,1.141,4,0.23,-0.587
133,1.1424486637,1.142,4,0.222,-0.594
134,1.1426891088,1.142,4,0.215,-0.6
135,1.1429363489,1.142,4,0.208,-0.605
136,1.1431772709,1.142,4,0.202,-0.61
137,1.1434127092,1.143,4,0.195,-0.615
138,1.1436442137,1.143,4,0.189,-0.62
139,1.1438976526,1.143,4,0.182,-0.625
140,1.1441459656,1.143,4,0.175,-0.631
141,1.1443856955,1.144,4,0.168,-0.637
142,1.1446207762,1.144,4,0.161,-0.642
143,1.1448601484,1.144,4,0.155,-0.648
144,1.1448910236,1.144,4,0.154,-0.648
145,1.1450964212,1.144,4,0.148,-0.653
146,1.1453440189,1.145,4,0.141,-0.66
147,1.1455854177,1.145,4,0.134,-0.665
148,1.1458281279,1.145,4,0.128,-0.672
149,1.1460767984,1.145,4,0.121,-0.678
150,1.1463190317,1.146,4,0.114,-0.685
151,1.1465610266,1.146,4,0.108,-0.691
152,1.1465749741,1.146,4,0.107,-0.692
153,1.1465961933,1.146,4,0.107,-0.692
154,1.1468119621,1.146,4,0.1,-0.699
155,1.1470279694,1.146,4,0.094,-0.706
156,1.147249341,1.146,4,0.087,-0.714
157,1.147472024,1.147,4,0.079,-0.723
158,1.147690177,1.147,4,0.072,-0.732
159,1.1479067802,1.147,4,0.064,-0.741
160,1.1481251717,1.147,4,0.055,-0.753
161,1.148345232,1.148,4,0.045,-0.765
162,1.1485821009,1.148,4,0.031,-0.781
163,1.1488106251,1.148,4,0.022,-0.792
164,1.1490200758,1.148,4,0.014,-0.803
165,1.1492470503,1.148,4,-0.016,-0.843
166,1.1494680643,1.149,4,-0.083,-0.929
167,1.1495658159,1.149,4,-0.146,-1.007
168,1.1496086121,1.149,4,-0.206,-1.08
169,1.1496280432,1.149,4,-0.275,-1.162
170,1.1496369839,1.149,4,-0.345,-1.245
171,1.149641037,1.149,7,-0.392,-1.301
172,1.1496440172,1.149,7,-0.453,-1.37
173,1.1496489048,1.149,7,-0.544,-1.475
174,1.1496549845,1.149,7,-0.583,-1.521
175,1.1496670246,1.148,7,-0.584,-1.521
176,1.1497665644,1.148,7,-0.583,-1.521
177,1.1498541832,1.147,7,-0.646,-1.593
178,1.1499089003,1.147,7,-0.726,-1.686
179,1.1499494314,1.146,7,-0.801,-1.773
180,1.149997592,1.145,7,-0.907,-1.896
181,1.1499999762,1.146,7,-0.912,-1.902
182,1.1500411034,1.145,7,-0.991,-1.994
183,1.1500884295,1.144,7,-1.083,-2.101
184,1.1501315832,1.142,7,-1.172,-2.205
185,1.1501710415,1.141,7,-1.26,-2.309
186,1.1502065659,1.139,7,-1.334,-2.411
187,1.1502388716,1.137,7,-1.411,-2.513
188,1.1502673626,1.135,7,-1.494,-2.613
189,1.1502937078,1.132,7,-1.576,-2.712
190,1.1503183842,1.13,7,-1.657,-2.812
191,1.1503418684,1.126,7,-1.736,-2.911
192,1.1503636837,1.122,7,-1.812,-3.009
193,1.1503837109,1.117,7,-1.883,-3.103
194,1.1504042149,1.111,7,-1.956,-3.198
195,1.1504248381,1.104,7,-2.025,-3.292
196,1.1504453421,1.095,7,-2.09,-3.385
197,1.1504642963,1.084,7,-2.152,-3.48
198,1.1504784822,1.075,7,-2.213,-3.571
199,1.150488019,1.067,7,-2.262,-3.647
200,1.1504976749,1.057,7,-2.313,-3.733
201,1.1505048275,1.048,7,-2.352,-3.801
202,1.1505123377,1.036,7,-2.401,-3.884
203,1.15052104,1.02,7,-2.459,-3.991
204,1.1505225897,1.016,7,-2.497,-4.058
205,1.1505231857,1.015,7,-2.512,-4.086
206,1.1505236626,1.013,7,-2.524,-4.109
207,1.1505241394,1.012,7,-2.534,-4.131
208,1.1505247355,1.011,7,-2.547,-4.156
209,1.1505253315,1.009,7,-2.562,-4.186
210,1.1505265236,1.004,7,-2.612,-4.295
211,1.1505280733,0.996,7,-2.638,-4.366
212,1.1505302191,0.982,7,-2.655,-4.423
