,Mini,Mass,label,Vmag,Imag
0,0.0900000036,0.09,1,15.536,12.195
1,0.0901536196,0.09,1,15.512,12.184
2,0.0965823159,0.097,1,14.565,11.745
3,0.1000000015,0.1,1,14.124,11.523
4,0.1119029447,0.112,1,13.38,11.076
5,0.1199999973,0.12,1,12.945,10.796
6,0.1400000006,0.14,1,12.314,10.335
7,0.1599999964,0.16,1,11.871,9.988
8,0.2000000179,0.2,1,11.226,9.457
9,0.25,0.25,1,10.65,8.945
10,0.3000000417,0.3,1,10.144,8.53
11,0.333535254,0.334,1,9.838,8.277
12,0.349999994,0.35,1,9.701,8.162
13,0.400000006,0.4,1,9.281,7.81
14,0.4500000477,0.45,1,8.765,7.398
15,0.5,0.5,1,8.145,6.935
16,0.5500000715,0.55,1,7.517,6.464
17,0.6000000238,0.6,1,6.973,6.034
18,0.6499999762,0.65,1,6.473,5.634
19,0.673187077,0.673,1,6.259,5.462
20,0.6999999881,0.7,1,6.026,5.274
21,0.7121642828,0.712,1,5.925,5.192
22,0.7473626137,0.747,1,5.64,4.959
23,0.75,0.75,1,5.619,4.942
24,0.7791080475,0.779,1,5.394,4.75
25,0.8000000119,0.8,1,5.236,4.614
26,0.8020436764,0.802,1,5.221,4.601
27,0.8414026499,0.841,1,4.925,4.346
28,0.8500000238,0.85,1,4.861,4.291
29,0.8753559589,0.875,1,4.675,4.131
30,0.8999999762,0.899,1,4.493,3.974
31,0.9069339037,0.906,1,4.443,3.931
32,0.9353788495,0.935,1,4.233,3.753
33,0.9499999881,0.95,1,4.124,3.66
34,0.9570716023,0.957,1,4.072,3.616
35,0.9797834158,0.98,1,3.9,3.474
36,0.9998202324,1.0,1,3.746,3.346
37,1.0,1.0,1,3.744,3.345
38,1.0096926689,1.01,1,3.669,3.285
39,1.0251595974,1.025,1,3.547,3.187
40,1.0392867327,1.039,1,3.433,3.097
41,1.0499999523,1.05,1,3.345,3.028
42,1.0522999763,1.052,1,3.327,3.013
43,1.0624339581,1.062,1,3.246,2.95
44,1.0725457668,1.072,1,3.167,2.886
45,1.0813778639,1.081,1,3.097,2.83
46,1.0889303684,1.088,1,3.039,2.781
47,1.0989106894,1.098,1,2.967,2.719
48,1.1000000238,1.099,1,2.96,2.712
49,1.1008095741,1.1,1,2.954,2.707
50,1.1168168783,1.116,1,2.809,2.584
51,1.124854207,1.124,1,2.718,2.514
52,1.1278517246,1.127,1,2.659,2.471
53,1.1280220747,1.127,1,2.655,2.468
54,1.1361912489,1.135,2,2.548,2.356
55,1.1490288973,1.148,2,2.398,2.197
56,1.1499999762,1.149,2,2.386,2.184
57,1.1598643064,1.159,2,2.262,2.028
58,1.1656525135,1.165,2,2.183,1.907
59,1.1690071821,1.168,2,2.136,1.819
60,1.1711956263,1.171,2,2.107,1.752
61,1.1732349396,1.173,2,2.085,1.684
62,1.1747195721,1.174,2,2.073,1.632
63,1.1758787632,1.175,2,2.067,1.591
64,1.1768642664,1.176,2,2.067,1.559
65,1.1777877808,1.177,2,2.07,1.53
66,1.1787583828,1.178,2,2.079,1.505
67,1.1797773838,1.179,2,2.096,1.483
68,1.180844903,1.18,2,2.12,1.47
69,1.1819778681,1.181,2,2.149,1.463
70,1.1831425428,1.183,2,2.167,1.449
71,1.1848295927,1.184,2,2.167,1.415
72,1.1851016283,1.185,2,2.166,1.408
73,1.1860496998,1.185,3,2.115,1.348
74,1.1874783039,1.187,3,2.025,1.245
75,1.1889623404,1.188,3,1.912,1.122
76,1.1901884079,1.19,3,1.809,1.012
77,1.191204071,1.191,3,1.717,0.914
78,1.1922601461,1.192,3,1.614,0.806
79,1.1933078766,1.193,3,1.507,0.693
80,1.194206953,1.194,3,1.409,0.589
81,1.1950865984,1.195,3,1.305,0.479
82,1.1958460808,1.195,3,1.209,0.377
83,1.1966124773,1.196,3,1.104,0.266
84,1.1973030567,1.197,3,1.003,0.159
85,1.1979269981,1.197,3,0.906,0.055
86,1.198527813,1.198,3,0.805,-0.052
87,1.1990689039,1.199,3,0.707,-0.157
88,1.1995761395,1.199,3,0.609,-0.262
89,1.2000000477,1.2,3,0.521,-0.356
90,1.2003233433,1.2,3,0.454,-0.427
91,1.2007918358,1.2,3,0.351,-0.539
92,1.2012251616,1.201,3,0.248,-0.65
93,1.2016363144,1.201,3,0.146,-0.762
94,1.2020069361,1.202,3,0.046,-0.87
95,1.2023644447,1.202,3,-0.055,-0.98
96,1.2027119398,1.202,3,-0.155,-1.09
97,1.203115344,1.203,3,-0.251,-1.195
98,1.2032659054,1.203,3,-0.271,-1.217
99,1.2033808231,1.203,3,-0.245,-1.187
100,1.203591466,1.203,3,-0.173,-1.107
101,1.2036677599,1.203,3,-0.14,-1.071
102,1.2037149668,1.203,3,-0.158,-1.09
103,1.2039754391,1.204,3,-0.254,-1.196
104,1.2042285204,1.204,3,-0.348,-1.3
105,1.2044693232,1.204,3,-0.441,-1.403
106,1.2046941519,1.204,3,-0.534,-1.505
107,1.2049012184,1.204,3,-0.624,-1.606
108,1.2050967216,1.205,3,-0.715,-1.707
109,1.2052769661,1.205,3,-0.804,-1.807
110,1.2054479122,1.205,3,-0.893,-1.908
111,1.2056024075,1.205,3,-0.978,-2.004
112,1.2057499886,1.205,3,-1.065,-2.103
113,1.2058862448,1.205,3,-1.15,-2.2
114,1.2060140371,1.206,3,-1.234,-2.297
115,1.206130147,1.206,3,-1.316,-2.391
116,1.206242919,1.206,3,-1.4,-2.488
117,1.2063444853,1.206,3,-1.478,-2.58
118,1.2064412832,1.206,3,-1.557,-2.675
119,1.2065517902,1.206,3,-1.653,-2.79
120,1.2066527605,1.206,3,-1.747,-2.903
121,1.2067296505,1.206,3,-1.821,-2.994
122,1.2068158388,1.206,3,-1.907,-3.102
123,1.2068816423,1.206,3,-1.977,-3.19
124,1.2069582939,1.207,3,-2.063,-3.299
125,1.2070276737,1.207,3,-2.145,-3.405
126,1.2070924044,1.207,3,-2.223,-3.508
127,1.2071532011,1.207,3,-2.297,-3.612
128,1.2072097063,1.207,3,-2.37,-3.715
129,1.2072614431,1.207,3,-2.441,-3.815
130,1.2073100805,1.207,3,-2.507,-3.912
131,1.2073565722,1.207,3,-2.571,-4.008
132,1.2073981762,1.207,3,-2.627,-4.092
133,1.2073981762,1.207,4,0.209,-0.588
134,1.2077156305,1.207,4,0.187,-0.615
135,1.2079982758,1.207,4,0.177,-0.627
136,1.2082819939,1.208,4,0.168,-0.637
137,1.2085735798,1.208,4,0.159,-0.645
138,1.2088629007,1.208,4,0.151,-0.652
139,1.2091526985,1.208,4,0.143,-0.658
140,1.2094664574,1.209,4,0.135,-0.665
141,1.2097537518,1.209,4,0.128,-0.671
142,1.2100571394,1.209,4,0.12,-0.677
143,1.2103582621,1.21,4,0.111,-0.684
144,1.2106522322,1.21,4,0.104,-0.691
145,1.2109531164,1.21,4,0.096,-0.697
146,1.21113801,1.211,4,0.091,-0.701
147,1.2112629414,1.211,4,0.088,-0.704
148,1.2115778923,1.211,4,0.08,-0.71
149,1.211899519,1.211,4,0.072,-0.717
150,1.2119965553,1.211,4,0.069,-0.719
151,1.2122021914,1.212,4,0.064,-0.723
152,1.2125097513,1.212,4,0.057,-0.73
153,1.2128394842,1.212,4,0.049,-0.737
154,1.2131543159,1.213,4,0.042,-0.743
155,1.2134628296,1.213,4,0.034,-0.75
156,1.2137793303,1.213,4,0.027,-0.757
157,1.214094162,1.214,4,0.02,-0.764
158,1.2143008709,1.214,4,0.015,-0.769
159,1.2143864632,1.214,4,0.014,-0.771
160,1.214707613,1.214,4,0.006,-0.778
161,1.2150244713,1.214,4,-0.001,-0.786
162,1.2153464556,1.215,4,-0.009,-0.795
163,1.2156587839,1.215,4,-0.016,-0.805
164,1.2159842253,1.215,4,-0.025,-0.816
165,1.216301322,1.216,4,-0.034,-0.828
166,1.2166278362,1.216,4,-0.045,-0.843
167,1.2169463634,1.216,4,-0.055,-0.856
168,1.2172874212,1.217,4,-0.071,-0.878
169,1.2176103592,1.217,4,-0.097,-0.916
170,1.2179015875,1.217,4,-0.167,-1.008
171,1.2180036306,1.217,4,-0.242,-1.102
172,1.2180348635,1.217,4,-0.316,-1.191
173,1.2180472612,1.217,4,-0.391,-1.28
174,1.2180491686,1.217,7,-0.41,-1.302
175,1.2180532217,1.217,7,-0.466,-1.367
176,1.2180603743,1.217,7,-0.578,-1.495
177,1.2180690765,1.217,7,-0.704,-1.64
178,1.2180931568,1.217,7,-0.701,-1.636
179,1.2182754278,1.216,7,-0.671,-1.603
180,1.2183799744,1.216,7,-0.764,-1.709
181,1.2184381485,1.215,7,-0.83,-1.784
182,1.218509078,1.215,7,-0.909,-1.875
183,1.2185758352,1.214,7,-0.987,-1.965
184,1.2186399698,1.213,7,-1.069,-2.059
185,1.2186994553,1.212,7,-1.153,-2.156
186,1.2187548876,1.211,7,-1.24,-2.256
187,1.2187924385,1.21,7,-1.297,-2.329
188,1.2188382149,1.209,7,-1.374,-2.427
189,1.2188798189,1.207,7,-1.452,-2.526
190,1.2189176083,1.206,7,-1.536,-2.625
191,1.2189526558,1.204,7,-1.616,-2.722
192,1.2189854383,1.201,7,-1.696,-2.819
193,1.2190154791,1.199,7,-1.774,-2.914
194,1.2190428972,1.196,7,-1.85,-3.007
195,1.2190701962,1.192,7,-1.927,-3.105
196,1.2190967798,1.187,7,-2.0,-3.2
197,1.2191234827,1.182,7,-2.072,-3.294
198,1.219150424,1.175,7,-2.144,-3.389
199,1.2191772461,1.166,7,-2.215,-3.486
200,1.2192020416,1.156,7,-2.283,-3.588
201,1.2192203999,1.147,7,-2.353,-3.692
202,1.2192343473,1.137,7,-2.416,-3.787
203,1.2192459106,1.128,7,-2.468,-3.871
204,1.2192571163,1.117,7,-2.522,-3.962
205,1.2192636728,1.109,7,-2.538,-3.992
206,1.2192648649,1.107,7,-2.547,-4.007
207,1.2192658186,1.106,7,-2.562,-4.03
208,1.2192672491,1.104,7,-2.581,-4.062
209,1.2192691565,1.101,7,-2.582,-4.066
210,1.2192692757,1.101,7,-2.538,-3.997
211,1.2192693949,1.101,7,-2.605,-4.103
212,1.2192695141,1.101,7,-2.596,-4.089
213,1.2192696333,1.1,7,-2.56,-4.032
214,1.2192697525,1.1,7,-2.548,-4.013
215,1.2192704678,1.099,7,-2.553,-4.021
216,1.2192714214,1.098,7,-2.573,-4.055
217,1.2192720175,1.097,7,-2.591,-4.083
218,1.2192727327,1.096,7,-2.608,-4.11
219,1.2192735672,1.095,7,-2.626,-4.14
220,1.2192749977,1.092,7,-2.677,-4.231
221,1.2192771435,1.087,7,-2.732,-4.342
222,1.2192796469,1.077,7,-2.764,-4.414
