,Mini,Mass,label,Vmag,Imag
0,0.0900000036,0.09,0,16.189,12.446
1,0.0935002416,0.094,1,15.644,12.147
2,0.1000000015,0.1,1,14.747,11.724
3,0.1200000048,0.12,1,13.41,10.982
4,0.1400000006,0.14,1,12.694,10.503
5,0.1599999964,0.16,1,12.21,10.145
6,0.2000000179,0.2,1,11.526,9.606
7,0.25,0.25,1,10.92,9.103
8,0.3000000417,0.3,1,10.452,8.696
9,0.349999994,0.35,1,10.041,8.317
10,0.400000006,0.4,1,9.544,7.933
11,0.4377485514,0.437,1,9.108,7.603
12,0.4500000179,0.45,1,8.987,7.505
13,0.4514036179,0.451,1,8.969,7.491
14,0.5,0.5,1,8.378,7.048
15,0.5500000715,0.55,1,7.702,6.562
16,0.6000000238,0.6,1,7.107,6.113
17,0.6499999762,0.65,1,6.577,5.699
18,0.6822699904,0.682,1,6.268,5.453
19,0.6999999881,0.7,1,6.109,5.325
20,0.7148547769,0.715,1,5.982,5.222
21,0.749551475,0.75,1,5.695,4.99
22,0.75,0.75,1,5.692,4.987
23,0.7705396414,0.77,1,5.531,4.852
24,0.8000000119,0.8,1,5.306,4.659
25,0.8368852139,0.837,1,5.029,4.42
26,0.8500000238,0.85,1,4.931,4.335
27,0.8702351451,0.87,1,4.783,4.205
28,0.8999999762,0.899,1,4.563,4.015
29,0.9011221528,0.901,1,4.555,4.007
30,0.928717494,0.928,1,4.352,3.831
31,0.9500000477,0.95,1,4.193,3.693
32,0.9644253254,0.964,1,4.086,3.601
33,0.9875788689,0.988,1,3.91,3.449
34,1.0,1.0,1,3.813,3.366
35,1.0088106394,1.009,1,3.745,3.309
36,1.0288995504,1.029,1,3.587,3.176
37,1.0475289822,1.047,1,3.439,3.051
38,1.0499999523,1.05,1,3.419,3.035
39,1.0520647764,1.052,1,3.403,3.021
40,1.0669782162,1.066,1,3.286,2.922
41,1.0787616968,1.078,1,3.189,2.839
42,1.0896650553,1.089,1,3.096,2.758
43,1.0985931158,1.098,1,3.02,2.69
44,1.1000000238,1.099,1,3.008,2.679
45,1.1014306545,1.101,1,2.998,2.669
46,1.1152639389,1.115,1,2.873,2.552
47,1.1214789152,1.121,1,2.797,2.49
48,1.1236894131,1.123,1,2.747,2.451
49,1.1238133907,1.123,1,2.744,2.449
50,1.1293170452,1.129,2,2.672,2.369
51,1.1384876966,1.138,2,2.57,2.257
52,1.1481599808,1.147,2,2.456,2.12
53,1.1499999762,1.149,2,2.432,2.088
54,1.1524412632,1.152,2,2.403,2.045
55,1.1556823254,1.155,2,2.364,1.978
56,1.1584407091,1.158,2,2.332,1.915
57,1.1611102819,1.16,2,2.303,1.849
58,1.1636203527,1.163,2,2.283,1.786
59,1.1660484076,1.165,2,2.274,1.728
60,1.1683850288,1.168,2,2.287,1.686
61,1.170642972,1.17,2,2.327,1.669
62,1.1733222008,1.173,2,2.393,1.673
63,1.1765165329,1.176,2,2.383,1.607
64,1.1767507792,1.176,2,2.372,1.594
65,1.1784315109,1.178,3,2.275,1.484
66,1.1798317432,1.179,3,2.182,1.381
67,1.1812542677,1.181,3,2.077,1.268
68,1.1825671196,1.182,3,1.971,1.155
69,1.1837853193,1.183,3,1.864,1.042
70,1.1849688292,1.184,3,1.754,0.925
71,1.1860516071,1.185,3,1.645,0.81
72,1.1870074272,1.186,3,1.541,0.7
73,1.1879301071,1.187,3,1.433,0.586
74,1.1887733936,1.188,3,1.326,0.472
75,1.189538002,1.189,3,1.222,0.36
76,1.1902381182,1.19,3,1.118,0.25
77,1.1909017563,1.19,3,1.012,0.136
78,1.1915023327,1.191,3,0.908,0.025
79,1.1920641661,1.191,3,0.804,-0.088
80,1.1925661564,1.192,3,0.703,-0.196
81,1.1930367947,1.192,3,0.602,-0.306
82,1.1934732199,1.193,3,0.502,-0.415
83,1.1938881874,1.193,3,0.4,-0.527
84,1.1942629814,1.194,3,0.301,-0.634
85,1.1946251392,1.194,3,0.202,-0.744
86,1.1949778795,1.194,3,0.105,-0.85
87,1.1953880787,1.195,3,0.012,-0.953
88,1.1955413818,1.195,3,-0.006,-0.973
89,1.1956530809,1.195,3,0.018,-0.946
90,1.1958737373,1.195,3,0.085,-0.87
91,1.195967555,1.195,3,0.124,-0.827
92,1.1960119009,1.195,3,0.109,-0.843
93,1.1962829828,1.196,3,0.013,-0.949
94,1.1965563297,1.196,3,-0.084,-1.056
95,1.1968077421,1.196,3,-0.177,-1.159
96,1.1970432997,1.196,3,-0.27,-1.263
97,1.1972621679,1.197,3,-0.362,-1.367
98,1.1974676847,1.197,3,-0.454,-1.47
99,1.1976536512,1.197,3,-0.542,-1.57
100,1.1978282928,1.197,3,-0.631,-1.671
101,1.1979860067,1.197,3,-0.717,-1.769
102,1.1981334686,1.198,3,-0.803,-1.867
103,1.1982700825,1.198,3,-0.887,-1.964
104,1.1983965635,1.198,3,-0.969,-2.059
105,1.1985160112,1.198,3,-1.052,-2.156
106,1.1986241341,1.198,3,-1.131,-2.249
107,1.1987278461,1.198,3,-1.212,-2.344
108,1.1988217831,1.198,3,-1.288,-2.436
109,1.1989119053,1.198,3,-1.363,-2.528
110,1.1989935637,1.198,3,-1.434,-2.616
111,1.1990706921,1.199,3,-1.506,-2.704
112,1.1991434097,1.199,3,-1.578,-2.794
113,1.1992264986,1.199,3,-1.663,-2.903
114,1.1992895603,1.199,3,-1.73,-2.989
115,1.1993620396,1.199,3,-1.812,-3.095
116,1.1994283199,1.199,3,-1.891,-3.2
117,1.1994899511,1.199,3,-1.969,-3.303
118,1.1995370388,1.199,3,-2.027,-3.386
119,1.1995899677,1.199,3,-2.094,-3.484
120,1.1996393204,1.199,3,-2.16,-3.582
121,1.1996780634,1.199,3,-2.215,-3.662
122,1.1997227669,1.199,3,-2.28,-3.76
123,1.1997636557,1.199,3,-2.34,-3.854
124,1.1998026371,1.199,3,-2.4,-3.948
125,1.1998392344,1.199,3,-2.456,-4.038
126,1.1998587847,1.199,3,-2.484,-4.084
127,1.1998587847,1.199,4,0.303,-0.531
128,1.2000000477,1.2,4,0.292,-0.545
129,1.2001481056,1.2,4,0.28,-0.56
130,1.2004213333,1.2,4,0.269,-0.572
131,1.2007021904,1.2,4,0.26,-0.581
132,1.200978756,1.201,4,0.254,-0.587
133,1.2012661695,1.201,4,0.248,-0.592
134,1.2015502453,1.201,4,0.242,-0.596
135,1.2018331289,1.201,4,0.237,-0.601
136,1.2021423578,1.202,4,0.231,-0.605
137,1.2024518251,1.202,4,0.225,-0.61
138,1.202739954,1.202,4,0.219,-0.614
139,1.203040719,1.203,4,0.213,-0.619
140,1.203338027,1.203,4,0.207,-0.624
141,1.2036225796,1.203,4,0.201,-0.629
142,1.2039160728,1.203,4,0.195,-0.634
143,1.2042160034,1.204,4,0.189,-0.64
144,1.2043064833,1.204,4,0.187,-0.641
145,1.2044446468,1.204,4,0.184,-0.644
146,1.2047511339,1.204,4,0.178,-0.649
147,1.2050448656,1.205,4,0.172,-0.655
148,1.2053513527,1.205,4,0.165,-0.66
149,1.205658555,1.205,4,0.159,-0.666
150,1.2059636116,1.206,4,0.153,-0.672
151,1.2062749863,1.206,4,0.146,-0.679
152,1.2064875364,1.206,4,0.141,-0.684
153,1.2065682411,1.206,4,0.14,-0.686
154,1.2068575621,1.206,4,0.133,-0.692
155,1.207141161,1.207,4,0.127,-0.7
156,1.2074383497,1.207,4,0.119,-0.708
157,1.2077378035,1.207,4,0.111,-0.717
158,1.2080218792,1.208,4,0.103,-0.727
159,1.2083126307,1.208,4,0.094,-0.739
160,1.2086019516,1.208,4,0.083,-0.752
161,1.2088884115,1.208,4,0.073,-0.764
162,1.2091758251,1.209,4,0.065,-0.774
163,1.2094787359,1.209,4,0.047,-0.799
164,1.2097651958,1.209,4,0.007,-0.849
165,1.2100043297,1.21,4,-0.065,-0.939
166,1.2101018429,1.21,4,-0.144,-1.035
167,1.2101382017,1.21,4,-0.221,-1.129
168,1.2101532221,1.21,4,-0.296,-1.218
169,1.2101607323,1.21,7,-0.367,-1.301
170,1.2101631165,1.21,7,-0.404,-1.344
171,1.2101684809,1.21,7,-0.489,-1.443
172,1.2101738453,1.21,7,-0.573,-1.541
173,1.2101886272,1.209,7,-0.629,-1.604
174,1.2102153301,1.209,7,-0.546,-1.508
175,1.2104116678,1.209,7,-0.593,-1.563
176,1.2105135918,1.208,7,-0.691,-1.678
177,1.2105760574,1.208,7,-0.77,-1.77
178,1.2106379271,1.207,7,-0.845,-1.858
179,1.2107057571,1.206,7,-0.928,-1.955
180,1.2107675076,1.205,7,-1.013,-2.055
181,1.2108236551,1.204,7,-1.097,-2.154
182,1.2108750343,1.203,7,-1.183,-2.256
183,1.2109212875,1.202,7,-1.26,-2.355
184,1.21096313,1.2,7,-1.328,-2.454
185,1.2110003233,1.199,7,-1.41,-2.553
186,1.2110346556,1.197,7,-1.487,-2.65
187,1.2110667229,1.194,7,-1.563,-2.746
188,1.2110973597,1.192,7,-1.639,-2.843
189,1.2111256123,1.189,7,-1.716,-2.941
190,1.2111518383,1.185,7,-1.788,-3.035
191,1.211178422,1.18,7,-1.858,-3.129
192,1.2112051249,1.175,7,-1.927,-3.223
193,1.2112319469,1.168,7,-1.994,-3.317
194,1.2112566233,1.16,7,-2.057,-3.413
195,1.2112751007,1.153,7,-2.118,-3.507
196,1.2112874985,1.147,7,-2.172,-3.592
197,1.2112998962,1.139,7,-2.228,-3.681
198,1.211309433,1.132,7,-2.276,-3.761
199,1.2113192081,1.124,7,-2.325,-3.846
200,1.2113304138,1.111,7,-2.375,-3.938
201,1.2113324404,1.108,7,-2.363,-3.917
202,1.2113331556,1.108,7,-2.351,-3.899
203,1.2113338709,1.107,7,-2.379,-3.947
204,1.2113344669,1.106,7,-2.404,-3.99
205,1.2113351822,1.105,7,-2.427,-4.032
206,1.2113360167,1.104,7,-2.447,-4.074
207,1.2113375664,1.101,7,-2.48,-4.148
208,1.2113395929,1.096,7,-2.525,-4.251
209,1.2113423347,1.087,7,-2.554,-4.33
