,Mini,Mass,label,Vmag,Imag
0,0.0900000036,0.09,1,15.772,12.274
1,0.090119794,0.09,1,15.752,12.263
2,0.1000000089,0.1,1,14.349,11.596
3,0.1165430769,0.116,1,13.299,10.982
4,0.1199999973,0.12,1,13.112,10.864
5,0.1400000006,0.14,1,12.454,10.398
6,0.1599999964,0.16,1,12.001,10.048
7,0.2000000328,0.2,1,11.338,9.514
8,0.25,0.25,1,10.747,9.002
9,0.3000000417,0.3,1,10.284,8.591
10,0.349999994,0.35,1,9.839,8.22
11,0.4000000358,0.4,1,9.368,7.852
12,0.4500000179,0.45,1,8.849,7.435
13,0.5,0.5,1,8.217,6.966
14,0.5320375562,0.532,1,7.782,6.649
15,0.5500000715,0.55,1,7.555,6.479
16,0.6000000238,0.6,1,6.991,6.038
17,0.6113285422,0.611,1,6.869,5.942
18,0.6499999762,0.65,1,6.473,5.628
19,0.681107223,0.681,1,6.182,5.394
20,0.6999999881,0.7,1,6.015,5.258
21,0.7142109275,0.714,1,5.893,5.159
22,0.7437234521,0.744,1,5.647,4.957
23,0.75,0.75,1,5.596,4.915
24,0.7660509348,0.766,1,5.467,4.805
25,0.7941626906,0.794,1,5.244,4.613
26,0.8000000715,0.8,1,5.199,4.574
27,0.8295550346,0.829,1,4.967,4.372
28,0.8500000238,0.85,1,4.806,4.233
29,0.8601097465,0.86,1,4.728,4.165
30,0.8867455125,0.886,1,4.52,3.984
31,0.8999999762,0.899,1,4.415,3.892
32,0.9093453288,0.909,1,4.341,3.829
33,0.9300954342,0.93,1,4.174,3.684
34,0.9489480257,0.948,1,4.018,3.549
35,0.9499999881,0.95,1,4.009,3.541
36,0.9637744427,0.963,1,3.894,3.443
37,0.9816809297,0.982,1,3.739,3.312
38,0.9977218509,0.998,1,3.596,3.19
39,1.0,1.0,1,3.576,3.173
40,1.0029467344,1.003,1,3.55,3.152
41,1.0193405151,1.019,1,3.402,3.028
42,1.0331158638,1.033,1,3.273,2.919
43,1.0446747541,1.044,1,3.156,2.82
44,1.0499999523,1.05,1,3.1,2.771
45,1.055898428,1.055,1,3.04,2.718
46,1.0578871965,1.057,1,3.02,2.699
47,1.0602715015,1.06,1,2.992,2.672
48,1.0640084743,1.063,1,2.946,2.63
49,1.0675424337,1.067,1,2.9,2.588
50,1.0698376894,1.069,1,2.864,2.555
51,1.0737541914,1.073,2,2.815,2.506
52,1.0808182955,1.08,2,2.73,2.42
53,1.0890721083,1.088,2,2.621,2.303
54,1.0949542522,1.094,2,2.535,2.199
55,1.0993303061,1.099,2,2.467,2.105
56,1.1000000238,1.099,2,2.456,2.088
57,1.1024703979,1.102,2,2.417,2.02
58,1.1049300432,1.104,2,2.38,1.943
59,1.1067256927,1.106,2,2.355,1.88
60,1.1085911989,1.108,2,2.334,1.813
61,1.1101487875,1.109,2,2.323,1.758
62,1.1114554405,1.111,2,2.327,1.72
63,1.1126124859,1.112,2,2.342,1.697
64,1.1136722565,1.113,2,2.371,1.69
65,1.1146937609,1.114,2,2.397,1.686
66,1.115942359,1.115,2,2.405,1.664
67,1.1173615456,1.117,2,2.356,1.589
68,1.1175317764,1.117,2,2.347,1.578
69,1.1177220345,1.117,2,2.333,1.562
70,1.1190475225,1.118,3,2.227,1.442
71,1.1201481819,1.119,3,2.125,1.33
72,1.1211752892,1.12,3,2.02,1.218
73,1.1222089529,1.121,3,1.905,1.096
74,1.1231561899,1.122,3,1.792,0.976
75,1.1239664555,1.123,3,1.688,0.867
76,1.1248179674,1.124,3,1.571,0.743
77,1.1255530119,1.125,3,1.462,0.628
78,1.1262457371,1.126,3,1.352,0.511
79,1.1268633604,1.126,3,1.245,0.399
80,1.1274629831,1.127,3,1.134,0.28
81,1.1279819012,1.127,3,1.03,0.169
82,1.128495574,1.128,3,0.919,0.051
83,1.1289342642,1.128,3,0.817,-0.059
84,1.1293582916,1.129,3,0.711,-0.173
85,1.1297506094,1.129,3,0.605,-0.287
86,1.1301029921,1.129,3,0.502,-0.398
87,1.1304388046,1.13,3,0.398,-0.511
88,1.1307406425,1.13,3,0.298,-0.62
89,1.1310346127,1.13,3,0.194,-0.734
90,1.1312972307,1.131,3,0.095,-0.842
91,1.131557107,1.131,3,-0.005,-0.952
92,1.1318169832,1.131,3,-0.095,-1.051
93,1.1320744753,1.131,3,-0.161,-1.124
94,1.1321542263,1.131,3,-0.143,-1.103
95,1.132311821,1.132,3,-0.07,-1.021
96,1.1323788166,1.132,3,-0.028,-0.973
97,1.1324722767,1.132,3,-0.074,-1.024
98,1.1326663494,1.132,3,-0.169,-1.13
99,1.1328517199,1.132,3,-0.264,-1.235
100,1.133030653,1.132,3,-0.36,-1.342
101,1.1331905127,1.132,3,-0.452,-1.444
102,1.1333422661,1.133,3,-0.544,-1.548
103,1.133482337,1.133,3,-0.635,-1.65
104,1.1336108446,1.133,3,-0.722,-1.748
105,1.1337293386,1.133,3,-0.807,-1.846
106,1.1338400841,1.133,3,-0.893,-1.943
107,1.1339404583,1.133,3,-0.975,-2.038
108,1.1340355873,1.133,3,-1.058,-2.133
109,1.1341228485,1.133,3,-1.138,-2.226
110,1.1342043877,1.133,3,-1.216,-2.317
111,1.13428092,1.134,3,-1.294,-2.408
112,1.1343500614,1.134,3,-1.367,-2.496
113,1.134417057,1.134,3,-1.443,-2.587
114,1.1344777346,1.134,3,-1.515,-2.674
115,1.1345354319,1.134,3,-1.583,-2.759
116,1.1345894337,1.134,3,-1.652,-2.845
117,1.1346508265,1.134,3,-1.734,-2.948
118,1.1346970797,1.134,3,-1.798,-3.029
119,1.134750843,1.134,3,-1.878,-3.131
120,1.1347997189,1.134,3,-1.952,-3.228
121,1.1348452568,1.134,3,-2.025,-3.324
122,1.1348803043,1.134,3,-2.081,-3.402
123,1.1349192858,1.134,3,-2.147,-3.494
124,1.1349560022,1.134,3,-2.21,-3.585
125,1.1349906921,1.134,3,-2.271,-3.674
126,1.1350231171,1.134,3,-2.33,-3.762
127,1.1350529194,1.134,3,-2.387,-3.848
128,1.1350812912,1.134,3,-2.443,-3.932
129,1.1351077557,1.134,3,-2.494,-4.012
130,1.1351319551,1.134,3,-2.538,-4.082
131,1.1351319551,1.134,4,0.286,-0.527
132,1.1353508234,1.135,4,0.261,-0.557
133,1.1355804205,1.135,4,0.249,-0.57
134,1.1358100176,1.135,4,0.24,-0.58
135,1.1360456944,1.135,4,0.233,-0.587
136,1.1362789869,1.136,4,0.226,-0.592
137,1.1365187168,1.136,4,0.219,-0.597
138,1.1367522478,1.136,4,0.213,-0.602
139,1.1369806528,1.136,4,0.207,-0.606
140,1.1372051239,1.136,4,0.201,-0.611
141,1.1374509335,1.137,4,0.194,-0.616
142,1.1376917362,1.137,4,0.187,-0.622
143,1.1379243135,1.137,4,0.181,-0.627
144,1.1381521225,1.137,4,0.174,-0.632
145,1.138384223,1.138,4,0.168,-0.638
146,1.1384141445,1.138,4,0.167,-0.638
147,1.1386139393,1.138,4,0.161,-0.643
148,1.1388547421,1.138,4,0.155,-0.649
149,1.1390894651,1.138,4,0.148,-0.655
150,1.1393253803,1.139,4,0.142,-0.661
151,1.139567256,1.139,4,0.135,-0.667
152,1.1398028135,1.139,4,0.129,-0.673
153,1.1400381327,1.139,4,0.122,-0.68
154,1.1400517225,1.139,4,0.122,-0.68
155,1.1400722265,1.139,4,0.121,-0.681
156,1.1402817965,1.14,4,0.115,-0.688
157,1.1404916048,1.14,4,0.108,-0.694
158,1.1407065392,1.14,4,0.101,-0.702
159,1.1409226656,1.14,4,0.094,-0.711
160,1.1411346197,1.14,4,0.087,-0.72
161,1.1413449049,1.141,4,0.079,-0.73
162,1.141556859,1.141,4,0.07,-0.741
163,1.1417704821,1.141,4,0.059,-0.754
164,1.1420004368,1.141,4,0.046,-0.769
165,1.1422222853,1.141,4,0.038,-0.779
166,1.1424257755,1.142,4,0.029,-0.79
167,1.1426459551,1.142,4,-0.002,-0.831
168,1.1428604126,1.142,4,-0.07,-0.918
169,1.1429553032,1.142,4,-0.135,-0.999
170,1.142996788,1.142,4,-0.197,-1.074
171,1.1430157423,1.142,4,-0.266,-1.157
172,1.1430244446,1.142,4,-0.336,-1.239
173,1.1430283785,1.142,7,-0.384,-1.296
174,1.1430313587,1.142,7,-0.445,-1.366
175,1.1430360079,1.142,7,-0.538,-1.474
176,1.1430419683,1.142,7,-0.584,-1.527
177,1.1430537701,1.142,7,-0.574,-1.515
178,1.1431511641,1.141,7,-0.571,-1.512
179,1.1432369947,1.141,7,-0.637,-1.589
180,1.1432904005,1.14,7,-0.719,-1.683
181,1.1433300972,1.14,7,-0.795,-1.772
182,1.1433773041,1.139,7,-0.897,-1.891
183,1.1434243917,1.138,7,-0.994,-2.003
184,1.1434670687,1.137,7,-1.082,-2.107
185,1.1435066462,1.135,7,-1.17,-2.21
186,1.1435426474,1.134,7,-1.256,-2.312
187,1.1435754299,1.132,7,-1.333,-2.414
188,1.1435972452,1.131,7,-1.386,-2.488
189,1.1436239481,1.128,7,-1.467,-2.587
190,1.1436487436,1.126,7,-1.548,-2.687
191,1.1436718702,1.123,7,-1.629,-2.786
192,1.143693924,1.12,7,-1.707,-2.885
193,1.1437144279,1.115,7,-1.783,-2.983
194,1.1437333822,1.111,7,-1.855,-3.077
195,1.1437524557,1.105,7,-1.928,-3.172
196,1.1437717676,1.098,7,-1.997,-3.266
197,1.1437909603,1.089,7,-2.062,-3.36
198,1.1438087225,1.078,7,-2.125,-3.455
199,1.1438224316,1.068,7,-2.187,-3.548
200,1.1438319683,1.06,7,-2.238,-3.629
201,1.1438416243,1.049,7,-2.292,-3.721
202,1.1438487768,1.039,7,-2.336,-3.796
203,1.1438564062,1.026,7,-2.389,-3.887
204,1.143862009,1.014,7,-2.431,-3.966
205,1.1438633204,1.011,7,-2.445,-3.993
206,1.143864274,1.009,7,-2.431,-3.971
207,1.1438643932,1.008,7,-2.438,-3.983
208,1.1438645124,1.008,7,-2.444,-3.994
209,1.1438651085,1.007,7,-2.462,-4.024
210,1.1438655853,1.005,7,-2.481,-4.059
211,1.1438660622,1.004,7,-2.495,-4.088
212,1.143866539,1.003,7,-2.512,-4.12
213,1.143867135,1.001,7,-2.528,-4.154
214,1.1438680887,0.998,7,-2.556,-4.214
215,1.1438694,0.991,7,-2.599,-4.318
216,1.1438715458,0.976,7,-2.626,-4.398
217,1.1438723803,0.97,7,-2.631,-4.419
