,Mini,Mass,label,Vmag,Imag
0,0.0900000036,0.09,1,15.399,12.159
1,0.099038668,0.099,1,14.11,11.54
2,0.1000000089,0.1,1,13.992,11.477
3,0.1200000048,0.12,1,12.845,10.753
4,0.1400000006,0.14,1,12.227,10.294
5,0.1599999964,0.16,1,11.789,9.948
6,0.2000000179,0.2,1,11.151,9.41
7,0.25,0.25,1,10.546,8.888
8,0.3000000715,0.3,1,10.032,8.469
9,0.3500000238,0.35,1,9.632,8.123
10,0.3549634516,0.355,1,9.587,8.086
11,0.4000000358,0.4,1,9.212,7.772
12,0.4500000477,0.45,1,8.693,7.359
13,0.5,0.5,1,8.077,6.898
14,0.5500000715,0.55,1,7.462,6.428
15,0.6000000238,0.6,1,6.922,5.996
16,0.602530241,0.602,1,6.895,5.975
17,0.6432768703,0.643,1,6.483,5.645
18,0.6499999762,0.65,1,6.419,5.594
19,0.6620336175,0.662,1,6.305,5.501
20,0.6901901364,0.69,1,6.052,5.296
21,0.7000000477,0.7,1,5.967,5.227
22,0.7284226418,0.728,1,5.726,5.029
23,0.75,0.75,1,5.548,4.881
24,0.760176599,0.76,1,5.466,4.811
25,0.7873873711,0.787,1,5.248,4.623
26,0.8000000715,0.8,1,5.146,4.535
27,0.8195028901,0.819,1,4.991,4.401
28,0.8472492695,0.847,1,4.769,4.21
29,0.8500000238,0.85,1,4.747,4.191
30,0.8765810132,0.876,1,4.536,4.008
31,0.8991167545,0.898,1,4.354,3.851
32,0.8999999762,0.899,1,4.347,3.844
33,0.9198613167,0.919,1,4.183,3.704
34,0.9387150407,0.938,1,4.023,3.568
35,0.9500000477,0.95,1,3.924,3.484
36,0.9533952475,0.953,1,3.895,3.459
37,0.968827486,0.969,1,3.757,3.344
38,0.9822948575,0.982,1,3.633,3.242
39,0.9949786663,0.995,1,3.514,3.143
40,1.0,1.0,1,3.466,3.104
41,1.0023889542,1.003,1,3.444,3.085
42,1.0152020454,1.015,1,3.32,2.984
43,1.0264285803,1.026,1,3.207,2.891
44,1.0360542536,1.036,1,3.104,2.804
45,1.0488103628,1.048,1,2.957,2.678
46,1.0499999523,1.05,1,2.942,2.666
47,1.0503778458,1.05,1,2.938,2.662
48,1.058311224,1.058,1,2.835,2.565
49,1.060187459,1.06,1,2.808,2.54
50,1.0626915693,1.062,1,2.774,2.505
51,1.067986846,1.067,2,2.701,2.432
52,1.0736798048,1.073,2,2.62,2.344
53,1.0798201561,1.079,2,2.524,2.233
54,1.0848925114,1.084,2,2.438,2.121
55,1.0883853436,1.088,2,2.374,2.024
56,1.0904755592,1.09,2,2.335,1.953
57,1.0920392275,1.091,2,2.306,1.892
58,1.0931788683,1.092,2,2.286,1.841
59,1.0943145752,1.094,2,2.268,1.788
60,1.0952447653,1.094,2,2.255,1.741
61,1.0960847139,1.095,2,2.248,1.699
62,1.0969359875,1.096,2,2.246,1.662
63,1.0977642536,1.097,2,2.251,1.634
64,1.0985996723,1.098,2,2.267,1.614
65,1.0994619131,1.099,2,2.293,1.606
66,1.1000001431,1.099,2,2.307,1.601
67,1.1003705263,1.1,2,2.316,1.598
68,1.1017303467,1.101,2,2.29,1.539
69,1.1023222208,1.102,2,2.258,1.497
70,1.1028646231,1.102,3,2.215,1.446
71,1.1039366722,1.103,3,2.114,1.333
72,1.104822278,1.104,3,2.018,1.229
73,1.1056622267,1.105,3,1.919,1.123
74,1.1064766645,1.106,3,1.815,1.013
75,1.1072413921,1.107,3,1.712,0.903
76,1.1080117226,1.107,3,1.6,0.786
77,1.1087123156,1.108,3,1.492,0.672
78,1.1093592644,1.109,3,1.386,0.56
79,1.1099455357,1.109,3,1.283,0.451
80,1.110501647,1.11,3,1.178,0.34
81,1.1110460758,1.11,3,1.068,0.223
82,1.1115101576,1.111,3,0.967,0.116
83,1.1119544506,1.111,3,0.864,0.006
84,1.1123735905,1.112,3,0.759,-0.106
85,1.1127563715,1.112,3,0.656,-0.216
86,1.1131129265,1.112,3,0.553,-0.326
87,1.1134423018,1.113,3,0.45,-0.436
88,1.1137421131,1.113,3,0.351,-0.543
89,1.1140283346,1.113,3,0.25,-0.653
90,1.1142901182,1.114,3,0.151,-0.76
91,1.114536047,1.114,3,0.052,-0.867
92,1.1147624254,1.114,3,-0.044,-0.972
93,1.1149784327,1.114,3,-0.141,-1.078
94,1.1151791811,1.114,3,-0.231,-1.177
95,1.1154087782,1.115,3,-0.318,-1.272
96,1.1155182123,1.115,3,-0.345,-1.302
97,1.1156485081,1.115,3,-0.301,-1.252
98,1.1157644987,1.115,3,-0.214,-1.155
99,1.1157728434,1.115,3,-0.209,-1.149
100,1.1159276962,1.115,3,-0.3,-1.249
101,1.1160945892,1.115,3,-0.397,-1.357
102,1.1162492037,1.116,3,-0.491,-1.461
103,1.1163922548,1.116,3,-0.583,-1.563
104,1.1165269613,1.116,3,-0.675,-1.666
105,1.1166510582,1.116,3,-0.765,-1.767
106,1.1167687178,1.116,3,-0.856,-1.869
107,1.1168766022,1.116,3,-0.944,-1.968
108,1.116977334,1.116,3,-1.03,-2.066
109,1.1170692444,1.116,3,-1.114,-2.162
110,1.117156744,1.116,3,-1.199,-2.259
111,1.1172370911,1.117,3,-1.282,-2.354
112,1.1173113585,1.117,3,-1.363,-2.448
113,1.117382288,1.117,3,-1.443,-2.542
114,1.117446661,1.117,3,-1.519,-2.634
115,1.1175084114,1.117,3,-1.597,-2.727
116,1.1175771952,1.117,3,-1.69,-2.838
117,1.1176296473,1.117,3,-1.764,-2.928
118,1.1176899672,1.117,3,-1.853,-3.038
119,1.1177443266,1.117,3,-1.936,-3.142
120,1.1177954674,1.117,3,-2.019,-3.248
121,1.1178342104,1.117,3,-2.086,-3.333
122,1.1178777218,1.117,3,-2.164,-3.434
123,1.1179187298,1.117,3,-2.236,-3.534
124,1.1179568768,1.117,3,-2.307,-3.633
125,1.1179924011,1.117,3,-2.377,-3.731
126,1.1180249453,1.117,3,-2.443,-3.825
127,1.1180558205,1.117,3,-2.506,-3.918
128,1.1180853844,1.117,3,-2.566,-4.008
129,1.1181092262,1.117,3,-2.614,-4.08
130,1.1181092262,1.117,4,0.249,-0.543
131,1.1183167696,1.117,4,0.223,-0.574
132,1.1185250282,1.117,4,0.213,-0.586
133,1.1187359095,1.118,4,0.203,-0.596
134,1.1189261675,1.118,4,0.196,-0.603
135,1.1191183329,1.118,4,0.189,-0.608
136,1.1193321943,1.118,4,0.182,-0.614
137,1.1195214987,1.118,4,0.176,-0.618
138,1.1197121143,1.119,4,0.17,-0.623
139,1.1199018955,1.119,4,0.164,-0.627
140,1.1201118231,1.119,4,0.157,-0.632
141,1.1203112602,1.119,4,0.15,-0.637
142,1.1205252409,1.119,4,0.143,-0.642
143,1.120716691,1.12,4,0.137,-0.647
144,1.1209197044,1.12,4,0.13,-0.652
145,1.1211141348,1.12,4,0.124,-0.657
146,1.1211560965,1.12,4,0.123,-0.658
147,1.1213663816,1.12,4,0.117,-0.663
148,1.1215670109,1.121,4,0.11,-0.668
149,1.1217830181,1.121,4,0.104,-0.674
150,1.1219825745,1.121,4,0.098,-0.679
151,1.1221841574,1.121,4,0.092,-0.685
152,1.1223871708,1.121,4,0.086,-0.691
153,1.1225891113,1.122,4,0.079,-0.697
154,1.1226067543,1.122,4,0.079,-0.698
155,1.1228013039,1.122,4,0.073,-0.704
156,1.1229979992,1.122,4,0.066,-0.712
157,1.1231997013,1.122,4,0.059,-0.72
158,1.1233989,1.122,4,0.052,-0.729
159,1.123596549,1.123,4,0.044,-0.738
160,1.1237931252,1.123,4,0.036,-0.748
161,1.1239876747,1.123,4,0.027,-0.76
162,1.1241812706,1.123,4,0.018,-0.772
163,1.1242414713,1.123,4,0.015,-0.776
164,1.1242704391,1.123,4,0.014,-0.778
165,1.1244699955,1.124,4,0.005,-0.789
166,1.1246716976,1.124,4,-0.007,-0.807
167,1.1248797178,1.124,4,-0.036,-0.847
168,1.125082612,1.124,4,-0.101,-0.933
169,1.1251728535,1.124,4,-0.177,-1.028
170,1.1252036095,1.124,4,-0.253,-1.12
171,1.125215292,1.124,4,-0.326,-1.207
172,1.1252198219,1.124,4,-0.377,-1.267
173,1.1252199411,1.124,7,-0.378,-1.268
174,1.1252213717,1.124,7,-0.408,-1.302
175,1.1252259016,1.124,7,-0.51,-1.42
176,1.1252294779,1.124,7,-0.589,-1.51
177,1.1252331734,1.124,7,-0.662,-1.593
178,1.1252384186,1.124,7,-0.691,-1.626
179,1.1252485514,1.124,7,-0.629,-1.555
180,1.1252683401,1.124,7,-0.581,-1.5
181,1.1253560781,1.123,7,-0.608,-1.532
182,1.1254122257,1.123,7,-0.685,-1.62
183,1.1254738569,1.122,7,-0.787,-1.737
184,1.1255321503,1.121,7,-0.895,-1.861
185,1.1255847216,1.12,7,-0.992,-1.972
186,1.1256312132,1.118,7,-1.086,-2.081
187,1.125672698,1.117,7,-1.179,-2.188
188,1.1257090569,1.115,7,-1.269,-2.292
189,1.1257417202,1.114,7,-1.346,-2.394
190,1.1257704496,1.112,7,-1.424,-2.495
191,1.1257967949,1.109,7,-1.51,-2.598
192,1.125821352,1.106,7,-1.594,-2.699
193,1.1258443594,1.103,7,-1.677,-2.801
194,1.1258659363,1.099,7,-1.759,-2.902
195,1.1258856058,1.095,7,-1.841,-3.003
196,1.1259037256,1.09,7,-1.917,-3.099
197,1.1259219646,1.084,7,-1.99,-3.194
198,1.1259400845,1.076,7,-2.062,-3.289
199,1.1259582043,1.066,7,-2.131,-3.383
200,1.1259758472,1.055,7,-2.199,-3.481
201,1.1259912252,1.042,7,-2.269,-3.587
202,1.1260025501,1.029,7,-2.339,-3.694
203,1.1260119677,1.015,7,-2.398,-3.787
204,1.1260203123,1.0,7,-2.454,-3.885
205,1.1260284185,0.98,7,-2.511,-3.985
206,1.1260333061,0.965,7,-2.492,-3.963
207,1.1260347366,0.961,7,-2.567,-4.089
208,1.1260349751,0.96,7,-2.525,-4.022
209,1.1260350943,0.959,7,-2.561,-4.081
210,1.1260352135,0.959,7,-2.569,-4.094
211,1.1260353327,0.959,7,-2.542,-4.051
212,1.1260356903,0.957,7,-2.571,-4.099
213,1.1260361671,0.955,7,-2.604,-4.162
214,1.126036644,0.952,7,-2.632,-4.219
215,1.12603724,0.949,7,-2.66,-4.28
216,1.1260381937,0.942,7,-2.69,-4.35
217,1.1260397434,0.93,7,-2.716,-4.417
218,1.1260403395,0.924,7,-2.717,-4.428
