,Mini,Mass,label,Vmag,Imag
0,0.0900000036,0.09,1,15.85,12.305
1,0.097079657,0.097,1,14.798,11.802
2,0.1000000015,0.1,1,14.417,11.618
3,0.1059530899,0.106,1,13.998,11.386
4,0.1199999973,0.12,1,13.165,10.885
5,0.1400000006,0.14,1,12.497,10.416
6,0.1599999964,0.16,1,12.038,10.065
7,0.2000000179,0.2,1,11.37,9.528
8,0.25,0.25,1,10.773,9.017
9,0.3000000417,0.3,1,10.313,8.605
10,0.349999994,0.35,1,9.877,8.237
11,0.400000006,0.4,1,9.39,7.862
12,0.4350657463,0.435,1,9.02,7.564
13,0.4500000179,0.45,1,8.871,7.444
14,0.48262012,0.483,1,8.453,7.134
15,0.5,0.5,1,8.24,6.976
16,0.5500000715,0.55,1,7.571,6.486
17,0.6000000238,0.6,1,6.998,6.041
18,0.6428005099,0.643,1,6.548,5.685
19,0.6499999762,0.65,1,6.476,5.628
20,0.6694404483,0.669,1,6.29,5.478
21,0.6966264248,0.697,1,6.042,5.278
22,0.6999999881,0.7,1,6.013,5.254
23,0.7022171617,0.702,1,5.993,5.238
24,0.7312076688,0.731,1,5.745,5.035
25,0.75,0.75,1,5.589,4.906
26,0.7530620694,0.753,1,5.564,4.885
27,0.7806682587,0.781,1,5.34,4.693
28,0.8000000119,0.8,1,5.186,4.559
29,0.8155648112,0.815,1,5.062,4.452
30,0.8429455161,0.843,1,4.843,4.261
31,0.8500000238,0.85,1,4.787,4.212
32,0.8718147874,0.871,1,4.613,4.061
33,0.8939535022,0.893,1,4.435,3.905
34,0.8999999762,0.899,1,4.385,3.862
35,0.9142689705,0.914,1,4.268,3.76
36,0.9327406287,0.932,1,4.113,3.625
37,0.948600471,0.948,1,3.976,3.505
38,0.9499999881,0.95,1,3.963,3.494
39,0.9648821354,0.965,1,3.831,3.381
40,0.9806095958,0.981,1,3.688,3.258
41,0.9954615235,0.996,1,3.551,3.139
42,1.0,1.0,1,3.508,3.103
43,1.0023382902,1.002,1,3.487,3.085
44,1.0158729553,1.016,1,3.357,2.974
45,1.0272296667,1.027,1,3.24,2.872
46,1.0368373394,1.036,1,3.134,2.779
47,1.042424202,1.042,1,3.071,2.723
48,1.0459862947,1.045,1,3.028,2.682
49,1.0499999523,1.05,1,2.978,2.635
50,1.0511566401,1.051,1,2.964,2.621
51,1.0553241968,1.055,1,2.912,2.57
52,1.0580319166,1.058,1,2.873,2.532
53,1.0613540411,1.061,2,2.826,2.482
54,1.0673180819,1.067,2,2.745,2.394
55,1.0742387772,1.074,2,2.643,2.274
56,1.0791389942,1.078,2,2.566,2.172
57,1.0827670097,1.082,2,2.508,2.082
58,1.0849450827,1.084,2,2.474,2.02
59,1.0866624117,1.086,2,2.45,1.967
60,1.0879843235,1.087,2,2.433,1.922
61,1.0894229412,1.089,2,2.419,1.873
62,1.0906783342,1.09,2,2.412,1.83
63,1.0917717218,1.091,2,2.411,1.794
64,1.0927722454,1.092,2,2.419,1.768
65,1.0937162638,1.093,2,2.439,1.756
66,1.0946524143,1.094,2,2.469,1.756
67,1.0958329439,1.095,2,2.479,1.734
68,1.0972254276,1.096,2,2.417,1.646
69,1.0973963737,1.097,2,2.405,1.632
70,1.0982972383,1.098,3,2.325,1.542
71,1.0993486643,1.099,3,2.224,1.431
72,1.1000000238,1.099,3,2.155,1.356
73,1.1007701159,1.1,3,2.07,1.265
74,1.1017413139,1.101,3,1.954,1.142
75,1.1026316881,1.102,3,1.84,1.021
76,1.1033933163,1.103,3,1.735,0.91
77,1.1041939259,1.104,3,1.616,0.785
78,1.1048851013,1.104,3,1.507,0.669
79,1.1055366993,1.105,3,1.396,0.552
80,1.1061176062,1.105,3,1.289,0.438
81,1.1066817045,1.106,3,1.177,0.319
82,1.1071699858,1.106,3,1.072,0.207
83,1.1076533794,1.107,3,0.96,0.087
84,1.1080662012,1.107,3,0.857,-0.023
85,1.1084653139,1.108,3,0.749,-0.138
86,1.1088345051,1.108,3,0.643,-0.253
87,1.1091663837,1.108,3,0.539,-0.365
88,1.1094825268,1.109,3,0.434,-0.48
89,1.1097666025,1.109,3,0.332,-0.591
90,1.1100434065,1.109,3,0.227,-0.706
91,1.1102906466,1.11,3,0.127,-0.816
92,1.1105353832,1.11,3,0.026,-0.927
93,1.1107801199,1.11,3,-0.07,-1.032
94,1.1110225916,1.11,3,-0.134,-1.103
95,1.1110972166,1.11,3,-0.116,-1.083
96,1.1112445593,1.111,3,-0.04,-0.997
97,1.1113072634,1.111,3,0.003,-0.948
98,1.1113941669,1.111,3,-0.042,-0.999
99,1.1115744114,1.111,3,-0.138,-1.105
100,1.1117465496,1.111,3,-0.233,-1.21
101,1.1119128466,1.111,3,-0.329,-1.317
102,1.1120615005,1.111,3,-0.42,-1.419
103,1.1122025251,1.112,3,-0.513,-1.523
104,1.1123327017,1.112,3,-0.602,-1.624
105,1.1124520302,1.112,3,-0.689,-1.723
106,1.1125621796,1.112,3,-0.775,-1.821
107,1.1126650572,1.112,3,-0.861,-1.919
108,1.1127583981,1.112,3,-0.944,-2.013
109,1.1128467321,1.112,3,-1.026,-2.109
110,1.1129279137,1.112,3,-1.106,-2.201
111,1.1130036116,1.112,3,-1.184,-2.293
112,1.1130747795,1.112,3,-1.262,-2.385
113,1.1131390333,1.112,3,-1.336,-2.474
114,1.1132012606,1.113,3,-1.412,-2.565
115,1.1132577658,1.113,3,-1.482,-2.652
116,1.1133112907,1.113,3,-1.551,-2.738
117,1.1133614779,1.113,3,-1.62,-2.823
118,1.1134185791,1.113,3,-1.703,-2.928
119,1.1134614944,1.113,3,-1.768,-3.01
120,1.1135115623,1.113,3,-1.845,-3.112
121,1.1135568619,1.113,3,-1.92,-3.209
122,1.1135993004,1.113,3,-1.994,-3.307
123,1.1136319637,1.113,3,-2.051,-3.387
124,1.1136680841,1.113,3,-2.116,-3.479
125,1.1137022972,1.113,3,-2.177,-3.57
126,1.1137344837,1.113,3,-2.24,-3.661
127,1.1137646437,1.113,3,-2.3,-3.751
128,1.1137924194,1.113,3,-2.358,-3.838
129,1.1138186455,1.113,3,-2.412,-3.923
130,1.1138433218,1.113,3,-2.464,-4.004
131,1.1138658524,1.113,3,-2.51,-4.077
132,1.1138658524,1.113,4,0.308,-0.51
133,1.1140650511,1.113,4,0.283,-0.54
134,1.1142741442,1.114,4,0.271,-0.554
135,1.1144832373,1.114,4,0.262,-0.563
136,1.114697814,1.114,4,0.255,-0.569
137,1.1149102449,1.114,4,0.249,-0.574
138,1.1151285172,1.114,4,0.243,-0.578
139,1.1153411865,1.115,4,0.237,-0.582
140,1.1155492067,1.115,4,0.232,-0.586
141,1.1157536507,1.115,4,0.226,-0.59
142,1.1159774065,1.115,4,0.22,-0.595
143,1.1161967516,1.115,4,0.214,-0.6
144,1.1164083481,1.116,4,0.208,-0.604
145,1.1166158915,1.116,4,0.203,-0.609
146,1.1168273687,1.116,4,0.197,-0.614
147,1.1168545485,1.116,4,0.196,-0.614
148,1.1170380116,1.116,4,0.191,-0.618
149,1.117259264,1.117,4,0.185,-0.624
150,1.1174749136,1.117,4,0.178,-0.629
151,1.1176917553,1.117,4,0.172,-0.635
152,1.1179139614,1.117,4,0.166,-0.64
153,1.1181303263,1.117,4,0.16,-0.647
154,1.1183465719,1.118,4,0.153,-0.653
155,1.1183589697,1.118,4,0.153,-0.653
156,1.118377924,1.118,4,0.153,-0.654
157,1.1185700893,1.118,4,0.147,-0.66
158,1.1187624931,1.118,4,0.14,-0.667
159,1.1189595461,1.118,4,0.134,-0.675
160,1.1191579103,1.118,4,0.126,-0.683
161,1.1193522215,1.119,4,0.119,-0.693
162,1.1195451021,1.119,4,0.11,-0.703
163,1.1197395325,1.119,4,0.101,-0.714
164,1.1199352741,1.119,4,0.091,-0.726
165,1.1201461554,1.119,4,0.079,-0.74
166,1.1203495264,1.12,4,0.07,-0.751
167,1.1205359697,1.12,4,0.064,-0.76
168,1.1207379103,1.12,4,0.03,-0.803
169,1.1209346056,1.12,4,-0.039,-0.892
170,1.1210215092,1.12,4,-0.109,-0.978
171,1.1210595369,1.12,4,-0.176,-1.059
172,1.1210769415,1.12,4,-0.247,-1.144
173,1.1210849285,1.12,4,-0.316,-1.225
174,1.1210885048,1.12,4,-0.366,-1.284
175,1.121088624,1.12,7,-0.367,-1.285
176,1.1210912466,1.12,7,-0.428,-1.356
177,1.1210955381,1.12,7,-0.526,-1.47
178,1.121101141,1.12,7,-0.59,-1.544
179,1.1211121082,1.12,7,-0.544,-1.49
180,1.1212022305,1.119,7,-0.54,-1.485
181,1.121281743,1.119,7,-0.617,-1.574
182,1.1213313341,1.118,7,-0.704,-1.676
183,1.1213680506,1.117,7,-0.783,-1.768
184,1.1214118004,1.117,7,-0.878,-1.879
185,1.121455431,1.116,7,-0.972,-1.988
186,1.1214950085,1.114,7,-1.059,-2.091
187,1.1215317249,1.113,7,-1.146,-2.193
188,1.1215649843,1.111,7,-1.232,-2.295
189,1.1215952635,1.11,7,-1.313,-2.397
190,1.1216155291,1.108,7,-1.358,-2.469
191,1.1216404438,1.106,7,-1.439,-2.569
192,1.121663332,1.103,7,-1.52,-2.668
193,1.1216847897,1.1,7,-1.598,-2.766
194,1.1217052937,1.096,7,-1.674,-2.863
195,1.1217242479,1.092,7,-1.75,-2.96
196,1.1217417717,1.087,7,-1.821,-3.054
197,1.1217595339,1.081,7,-1.892,-3.148
198,1.1217772961,1.074,7,-1.96,-3.241
199,1.1217951775,1.064,7,-2.024,-3.334
200,1.1218116283,1.054,7,-2.086,-3.429
201,1.1218242645,1.043,7,-2.148,-3.525
202,1.121833086,1.034,7,-2.201,-3.611
203,1.1218420267,1.022,7,-2.255,-3.701
204,1.1218487024,1.011,7,-2.302,-3.782
205,1.121855855,0.996,7,-2.35,-3.871
206,1.121860981,0.983,7,-2.396,-3.957
207,1.1218622923,0.979,7,-2.423,-4.007
208,1.1218631268,0.976,7,-2.312,-3.822
209,1.121863246,0.976,7,-2.333,-3.856
210,1.1218633652,0.976,7,-2.351,-3.887
211,1.121863842,0.974,7,-2.368,-3.918
212,1.1218643188,0.973,7,-2.401,-3.974
213,1.1218646765,0.972,7,-2.428,-4.025
214,1.1218651533,0.97,7,-2.454,-4.076
215,1.1218656301,0.968,7,-2.478,-4.127
216,1.1218665838,0.964,7,-2.509,-4.198
217,1.1218678951,0.956,7,-2.544,-4.286
218,1.1218699217,0.94,7,-2.568,-4.363
