,Mini,Mass,label,Vmag,Imag
0,0.0900000036,0.09,1,15.438,12.169
1,0.0915734097,0.092,1,15.19,12.058
2,0.1000000015,0.1,1,14.029,11.49
3,0.1200000048,0.12,1,12.874,10.765
4,0.1400000006,0.14,1,12.252,10.306
5,0.1599999964,0.16,1,11.812,9.96
6,0.1733306795,0.173,1,11.58,9.769
7,0.2000000179,0.2,1,11.173,9.424
8,0.25,0.25,1,10.578,8.905
9,0.3000000417,0.3,1,10.065,8.487
10,0.349999994,0.35,1,9.652,8.134
11,0.3748356402,0.375,1,9.436,7.954
12,0.400000006,0.4,1,9.232,7.783
13,0.4372338653,0.437,1,8.841,7.472
14,0.4500000179,0.45,1,8.714,7.371
15,0.4709435701,0.471,1,8.448,7.171
16,0.5,0.5,1,8.097,6.909
17,0.5500000715,0.55,1,7.479,6.439
18,0.6000000238,0.6,1,6.937,6.008
19,0.6162097454,0.616,1,6.768,5.873
20,0.6499999762,0.65,1,6.436,5.607
21,0.6755700707,0.676,1,6.2,5.416
22,0.6999999881,0.7,1,5.986,5.242
23,0.7138560414,0.714,1,5.869,5.146
24,0.7428593636,0.743,1,5.629,4.949
25,0.75,0.75,1,5.571,4.901
26,0.7753745317,0.775,1,5.37,4.728
27,0.8000000119,0.8,1,5.176,4.561
28,0.803779006,0.804,1,5.147,4.536
29,0.8357141614,0.835,1,4.897,4.321
30,0.8500000238,0.85,1,4.785,4.224
31,0.866695106,0.866,1,4.656,4.113
32,0.8937947154,0.893,1,4.445,3.931
33,0.8999999762,0.899,1,4.396,3.888
34,0.9168378115,0.916,1,4.263,3.775
35,0.9379732013,0.937,1,4.093,3.63
36,0.9500000477,0.95,1,3.994,3.545
37,0.9555511475,0.955,1,3.948,3.508
38,0.972134769,0.972,1,3.808,3.391
39,0.9878399372,0.988,1,3.672,3.279
40,1.0,1.0,1,3.564,3.189
41,1.0082570314,1.008,1,3.491,3.13
42,1.0212807655,1.021,1,3.372,3.035
43,1.0343197584,1.034,1,3.251,2.937
44,1.0457441807,1.045,1,3.141,2.847
45,1.0499999523,1.05,1,3.097,2.81
46,1.0540953875,1.054,1,3.056,2.775
47,1.0636696815,1.063,1,2.958,2.689
48,1.0649454594,1.064,1,2.945,2.678
49,1.0730594397,1.072,1,2.841,2.586
50,1.0749629736,1.074,1,2.812,2.562
51,1.0779827833,1.077,2,2.776,2.528
52,1.0843551159,1.084,2,2.701,2.456
53,1.0911911726,1.09,2,2.615,2.37
54,1.098552227,1.098,2,2.514,2.264
55,1.1000000238,1.099,2,2.492,2.236
56,1.1062511206,1.106,2,2.394,2.11
57,1.1111661196,1.11,2,2.311,1.979
58,1.1138305664,1.113,2,2.265,1.89
59,1.1157053709,1.115,2,2.236,1.817
60,1.1170130968,1.116,2,2.218,1.761
61,1.118270278,1.118,2,2.205,1.706
62,1.1192675829,1.119,2,2.199,1.662
63,1.1201441288,1.119,2,2.199,1.629
64,1.1210105419,1.12,2,2.206,1.6
65,1.1218327284,1.121,2,2.217,1.58
66,1.1226422787,1.122,2,2.234,1.565
67,1.1234580278,1.123,2,2.252,1.555
68,1.1242806911,1.124,2,2.264,1.544
69,1.1254682541,1.125,2,2.252,1.502
70,1.1259850264,1.125,2,2.233,1.474
71,1.1265743971,1.126,3,2.192,1.425
72,1.1277390718,1.127,3,2.095,1.315
73,1.1287010908,1.128,3,2.001,1.213
74,1.1296135187,1.129,3,1.904,1.109
75,1.1304979324,1.13,3,1.803,1.001
76,1.1313282251,1.131,3,1.701,0.893
77,1.1321647167,1.131,3,1.591,0.778
78,1.132925272,1.132,3,1.485,0.666
79,1.1336276531,1.133,3,1.38,0.555
80,1.1342638731,1.134,3,1.278,0.447
81,1.1348674297,1.134,3,1.174,0.337
82,1.1354583502,1.135,3,1.066,0.222
83,1.1359620094,1.135,3,0.966,0.116
84,1.1364440918,1.136,3,0.864,0.007
85,1.1368988752,1.136,3,0.76,-0.103
86,1.1373140812,1.137,3,0.658,-0.212
87,1.1377010345,1.137,3,0.557,-0.321
88,1.1380581856,1.137,3,0.456,-0.429
89,1.1383835077,1.138,3,0.357,-0.535
90,1.1386940479,1.138,3,0.258,-0.643
91,1.1389780045,1.138,3,0.161,-0.748
92,1.1392447948,1.139,3,0.064,-0.853
93,1.1394902468,1.139,3,-0.031,-0.956
94,1.1397246122,1.139,3,-0.125,-1.06
95,1.1399424076,1.139,3,-0.211,-1.154
96,1.1401913166,1.139,3,-0.293,-1.244
97,1.1403101683,1.14,3,-0.323,-1.277
98,1.1404550076,1.14,3,-0.282,-1.23
99,1.140583992,1.14,3,-0.193,-1.131
100,1.1405931711,1.14,3,-0.188,-1.125
101,1.1407657862,1.14,3,-0.278,-1.225
102,1.1409518719,1.14,3,-0.377,-1.333
103,1.1411241293,1.14,3,-0.471,-1.438
104,1.1412835121,1.141,3,-0.563,-1.54
105,1.1414337158,1.141,3,-0.656,-1.643
106,1.1415719986,1.141,3,-0.746,-1.744
107,1.1417031288,1.141,3,-0.837,-1.847
108,1.141823411,1.141,3,-0.925,-1.946
109,1.1419355869,1.141,3,-1.012,-2.045
110,1.1420381069,1.141,3,-1.097,-2.141
111,1.1421356201,1.141,3,-1.182,-2.239
112,1.1422251463,1.141,3,-1.265,-2.334
113,1.1423078775,1.142,3,-1.347,-2.429
114,1.1423869133,1.142,3,-1.428,-2.524
115,1.1424585581,1.142,3,-1.506,-2.616
116,1.1425273418,1.142,3,-1.585,-2.71
117,1.1426041126,1.142,3,-1.678,-2.822
118,1.1426625252,1.142,3,-1.753,-2.913
119,1.1427297592,1.142,3,-1.843,-3.024
120,1.1427903175,1.142,3,-1.926,-3.129
121,1.1428472996,1.142,3,-2.011,-3.236
122,1.1428904533,1.142,3,-2.079,-3.323
123,1.1429389715,1.142,3,-2.158,-3.426
124,1.1429846287,1.142,3,-2.232,-3.527
125,1.1430271864,1.142,3,-2.304,-3.627
126,1.1430667639,1.142,3,-2.376,-3.727
127,1.1431028843,1.142,3,-2.442,-3.823
128,1.143137455,1.142,3,-2.507,-3.918
129,1.1431703568,1.142,3,-2.569,-4.011
130,1.1431968212,1.143,3,-2.617,-4.083
131,1.1431968212,1.142,4,0.237,-0.557
132,1.143437624,1.143,4,0.212,-0.587
133,1.1436775923,1.143,4,0.201,-0.599
134,1.1439211369,1.143,4,0.192,-0.609
135,1.1441661119,1.143,4,0.183,-0.617
136,1.1444135904,1.143,4,0.175,-0.623
137,1.144651413,1.144,4,0.168,-0.629
138,1.1448928118,1.144,4,0.161,-0.635
139,1.1451355219,1.144,4,0.153,-0.64
140,1.145385623,1.144,4,0.146,-0.646
141,1.1456134319,1.145,4,0.138,-0.651
142,1.1458594799,1.145,4,0.131,-0.657
143,1.146104455,1.145,4,0.123,-0.663
144,1.1463483572,1.145,4,0.116,-0.669
145,1.1465841532,1.146,4,0.109,-0.675
146,1.1466388702,1.146,4,0.107,-0.676
147,1.1466863155,1.146,4,0.106,-0.677
148,1.1469243765,1.146,4,0.099,-0.683
149,1.1471514702,1.146,4,0.093,-0.689
150,1.1473959684,1.146,4,0.086,-0.694
151,1.1476217508,1.147,4,0.079,-0.7
152,1.1478499174,1.147,4,0.073,-0.706
153,1.1480792761,1.147,4,0.066,-0.712
154,1.1483076811,1.147,4,0.06,-0.719
155,1.148327589,1.147,4,0.06,-0.719
156,1.1484485865,1.148,4,0.056,-0.723
157,1.1486762762,1.148,4,0.049,-0.73
158,1.1488984823,1.148,4,0.043,-0.738
159,1.1491152048,1.148,4,0.036,-0.746
160,1.1493382454,1.148,4,0.028,-0.755
161,1.149559617,1.149,4,0.021,-0.765
162,1.1497772932,1.149,4,0.013,-0.775
163,1.149995923,1.149,4,0.003,-0.788
164,1.1502170563,1.149,4,-0.007,-0.801
165,1.1504354477,1.15,4,-0.018,-0.815
166,1.1506559849,1.15,4,-0.024,-0.825
167,1.150883317,1.15,4,-0.051,-0.863
168,1.1511051655,1.15,4,-0.114,-0.946
169,1.1512037516,1.15,4,-0.188,-1.04
170,1.1512374878,1.15,4,-0.263,-1.13
171,1.1512502432,1.15,4,-0.333,-1.215
172,1.15125525,1.15,7,-0.391,-1.282
173,1.1512567997,1.15,7,-0.42,-1.315
174,1.1512618065,1.15,7,-0.521,-1.432
175,1.1512656212,1.15,7,-0.596,-1.517
176,1.1512695551,1.15,7,-0.654,-1.583
177,1.1512753963,1.15,7,-0.69,-1.624
178,1.1512863636,1.15,7,-0.637,-1.563
179,1.1513077021,1.15,7,-0.584,-1.502
180,1.1514027119,1.149,7,-0.617,-1.541
181,1.1514635086,1.149,7,-0.689,-1.623
182,1.1515301466,1.148,7,-0.787,-1.736
183,1.1515932083,1.147,7,-0.896,-1.862
184,1.1516500711,1.146,7,-0.999,-1.98
185,1.1517006159,1.145,7,-1.095,-2.09
186,1.1517454386,1.144,7,-1.188,-2.198
187,1.1517847776,1.142,7,-1.278,-2.303
188,1.1518201828,1.14,7,-1.355,-2.405
189,1.1518512964,1.138,7,-1.434,-2.507
190,1.1518797874,1.136,7,-1.52,-2.609
191,1.1519063711,1.134,7,-1.604,-2.711
192,1.1519312859,1.131,7,-1.688,-2.812
193,1.1519546509,1.127,7,-1.771,-2.915
194,1.1519759893,1.123,7,-1.853,-3.016
195,1.1519955397,1.118,7,-1.929,-3.112
196,1.1520153284,1.112,7,-2.002,-3.208
197,1.1520348787,1.105,7,-2.074,-3.302
198,1.1520545483,1.096,7,-2.144,-3.397
199,1.1520736217,1.085,7,-2.212,-3.495
200,1.1520903111,1.073,7,-2.281,-3.599
201,1.1521024704,1.061,7,-2.349,-3.701
202,1.1521127224,1.049,7,-2.409,-3.797
203,1.1521217823,1.035,7,-2.465,-3.891
204,1.1521304846,1.017,7,-2.519,-3.987
205,1.152135849,1.004,7,-2.537,-4.025
206,1.1521373987,1.0,7,-2.594,-4.119
207,1.1521375179,1.0,7,-2.592,-4.117
208,1.1521376371,0.999,7,-2.557,-4.062
209,1.1521377563,0.999,7,-2.606,-4.139
210,1.1521378756,0.999,7,-2.612,-4.15
211,1.1521379948,0.999,7,-2.604,-4.137
212,1.1521384716,0.997,7,-2.623,-4.174
213,1.1521389484,0.995,7,-2.649,-4.227
214,1.1521394253,0.993,7,-2.674,-4.278
215,1.1521400213,0.99,7,-2.699,-4.332
216,1.1521412134,0.983,7,-2.723,-4.389
217,1.1521427631,0.972,7,-2.743,-4.444
