,Mini,Mass,label,Vmag,Imag
0,0.0900000036,0.09,1,15.249,12.125
1,0.0928634405,0.093,1,14.807,11.919
2,0.1000000015,0.1,1,13.839,11.425
3,0.1199999973,0.12,1,12.724,10.701
4,0.1400000006,0.14,1,12.123,10.246
5,0.1599999964,0.16,1,11.691,9.9
6,0.2000000179,0.2,1,11.069,9.359
7,0.25,0.25,1,10.428,8.834
8,0.3000000417,0.3,1,9.939,8.423
9,0.3353232741,0.335,1,9.664,8.181
10,0.3499999642,0.35,1,9.558,8.088
11,0.3913977146,0.391,1,9.206,7.793
12,0.400000006,0.4,1,9.138,7.736
13,0.4500000179,0.45,1,8.621,7.325
14,0.5,0.5,1,8.023,6.872
15,0.5500000715,0.55,1,7.435,6.415
16,0.6000000238,0.6,1,6.907,5.991
17,0.6239965558,0.624,1,6.664,5.796
18,0.6499999762,0.65,1,6.416,5.596
19,0.6818253398,0.682,1,6.129,5.363
20,0.6999999285,0.7,1,5.972,5.236
21,0.720345974,0.72,1,5.802,5.096
22,0.7496460676,0.75,1,5.563,4.899
23,0.75,0.75,1,5.561,4.897
24,0.7507593632,0.751,1,5.555,4.892
25,0.7826295495,0.783,1,5.303,4.676
26,0.8000000119,0.8,1,5.167,4.559
27,0.8113465905,0.811,1,5.079,4.483
28,0.843729794,0.843,1,4.828,4.267
29,0.8500000238,0.85,1,4.779,4.225
30,0.8751727939,0.875,1,4.586,4.06
31,0.8999999762,0.899,1,4.394,3.895
32,0.9027429223,0.902,1,4.372,3.877
33,0.9262053967,0.926,1,4.189,3.722
34,0.9476958513,0.947,1,4.017,3.577
35,0.9499999881,0.95,1,3.998,3.561
36,0.9656288624,0.965,1,3.87,3.456
37,0.9825510383,0.983,1,3.728,3.34
38,0.9985801578,0.999,1,3.59,3.228
39,1.0,1.0,1,3.577,3.218
40,1.0054914951,1.006,1,3.53,3.181
41,1.0189496279,1.019,1,3.409,3.087
42,1.0321911573,1.032,1,3.289,2.993
43,1.0454488993,1.045,1,3.166,2.895
44,1.0499999523,1.05,1,3.122,2.86
45,1.0550851822,1.055,1,3.075,2.821
46,1.0622376204,1.062,1,3.004,2.762
47,1.0716872215,1.071,1,2.91,2.682
48,1.07294631,1.072,1,2.898,2.671
49,1.080904007,1.08,1,2.8,2.588
50,1.082854867,1.082,1,2.775,2.567
51,1.0861268044,1.085,2,2.739,2.534
52,1.0930001736,1.092,2,2.661,2.464
53,1.1000000238,1.099,2,2.576,2.383
54,1.1005411148,1.1,2,2.57,2.376
55,1.111798048,1.111,2,2.41,2.203
56,1.1192485094,1.119,2,2.284,2.043
57,1.1236610413,1.123,2,2.204,1.915
58,1.1260722876,1.125,2,2.16,1.825
59,1.1277769804,1.127,2,2.131,1.75
60,1.1289701462,1.128,2,2.114,1.691
61,1.130120039,1.129,2,2.101,1.63
62,1.1310344934,1.13,2,2.094,1.581
63,1.1318398714,1.131,2,2.094,1.543
64,1.1326372623,1.132,2,2.097,1.509
65,1.1333953142,1.133,2,2.107,1.485
66,1.1341429949,1.133,2,2.121,1.466
67,1.1348977089,1.134,2,2.138,1.454
68,1.1356600523,1.135,2,2.154,1.446
69,1.1367628574,1.136,2,2.162,1.422
70,1.1372436285,1.137,2,2.15,1.399
71,1.1378349066,1.137,3,2.114,1.354
72,1.139003396,1.138,3,2.021,1.247
73,1.1399686337,1.139,3,1.926,1.143
74,1.1408840418,1.14,3,1.828,1.038
75,1.1417715549,1.141,3,1.726,0.929
76,1.1426048279,1.142,3,1.622,0.82
77,1.1434442997,1.143,3,1.511,0.703
78,1.1442075968,1.143,3,1.404,0.589
79,1.1449126005,1.144,3,1.297,0.477
80,1.1455513239,1.145,3,1.194,0.368
81,1.1461571455,1.145,3,1.089,0.257
82,1.1467503309,1.146,3,0.979,0.14
83,1.1472558975,1.147,3,0.878,0.033
84,1.1477398872,1.147,3,0.775,-0.077
85,1.1481964588,1.147,3,0.67,-0.188
86,1.1486134529,1.148,3,0.567,-0.298
87,1.149001956,1.148,3,0.464,-0.408
88,1.1493605375,1.149,3,0.362,-0.518
89,1.149687171,1.149,3,0.262,-0.625
90,1.1499990225,1.149,3,0.161,-0.734
91,1.1499999762,1.149,3,0.161,-0.734
92,1.1501392126,1.15,3,0.116,-0.782
93,1.1504317522,1.15,3,0.015,-0.891
94,1.150706172,1.15,3,-0.084,-0.999
95,1.1509566307,1.15,3,-0.181,-1.104
96,1.1511977911,1.151,3,-0.278,-1.211
97,1.1514384747,1.151,3,-0.372,-1.313
98,1.1516857147,1.151,3,-0.434,-1.381
99,1.151829958,1.151,3,-0.39,-1.332
100,1.1519584656,1.151,3,-0.303,-1.235
101,1.1519676447,1.151,3,-0.298,-1.23
102,1.1520490646,1.151,3,-0.34,-1.276
103,1.1522351503,1.152,3,-0.437,-1.382
104,1.1524180174,1.152,3,-0.534,-1.489
105,1.1525845528,1.152,3,-0.625,-1.59
106,1.1527417898,1.152,3,-0.717,-1.692
107,1.1528888941,1.152,3,-0.808,-1.793
108,1.1530226469,1.152,3,-0.896,-1.891
109,1.1531498432,1.153,3,-0.985,-1.991
110,1.1532658339,1.153,3,-1.071,-2.088
111,1.1533755064,1.153,3,-1.156,-2.184
112,1.1534764767,1.153,3,-1.238,-2.278
113,1.1535716057,1.153,3,-1.321,-2.373
114,1.1536586285,1.153,3,-1.401,-2.465
115,1.1537401676,1.153,3,-1.481,-2.557
116,1.1538163424,1.153,3,-1.559,-2.648
117,1.1538871527,1.153,3,-1.635,-2.738
118,1.153953433,1.153,3,-1.709,-2.827
119,1.154014945,1.153,3,-1.782,-2.914
120,1.154073596,1.153,3,-1.854,-3.001
121,1.1541391611,1.154,3,-1.941,-3.106
122,1.1541889906,1.154,3,-2.009,-3.19
123,1.1542470455,1.154,3,-2.09,-3.292
124,1.1542994976,1.154,3,-2.167,-3.39
125,1.1543483734,1.154,3,-2.243,-3.487
126,1.1543860435,1.154,3,-2.302,-3.566
127,1.1544283628,1.154,3,-2.371,-3.659
128,1.1544681787,1.154,3,-2.437,-3.751
129,1.1545054913,1.154,3,-2.5,-3.841
130,1.1545405388,1.154,3,-2.563,-3.93
131,1.1545732021,1.154,3,-2.621,-4.013
132,1.1546006203,1.154,3,-2.669,-4.082
133,1.1546006203,1.154,4,0.201,-0.579
134,1.1548581123,1.154,4,0.177,-0.609
135,1.1551147699,1.154,4,0.166,-0.621
136,1.1553752422,1.155,4,0.157,-0.632
137,1.1556372643,1.155,4,0.147,-0.64
138,1.1559019089,1.155,4,0.139,-0.647
139,1.1561564207,1.155,4,0.13,-0.654
140,1.156414628,1.156,4,0.122,-0.66
141,1.1566743851,1.156,4,0.114,-0.666
142,1.1569418907,1.156,4,0.106,-0.672
143,1.1571857929,1.156,4,0.098,-0.678
144,1.1574488878,1.157,4,0.09,-0.684
145,1.1577111483,1.157,4,0.082,-0.691
146,1.1579722166,1.157,4,0.074,-0.697
147,1.1582244635,1.157,4,0.066,-0.703
148,1.1582829952,1.157,4,0.065,-0.704
149,1.1583329439,1.157,4,0.063,-0.705
150,1.1585838795,1.158,4,0.056,-0.711
151,1.1588228941,1.158,4,0.049,-0.717
152,1.1590805054,1.158,4,0.042,-0.723
153,1.1593183279,1.158,4,0.035,-0.729
154,1.1595585346,1.159,4,0.029,-0.735
155,1.1598001719,1.159,4,0.022,-0.742
156,1.160040617,1.159,4,0.015,-0.748
157,1.1600615978,1.159,4,0.015,-0.749
158,1.1601850986,1.159,4,0.011,-0.752
159,1.1604171991,1.16,4,0.005,-0.759
160,1.160643816,1.16,4,-0.002,-0.767
161,1.1608647108,1.16,4,-0.008,-0.775
162,1.1610920429,1.16,4,-0.015,-0.784
163,1.1613177061,1.16,4,-0.023,-0.793
164,1.1615393162,1.161,4,-0.03,-0.803
165,1.1617621183,1.161,4,-0.039,-0.816
166,1.1619873047,1.161,4,-0.049,-0.829
167,1.1622095108,1.161,4,-0.059,-0.843
168,1.1624338627,1.162,4,-0.07,-0.86
169,1.1626651287,1.162,4,-0.093,-0.893
170,1.1628907919,1.162,4,-0.149,-0.971
171,1.1629911661,1.162,4,-0.219,-1.06
172,1.1630253792,1.162,4,-0.286,-1.142
173,1.1630382538,1.162,4,-0.347,-1.215
174,1.1630433798,1.162,4,-0.394,-1.271
175,1.163043499,1.162,7,-0.395,-1.272
176,1.1630451679,1.162,7,-0.423,-1.304
177,1.1630504131,1.162,7,-0.524,-1.42
178,1.1630545855,1.162,7,-0.61,-1.518
179,1.1630587578,1.162,7,-0.689,-1.608
180,1.1630649567,1.162,7,-0.765,-1.693
181,1.1630766392,1.162,7,-0.697,-1.615
182,1.1630994081,1.162,7,-0.618,-1.526
183,1.1632008553,1.161,7,-0.658,-1.572
184,1.1632658243,1.161,7,-0.74,-1.666
185,1.1633371115,1.16,7,-0.835,-1.774
186,1.1634044647,1.159,7,-0.936,-1.889
187,1.1634652615,1.158,7,-1.032,-1.998
188,1.1635190248,1.157,7,-1.126,-2.105
189,1.163566947,1.155,7,-1.218,-2.212
190,1.1636091471,1.154,7,-1.31,-2.317
191,1.1636468172,1.152,7,-1.386,-2.422
192,1.1636800766,1.15,7,-1.472,-2.525
193,1.1637105942,1.148,7,-1.559,-2.628
194,1.1637388468,1.146,7,-1.646,-2.731
195,1.1637655497,1.143,7,-1.731,-2.833
196,1.1637904644,1.139,7,-1.816,-2.936
197,1.1638132334,1.135,7,-1.899,-3.039
198,1.1638342142,1.13,7,-1.979,-3.138
199,1.1638553143,1.124,7,-2.058,-3.238
200,1.1638762951,1.117,7,-2.133,-3.334
201,1.1638972759,1.107,7,-2.205,-3.43
202,1.1639175415,1.096,7,-2.276,-3.53
203,1.1639354229,1.084,7,-2.349,-3.636
204,1.1639484167,1.072,7,-2.416,-3.737
205,1.1639595032,1.059,7,-2.477,-3.831
206,1.1639690399,1.045,7,-2.537,-3.927
207,1.1639783382,1.027,7,-2.592,-4.021
208,1.1639840603,1.014,7,-2.612,-4.061
209,1.1639857292,1.01,7,-2.646,-4.119
210,1.1639859676,1.009,7,-2.609,-4.06
211,1.1639860868,1.009,7,-2.545,-3.96
212,1.1639862061,1.009,7,-2.657,-4.136
213,1.1639863253,1.008,7,-2.635,-4.102
214,1.1639868021,1.007,7,-2.664,-4.15
215,1.1639873981,1.005,7,-2.704,-4.216
216,1.163987875,1.003,7,-2.734,-4.274
217,1.1639887094,1.0,7,-2.766,-4.338
218,1.1639897823,0.994,7,-2.794,-4.402
219,1.1639915705,0.983,7,-2.82,-4.465
220,1.1639921665,0.978,7,-2.822,-4.477
