,Mini,Mass,label,Vmag,Imag
0,0.0900000036,0.09,1,15.209,12.118
1,0.0942034572,0.094,1,14.569,11.814
2,0.1000000015,0.1,1,13.792,11.409
3,0.1030375361,0.103,1,13.604,11.291
4,0.1199999899,0.12,1,12.689,10.685
5,0.1400000006,0.14,1,12.091,10.23
6,0.1599999964,0.16,1,11.659,9.884
7,0.2000000179,0.2,1,11.042,9.342
8,0.2126282007,0.213,1,10.865,9.198
9,0.25,0.25,1,10.389,8.816
10,0.3000000417,0.3,1,9.912,8.409
11,0.328450799,0.328,1,9.69,8.213
12,0.3499999642,0.35,1,9.534,8.076
13,0.3550206125,0.355,1,9.489,8.038
14,0.400000006,0.4,1,9.114,7.724
15,0.4500000179,0.45,1,8.597,7.314
16,0.5,0.5,1,8.006,6.864
17,0.5500000715,0.55,1,7.426,6.412
18,0.6000000238,0.6,1,6.903,5.99
19,0.6323717833,0.632,1,6.58,5.73
20,0.6499999166,0.65,1,6.416,5.597
21,0.6557015777,0.656,1,6.363,5.554
22,0.6900666356,0.69,1,6.059,5.308
23,0.6999999285,0.7,1,5.975,5.239
24,0.7287969589,0.729,1,5.736,5.044
25,0.75,0.75,1,5.565,4.903
26,0.7596831918,0.76,1,5.489,4.837
27,0.7919675708,0.792,1,5.237,4.621
28,0.8000000119,0.8,1,5.175,4.568
29,0.820994556,0.821,1,5.014,4.429
30,0.8500000238,0.85,1,4.791,4.238
31,0.8545240164,0.854,1,4.756,4.209
32,0.8856688142,0.885,1,4.52,4.007
33,0.8999999762,0.899,1,4.411,3.913
34,0.9136835933,0.913,1,4.307,3.825
35,0.9374744892,0.937,1,4.122,3.67
36,0.9499999881,0.95,1,4.023,3.587
37,0.9576020241,0.957,1,3.964,3.539
38,0.9775234461,0.977,1,3.804,3.408
39,0.9946992397,0.995,1,3.662,3.293
40,1.0,1.0,1,3.617,3.257
41,1.0034906864,1.004,1,3.588,3.235
42,1.0174689293,1.017,1,3.468,3.142
43,1.0311090946,1.031,1,3.348,3.05
44,1.0445301533,1.044,1,3.228,2.957
45,1.0499999523,1.05,1,3.178,2.918
46,1.0556925535,1.055,1,3.129,2.878
47,1.0640819073,1.064,1,3.053,2.817
48,1.0712541342,1.071,1,2.987,2.762
49,1.0807294846,1.08,1,2.899,2.688
50,1.0819919109,1.081,1,2.887,2.678
51,1.0903298855,1.09,1,2.789,2.598
52,1.092397213,1.092,1,2.767,2.58
53,1.0959831476,1.095,2,2.731,2.549
54,1.0999999046,1.099,2,2.689,2.511
55,1.1064711809,1.106,2,2.615,2.442
56,1.1186059713,1.118,2,2.462,2.289
57,1.1286834478,1.128,2,2.311,2.122
58,1.1354011297,1.135,2,2.195,1.968
59,1.1393982172,1.139,2,2.12,1.842
60,1.1415883303,1.141,2,2.079,1.752
61,1.1431392431,1.142,2,2.054,1.675
62,1.1442260742,1.143,2,2.041,1.615
63,1.1452745199,1.145,2,2.031,1.555
64,1.1461089849,1.145,2,2.027,1.508
65,1.1468443871,1.146,2,2.03,1.473
66,1.1475729942,1.147,2,2.033,1.441
67,1.148266077,1.148,2,2.047,1.423
68,1.1489502192,1.148,2,2.064,1.408
69,1.149641037,1.149,2,2.079,1.397
70,1.1499998569,1.149,2,2.086,1.393
71,1.1514914036,1.151,2,2.117,1.378
72,1.151864171,1.151,2,2.11,1.363
73,1.1526774168,1.152,3,2.068,1.309
74,1.1539030075,1.153,3,1.976,1.203
75,1.1551761627,1.155,3,1.858,1.074
76,1.1562281847,1.156,3,1.748,0.957
77,1.1570997238,1.156,3,1.652,0.854
78,1.1580059528,1.157,3,1.544,0.741
79,1.1589051485,1.158,3,1.43,0.621
80,1.1596769094,1.159,3,1.326,0.511
81,1.1604318619,1.16,3,1.217,0.396
82,1.1610838175,1.16,3,1.116,0.289
83,1.1617418528,1.161,3,1.006,0.173
84,1.1623345613,1.162,3,0.9,0.061
85,1.1628702879,1.162,3,0.797,-0.048
86,1.1633861065,1.163,3,0.692,-0.161
87,1.1638506651,1.163,3,0.589,-0.27
88,1.1642862558,1.164,3,0.486,-0.38
89,1.1646841764,1.164,3,0.385,-0.489
90,1.1650534868,1.164,3,0.284,-0.597
91,1.165397644,1.165,3,0.183,-0.705
92,1.1657233238,1.165,3,0.082,-0.814
93,1.1660248041,1.165,3,-0.018,-0.922
94,1.1663076878,1.166,3,-0.117,-1.029
95,1.1665657759,1.166,3,-0.213,-1.134
96,1.1668143272,1.166,3,-0.31,-1.239
97,1.1670624018,1.166,3,-0.4,-1.337
98,1.167317152,1.167,3,-0.465,-1.409
99,1.1674656868,1.167,3,-0.417,-1.356
100,1.1675978899,1.167,3,-0.335,-1.264
101,1.1676074266,1.167,3,-0.329,-1.258
102,1.1676917076,1.167,3,-0.371,-1.304
103,1.1678843498,1.167,3,-0.468,-1.41
104,1.1680736542,1.167,3,-0.566,-1.517
105,1.1682460308,1.168,3,-0.657,-1.619
106,1.1684089899,1.168,3,-0.749,-1.72
107,1.1685612202,1.168,3,-0.839,-1.821
108,1.1686997414,1.168,3,-0.927,-1.918
109,1.1688313484,1.168,3,-1.015,-2.017
110,1.1689513922,1.168,3,-1.101,-2.114
111,1.1690648794,1.168,3,-1.186,-2.21
112,1.169169426,1.169,3,-1.268,-2.303
113,1.1692678928,1.169,3,-1.351,-2.397
114,1.1693580151,1.169,3,-1.43,-2.488
115,1.1694424152,1.169,3,-1.509,-2.58
116,1.1695212126,1.169,3,-1.587,-2.67
117,1.1695945263,1.169,3,-1.663,-2.76
118,1.1696631908,1.169,3,-1.737,-2.848
119,1.1697268486,1.169,3,-1.808,-2.934
120,1.1697875261,1.169,3,-1.88,-3.02
121,1.1698553562,1.169,3,-1.965,-3.123
122,1.1699069738,1.169,3,-2.033,-3.206
123,1.1699670553,1.169,3,-2.116,-3.308
124,1.1700212955,1.169,3,-2.191,-3.404
125,1.1700719595,1.169,3,-2.266,-3.5
126,1.1701108217,1.17,3,-2.324,-3.577
127,1.1701546907,1.17,3,-2.393,-3.669
128,1.1701958179,1.17,3,-2.459,-3.759
129,1.170234561,1.17,3,-2.521,-3.847
130,1.1702709198,1.17,3,-2.582,-3.933
131,1.170304656,1.17,3,-2.639,-4.014
132,1.1703330278,1.17,3,-2.686,-4.082
133,1.1703330278,1.17,4,0.182,-0.593
134,1.1706088781,1.17,4,0.158,-0.623
135,1.1708837748,1.17,4,0.148,-0.636
136,1.1711627245,1.17,4,0.138,-0.646
137,1.1714433432,1.171,4,0.128,-0.655
138,1.1717268229,1.171,4,0.119,-0.663
139,1.1719993353,1.171,4,0.11,-0.67
140,1.1722760201,1.171,4,0.102,-0.676
141,1.1725541353,1.172,4,0.093,-0.683
142,1.1728407145,1.172,4,0.084,-0.69
143,1.173101902,1.172,4,0.076,-0.696
144,1.1733837128,1.173,4,0.067,-0.703
145,1.1736645699,1.173,4,0.059,-0.71
146,1.1739442348,1.173,4,0.05,-0.716
147,1.1742143631,1.173,4,0.042,-0.723
148,1.1742770672,1.173,4,0.041,-0.724
149,1.1743298769,1.174,4,0.039,-0.725
150,1.1745946407,1.174,4,0.031,-0.732
151,1.1748470068,1.174,4,0.024,-0.737
152,1.175118804,1.174,4,0.017,-0.744
153,1.1753698587,1.175,4,0.01,-0.75
154,1.1756232977,1.175,4,0.003,-0.756
155,1.1758782864,1.175,4,-0.004,-0.763
156,1.1761320829,1.175,4,-0.01,-0.769
157,1.1761542559,1.175,4,-0.011,-0.77
158,1.1762826443,1.175,4,-0.014,-0.773
159,1.1765240431,1.176,4,-0.021,-0.78
160,1.1767597198,1.176,4,-0.027,-0.788
161,1.1769894361,1.176,4,-0.034,-0.795
162,1.177225709,1.176,4,-0.041,-0.804
163,1.1774603128,1.177,4,-0.048,-0.814
164,1.1776906252,1.177,4,-0.055,-0.824
165,1.1779221296,1.177,4,-0.064,-0.836
166,1.1781561375,1.177,4,-0.073,-0.849
167,1.1783871651,1.178,4,-0.083,-0.864
168,1.1786202192,1.178,4,-0.095,-0.882
169,1.1788605452,1.178,4,-0.115,-0.912
170,1.1790950298,1.178,4,-0.169,-0.987
171,1.1791992188,1.178,4,-0.235,-1.073
172,1.1792347431,1.178,4,-0.299,-1.152
173,1.1792482138,1.178,4,-0.354,-1.218
174,1.179253459,1.178,4,-0.401,-1.273
175,1.1792535782,1.178,7,-0.402,-1.274
176,1.1792553663,1.178,7,-0.428,-1.305
177,1.17926085,1.178,7,-0.53,-1.421
178,1.1792653799,1.178,7,-0.619,-1.521
179,1.1792697906,1.178,7,-0.703,-1.617
180,1.1792763472,1.178,7,-0.793,-1.719
181,1.1792888641,1.178,7,-0.721,-1.637
182,1.1793130636,1.178,7,-0.634,-1.538
183,1.179420948,1.177,7,-0.677,-1.588
184,1.1794900894,1.177,7,-0.761,-1.684
185,1.1795657873,1.176,7,-0.855,-1.79
186,1.1796374321,1.175,7,-0.951,-1.9
187,1.1797021627,1.174,7,-1.047,-2.009
188,1.1797593832,1.173,7,-1.141,-2.115
189,1.1798102856,1.172,7,-1.233,-2.221
190,1.1798552275,1.171,7,-1.325,-2.326
191,1.1798952818,1.169,7,-1.401,-2.433
192,1.1799305677,1.167,7,-1.49,-2.536
193,1.1799631119,1.165,7,-1.578,-2.64
194,1.1799932718,1.162,7,-1.665,-2.743
195,1.1800215244,1.159,7,-1.752,-2.847
196,1.1800479889,1.156,7,-1.838,-2.95
197,1.1800723076,1.152,7,-1.922,-3.054
198,1.1800945997,1.147,7,-2.002,-3.153
199,1.1801170111,1.141,7,-2.082,-3.254
200,1.1801393032,1.134,7,-2.16,-3.353
201,1.1801615953,1.125,7,-2.233,-3.45
202,1.1801832914,1.114,7,-2.305,-3.55
203,1.1802022457,1.101,7,-2.379,-3.657
204,1.180216074,1.09,7,-2.448,-3.758
205,1.1802277565,1.077,7,-2.509,-3.853
206,1.1802380085,1.064,7,-2.569,-3.949
207,1.1802479029,1.046,7,-2.624,-4.042
208,1.1802539825,1.034,7,-2.643,-4.078
209,1.1802557707,1.03,7,-2.676,-4.134
210,1.1802558899,1.029,7,-2.673,-4.129
211,1.1802560091,1.029,7,-2.665,-4.116
212,1.1802561283,1.029,7,-2.62,-4.046
213,1.1802562475,1.028,7,-2.702,-4.176
214,1.1802563667,1.028,7,-2.691,-4.159
215,1.1802569628,1.026,7,-2.721,-4.21
216,1.1802574396,1.025,7,-2.755,-4.267
217,1.1802580357,1.023,7,-2.784,-4.323
218,1.1802588701,1.02,7,-2.814,-4.382
219,1.1802600622,1.014,7,-2.838,-4.439
220,1.1802618504,1.003,7,-2.861,-4.497
221,1.1802625656,0.998,7,-2.863,-4.507
