,Mini,Mass,label,Vmag,Imag
0,0.0900000036,0.09,1,15.982,12.359
1,0.0910024196,0.091,1,15.818,12.27
2,0.1000000089,0.1,1,14.539,11.658
3,0.1199999973,0.12,1,13.256,10.922
4,0.1400000006,0.14,1,12.573,10.45
5,0.1599999964,0.16,1,12.103,10.096
6,0.1875838786,0.188,1,11.62,9.713
7,0.2000000179,0.2,1,11.43,9.559
8,0.25,0.25,1,10.829,9.053
9,0.3000000417,0.3,1,10.369,8.643
10,0.349999994,0.35,1,9.946,8.268
11,0.4000000358,0.4,1,9.438,7.887
12,0.4500000477,0.45,1,8.917,7.469
13,0.5,0.5,1,8.296,7.006
14,0.5500000715,0.55,1,7.625,6.518
15,0.6000000238,0.6,1,7.045,6.073
16,0.6238837838,0.624,1,6.787,5.871
17,0.6499999762,0.65,1,6.522,5.661
18,0.661260426,0.661,1,6.412,5.573
19,0.693842113,0.694,1,6.112,5.332
20,0.6999999881,0.7,1,6.058,5.289
21,0.7271296978,0.727,1,5.827,5.101
22,0.75,0.75,1,5.639,4.947
23,0.7798863053,0.78,1,5.403,4.746
24,0.8000000715,0.8,1,5.247,4.611
25,0.8122296929,0.812,1,5.152,4.53
26,0.844179213,0.844,1,4.907,4.316
27,0.8500000238,0.85,1,4.862,4.277
28,0.875030756,0.875,1,4.672,4.112
29,0.8999999762,0.899,1,4.481,3.945
30,0.9020220637,0.901,1,4.465,3.932
31,0.9248837233,0.924,1,4.289,3.779
32,0.9458173513,0.945,1,4.124,3.636
33,0.9500000477,0.95,1,4.09,3.607
34,0.9596686363,0.959,1,4.014,3.541
35,0.9797608256,0.98,1,3.85,3.401
36,0.9978350997,0.998,1,3.699,3.272
37,1.0,1.0,1,3.681,3.256
38,1.0007200241,1.001,1,3.675,3.251
39,1.0188826323,1.019,1,3.52,3.122
40,1.035498023,1.035,1,3.377,3.001
41,1.0494580269,1.049,1,3.252,2.894
42,1.0499999523,1.05,1,3.247,2.89
43,1.0521683693,1.052,1,3.228,2.874
44,1.0620909929,1.062,1,3.136,2.793
45,1.0702112913,1.07,1,3.06,2.725
46,1.0723675489,1.072,1,3.04,2.707
47,1.0754820108,1.075,1,3.005,2.675
48,1.0803766251,1.08,1,2.949,2.623
49,1.0850211382,1.084,1,2.891,2.571
50,1.0880465508,1.087,1,2.846,2.529
51,1.0925241709,1.092,2,2.794,2.478
52,1.1000000238,1.099,2,2.71,2.391
53,1.1005957127,1.1,2,2.703,2.384
54,1.1120686531,1.111,2,2.555,2.216
55,1.1189613342,1.118,2,2.456,2.084
56,1.1235454082,1.123,2,2.39,1.971
57,1.1261150837,1.125,2,2.356,1.896
58,1.128053546,1.127,2,2.335,1.835
59,1.1294964552,1.129,2,2.325,1.79
60,1.1310207844,1.13,2,2.325,1.748
61,1.1323137283,1.132,2,2.333,1.718
62,1.133412838,1.133,2,2.356,1.707
63,1.1343971491,1.134,2,2.382,1.704
64,1.1353080273,1.135,2,2.409,1.704
65,1.1361944675,1.135,2,2.41,1.685
66,1.1372894049,1.137,2,2.403,1.656
67,1.1385493279,1.138,2,2.38,1.609
68,1.1387015581,1.138,2,2.376,1.603
69,1.1389070749,1.138,3,2.363,1.587
70,1.1403387785,1.14,3,2.26,1.47
71,1.1415281296,1.141,3,2.16,1.362
72,1.1426382065,1.142,3,2.058,1.252
73,1.1437554359,1.143,3,1.945,1.132
74,1.1447796822,1.144,3,1.834,1.014
75,1.1456558704,1.145,3,1.732,0.907
76,1.1465768814,1.146,3,1.617,0.785
77,1.1473720074,1.147,3,1.51,0.672
78,1.1481214762,1.147,3,1.402,0.557
79,1.1487897635,1.148,3,1.297,0.446
80,1.1494386196,1.149,3,1.188,0.329
81,1.1499999762,1.149,3,1.085,0.22
82,1.1500550508,1.149,3,1.075,0.21
83,1.1506378651,1.15,3,0.967,0.093
84,1.1511651278,1.151,3,0.86,-0.021
85,1.151658535,1.151,3,0.753,-0.136
86,1.1520992517,1.151,3,0.65,-0.247
87,1.1525124311,1.152,3,0.546,-0.36
88,1.1528955698,1.152,3,0.443,-0.472
89,1.1532598734,1.153,3,0.338,-0.586
90,1.1535887718,1.153,3,0.237,-0.697
91,1.153906703,1.153,3,0.134,-0.81
92,1.1542162895,1.154,3,0.034,-0.92
93,1.1545763016,1.154,3,-0.059,-1.023
94,1.1547108889,1.154,3,-0.085,-1.051
95,1.1548058987,1.154,3,-0.068,-1.033
96,1.1549936533,1.154,3,0.008,-0.947
97,1.1550734043,1.154,3,0.049,-0.9
98,1.1551107168,1.154,3,0.033,-0.918
99,1.155338645,1.155,3,-0.062,-1.023
100,1.1555683613,1.155,3,-0.159,-1.13
101,1.1557797194,1.155,3,-0.252,-1.234
102,1.155977726,1.155,3,-0.346,-1.338
103,1.1561616659,1.156,3,-0.438,-1.442
104,1.1563344002,1.156,3,-0.53,-1.545
105,1.1564906836,1.156,3,-0.618,-1.645
106,1.1566375494,1.156,3,-0.706,-1.746
107,1.1567699909,1.156,3,-0.792,-1.843
108,1.1568940878,1.156,3,-0.877,-1.94
109,1.1570088863,1.156,3,-0.96,-2.036
110,1.157115221,1.156,3,-1.041,-2.13
111,1.1572155952,1.157,3,-1.122,-2.225
112,1.1573065519,1.157,3,-1.2,-2.317
113,1.1573935747,1.157,3,-1.279,-2.41
114,1.1574726105,1.157,3,-1.355,-2.5
115,1.1575484276,1.157,3,-1.429,-2.591
116,1.1576169729,1.157,3,-1.498,-2.676
117,1.1576818228,1.157,3,-1.568,-2.763
118,1.1577429771,1.157,3,-1.637,-2.851
119,1.1578128338,1.157,3,-1.72,-2.956
120,1.1578658819,1.157,3,-1.786,-3.04
121,1.1579267979,1.157,3,-1.864,-3.143
122,1.1579824686,1.157,3,-1.941,-3.243
123,1.1580343246,1.157,3,-2.015,-3.343
124,1.1580737829,1.157,3,-2.072,-3.422
125,1.1581183672,1.157,3,-2.136,-3.516
126,1.158159852,1.158,3,-2.2,-3.609
127,1.1581923962,1.158,3,-2.252,-3.686
128,1.1582299471,1.158,3,-2.313,-3.778
129,1.1582642794,1.158,3,-2.371,-3.867
130,1.1582970619,1.158,3,-2.427,-3.956
131,1.1583279371,1.158,3,-2.479,-4.038
132,1.1583442688,1.158,3,-2.506,-4.081
133,1.1583442688,1.158,4,0.299,-0.525
134,1.158603549,1.158,4,0.274,-0.556
135,1.1588344574,1.158,4,0.263,-0.567
136,1.1590662003,1.158,4,0.255,-0.576
137,1.1593043804,1.159,4,0.248,-0.583
138,1.1595407724,1.159,4,0.242,-0.587
139,1.1597775221,1.159,4,0.237,-0.592
140,1.1600338221,1.159,4,0.231,-0.596
141,1.1602685452,1.16,4,0.226,-0.6
142,1.1605165005,1.16,4,0.22,-0.604
143,1.1607624292,1.16,4,0.214,-0.609
144,1.161002636,1.16,4,0.208,-0.613
145,1.1612485647,1.161,4,0.202,-0.618
146,1.1614842415,1.161,4,0.197,-0.623
147,1.1617347002,1.161,4,0.191,-0.628
148,1.1619842052,1.161,4,0.185,-0.633
149,1.162068367,1.161,4,0.183,-0.634
150,1.1622854471,1.162,4,0.177,-0.639
151,1.1625328064,1.162,4,0.171,-0.644
152,1.1628024578,1.162,4,0.165,-0.65
153,1.1630663872,1.162,4,0.158,-0.656
154,1.1633226871,1.163,4,0.152,-0.662
155,1.1635876894,1.163,4,0.146,-0.668
156,1.16385746,1.163,4,0.139,-0.675
157,1.1639076471,1.163,4,0.138,-0.676
158,1.1641469002,1.164,4,0.131,-0.683
159,1.1643939018,1.164,4,0.125,-0.69
160,1.164650321,1.164,4,0.118,-0.698
161,1.1648914814,1.164,4,0.11,-0.707
162,1.1651364565,1.165,4,0.102,-0.716
163,1.1653774977,1.165,4,0.094,-0.726
164,1.1656221151,1.165,4,0.084,-0.738
165,1.1658675671,1.165,4,0.074,-0.752
166,1.1661105156,1.166,4,0.061,-0.767
167,1.1663497686,1.166,4,0.055,-0.774
168,1.1665915251,1.166,4,0.038,-0.797
169,1.1668317318,1.166,4,-0.006,-0.853
170,1.1670145988,1.166,4,-0.075,-0.94
171,1.1670922041,1.166,4,-0.15,-1.031
172,1.1671208143,1.167,4,-0.218,-1.114
173,1.1671334505,1.167,4,-0.291,-1.201
174,1.1671401262,1.167,4,-0.362,-1.284
175,1.1671408415,1.166,7,-0.371,-1.295
176,1.1671427488,1.166,7,-0.408,-1.338
177,1.1671471596,1.166,7,-0.491,-1.434
178,1.1671515703,1.166,7,-0.568,-1.523
179,1.1671636105,1.166,7,-0.61,-1.572
180,1.1671856642,1.166,7,-0.555,-1.507
181,1.1673468351,1.165,7,-0.594,-1.553
182,1.1674306393,1.165,7,-0.695,-1.67
183,1.1674818993,1.164,7,-0.774,-1.763
184,1.1675326824,1.163,7,-0.86,-1.863
185,1.1675884724,1.162,7,-0.951,-1.969
186,1.1676391363,1.161,7,-1.038,-2.071
187,1.1676852703,1.16,7,-1.124,-2.173
188,1.1677275896,1.159,7,-1.21,-2.275
189,1.1677656174,1.157,7,-1.287,-2.375
190,1.1678000689,1.156,7,-1.358,-2.475
191,1.1678305864,1.154,7,-1.44,-2.575
192,1.1678587198,1.151,7,-1.521,-2.674
193,1.1678851843,1.149,7,-1.597,-2.77
194,1.1679103374,1.145,7,-1.674,-2.868
195,1.1679335833,1.142,7,-1.75,-2.966
196,1.1679550409,1.137,7,-1.823,-3.06
197,1.1679769754,1.132,7,-1.892,-3.153
198,1.16799891,1.126,7,-1.96,-3.246
199,1.1680209637,1.117,7,-2.026,-3.341
200,1.1680412292,1.108,7,-2.091,-3.438
201,1.1680563688,1.099,7,-2.152,-3.533
202,1.1680665016,1.092,7,-2.203,-3.614
203,1.1680768728,1.083,7,-2.258,-3.703
204,1.1680846214,1.074,7,-2.302,-3.778
205,1.1680926085,1.064,7,-2.349,-3.862
206,1.1681019068,1.048,7,-2.413,-3.981
207,1.1681034565,1.045,7,-2.443,-4.035
208,1.1681041718,1.044,7,-2.453,-4.056
209,1.1681046486,1.042,7,-2.467,-4.087
210,1.1681051254,1.041,7,-2.479,-4.114
211,1.1681057215,1.039,7,-2.492,-4.143
212,1.1681064367,1.038,7,-2.504,-4.172
213,1.168107748,1.033,7,-2.539,-4.254
214,1.168109417,1.025,7,-2.57,-4.331
215,1.1681116819,1.013,7,-2.586,-4.39
