1.039320986125212798e+01
1.979467202969390627e+01
2.688959993576104424e+01
3.287771087218271049e+01
3.758477807948806770e+01
4.114095846549626856e+01
4.431885701450715942e+01
4.753924978577167337e+01
4.995673309484842406e+01
5.232762585039481706e+01
5.417757768164273102e+01
5.631853454180775032e+01
5.840194727864060553e+01
6.025209817495107245e+01
6.156329280854409802e+01
6.276828353149780781e+01
6.390416308875184370e+01
6.448743331698263148e+01
6.536335733028492712e+01
6.557900549640099541e+01
6.609218291824839753e+01
6.645416925803299080e+01
6.731897911058666750e+01
6.815068988519507798e+01
6.940179761672614234e+01
7.039306677272804791e+01
7.137437067953199232e+01
7.251805244268680894e+01
7.326690252160162231e+01
7.380284053451114801e+01
7.438349820292262393e+01
7.498382789858243314e+01
7.541663550839945174e+01
7.607017796655090081e+01
7.654191158278021589e+01
7.697368356167046954e+01
7.711607800468213725e+01
7.759447488311525376e+01
7.824403377431390538e+01
7.883252320012640268e+01
7.909207105575079311e+01
7.924614469214274948e+01
